project_key
seatunnel-0066affacf7deff81cd685387fd5ab81241b8fa5
seatunnel-0179fe2f6581b426a08d2ae0207ea32e5bb6dbe5
seatunnel-018ee0a3db5bc8cf0fa07ab6940e95f253bced4c
seatunnel-01cdc4e33600dc74244d8d2494880b8904939897
seatunnel-0295d0f58d8248902a458db53f976ac33c4336aa
seatunnel-029fa726b4461442d6ae3ca092d86ebaf7580895
seatunnel-02a41902a867586c5380de102127a928226d0c36
seatunnel-02ac35ff73ae5104edb6ad9937ec7ccdf1ce3d3b
seatunnel-02cdb4a4973ee7d2faeb1aa8598f44cb2ab4212c
seatunnel-02d0023e946c4ac01c6aae2da427de2fdce1011c
seatunnel-02ef38eb7adf75e28ffb727296b4db90e78a684d
seatunnel-02ff9608b95d536b4f4d86fa7d851432216fb9ba
seatunnel-031e8e263cd73b5ab4270aab614048aa8e86eb01
seatunnel-032906fdd925c96438fc42cf01604dc5ab866637
seatunnel-033acd2f88f99feeb053275d553f652374b693db
seatunnel-0360e7e5185bd016458a20d3b597b4ccee83dfeb
seatunnel-03f8c53098241f46daa82eabd90a8238957592bc
seatunnel-044f62ef32cd0d195bc4bb6c8492d48d15379ff4
seatunnel-0467ba7372be740dff0c7b64dd125e8afbb25a9d
seatunnel-0483cbc2df2458db24beec61d71b6d62520b4dea
seatunnel-04877366bdf09f25c53a4bebafb23e5a280fd5bf
seatunnel-0491a33edca0a804a9c244cf9c60bb9df5580980
seatunnel-04addef64bbd2567d47acbb7f434245fba7ac8a5
seatunnel-04b49e6d73f81bcb8cbdf911696fcacf67b87209
seatunnel-04b586f2b81648ac9cc88b70a09f979280555606
seatunnel-04e1743d9e9f9675bed5f0813b4c50ab9cba9d15
seatunnel-04f167d08430544a4b87744ac127ffec17c0f565
seatunnel-0526b80de696f08ac55960233bd529994405feda
seatunnel-055ad9d8369947f935fc743def6f8df52550b090
seatunnel-0567e2af27461bed76b1658da290225efcefbafd
seatunnel-05733d73e4201ebc2d22fe6ef473c8f078ad299d
seatunnel-059f9561acf3fd022fcd88147d03b756ca4f18a0
seatunnel-05ccf9d68c1f6c1d9de1d15d8253e70afe82a118
seatunnel-05d105dea3ee53b9d001adbfcf2ec87ea06f8aba
seatunnel-061f9b587212fc5854443eec25113ee8c78c9014
seatunnel-06359ea76a094c586c70d7a060778156e580f8e1
seatunnel-063e21e7edd08ee5e2b98dc321d3f5a7050d7860
seatunnel-0645d111800c1653684b0d3779dc11f891aa05a9
seatunnel-0656b5025d074b3ab41ac3ee319b7032b7036c24
seatunnel-0674f10a5300e9c337b1b979fca710799f10fe6a
seatunnel-06c59a25f3e8d49841fa49aa8ca8b8254e135080
seatunnel-06e6607f85b05b4a46634a85b1237b92d2075c88
seatunnel-06e74eb5bdccad5e1ecbcb07e7096c066efa7802
seatunnel-06e8df11a5dc9a75fcb80d0d530dfe534936c715
seatunnel-06fa850da937b797d5981d42b3f0b533575a5cb5
seatunnel-0713a28b9b607eaea7af6eba3dcefe94216eff5d
seatunnel-071f9aa05531124e87afc2853fc45e530f53fc2f
seatunnel-07435ec7c4beff72073af89573d9114ba5dada24
seatunnel-074cbbedcab7a7e38e499695a1c69f63c3e072e3
seatunnel-07643bc9c08a20b0a9bb6e12f311326e2a7ab129
seatunnel-077a8d27a7ce94cfa3150c233caa8c3d3e7b8a60
seatunnel-07c2a11f1eccd09aabd39529f138be14c55e7a42
seatunnel-07d78c56c559483a3f7637eb02dba764ff9fa4dc
seatunnel-07da889d287566f82a9505b6fa4772950c5aae61
seatunnel-085e77729b7b0ed3be30fb1364f375e640ad6d2b
seatunnel-087f3ae09160c3a1221369ab6baea486456709fe
seatunnel-089382e3a6a4678a04baf94d248e3c9dd705b899
seatunnel-08b6f992aac166e192f6cfceabbc65ca710b06f1
seatunnel-08deae5b6e272f5a5ce9622d4888632f83bb3562
seatunnel-08f8615078cf0a96c8b0241308a066ee10e43e4b
seatunnel-090419de8f1b4d6437a7de001ed899fac78f7fc0
seatunnel-092d8461df91bd7d3011b1ac9af25e2ce63dd624
seatunnel-09300d4bb4fcd024c4280df3f2a157a69fc6dab3
seatunnel-093add27b915670e5dbf7712eae639fe673ea14e
seatunnel-09ddbbda75fd71d516ea5e1a05a43e8e6aeec6a1
seatunnel-0a095625159dd5cf106637ff5d47f1e3615ba867
seatunnel-0a10c40de4daa95ffd411cdcff112d7f0026c1d2
seatunnel-0a3b6f3a803b4b7edff41696c7c724ea9f96281b
seatunnel-0a611da786b8d72bcfbc49f56dd81bdf8d76a837
seatunnel-0b07b20838470432627e9c616114fd7a95bcb745
seatunnel-0b1bdb745b2196a798b3192887e69b24baafdcde
seatunnel-0b5a2852fbd1bec8c0c882f93ac5ebbd6af08c11
seatunnel-0b62512cc453f9d96399c5963e0ab469590585f3
seatunnel-0b73b5fe100a4724f0560c722a163306cef02711
seatunnel-0bc12085c248880ef616eb802400e95ff2982b1b
seatunnel-0be2622cdc60885d5f6a1108573515636a4589e9
seatunnel-0bebef9c8bf5abff5bee0b974d6846effd3d32f7
seatunnel-0bfd6259338720246a47c179409fbca0880f0159
seatunnel-0c0e5f978e54283b20878fc73bef08d299d0fe0f
seatunnel-0c3dccb82be7561651a1fa270ecc4e91f5dfce1e
seatunnel-0c491efe48629f475ae52b489cc24dfc867c01c6
seatunnel-0c5986fbecdbfb61306099af2bb170d7f7bc78d7
seatunnel-0c8ede51a894415ed19d03453ac0d58b9ad1fa63
seatunnel-0cab86e0b013862635d5a7df1f2ef07d0ea99396
seatunnel-0d1078e0bf5d95db9c6e899326d0853839e6b0ca
seatunnel-0d1332806021f796a50b470a39b0081df079fa2c
seatunnel-0d2f6f4d7c02489bf640b22b9c5480a935e40474
seatunnel-0d8d927521bbe573b559c9da692f106b23c02189
seatunnel-0db318bc93858d3a7e74f6633e425d8593df91f2
seatunnel-0dca879c046136efda143643d0577d3d6c5675c2
seatunnel-0df8e836a45fb11afa589fad0c9778d1b00bd5be
seatunnel-0e05db444d3aa7ab71d94bd3015c0ba86035a51b
seatunnel-0e1e9e82279cee472d37ae5a6c865e4426a4f9bf
seatunnel-0e30dc29cb724d8b38e11d9ee60a68f4fef5f975
seatunnel-0e4e2b1230c019c6a11ec927b6cd47af4b1cfa4e
seatunnel-0e69d0292b101364fdabb26ba877231a038db789
seatunnel-0e731052da444451c59893734e68559c415a7924
seatunnel-0e8351d56facf36681ea001594d0855156350ccc
seatunnel-0e85e1c57d1b7645a90661bbf2ebda4fe0a9c83c
seatunnel-0ea325e4cb5f09d7de69b9caf21be49fea112b70
seatunnel-0ecd7906c2791e2f8b9e6e85c126db7d1ea33700
seatunnel-0eff3aeed0b0654284d767d3122ea63d8bd0e7ac
seatunnel-0f0afb58af7ecb04aa7fce9562488685a78f071c
seatunnel-0f0b7e98a5be009ca6baa9cf10903d51952be329
seatunnel-0f2b6b8817a68b124b3b81dd10b1a565faaeb01d
seatunnel-0f45b63cb8ada88f12daa4a8fe131fa192f01c44
seatunnel-0f65db08efcca7aa8d852977ef6ed196f44fb018
seatunnel-0fce8a58786f02c04bbe6d7fdca5539c9a40d1be
seatunnel-0fd8da9c1c414576dc4f9a164e3b862639f23965
seatunnel-0fec8ca4383100ecab2de5e7e7f38bb256520fa3
seatunnel-0ffc40fe8456cc5e5646e708f47567a06b2539b0
seatunnel-10046b0d9090385252a4018d271286a077352b8b
seatunnel-100f65aae7347cdf91784b6724f2efa05bff5879
seatunnel-1058a20053567f35c6e777ecef192d4fd78708b0
seatunnel-1060c978a68c94e7dc48312f5a79b0af6d7ef0c8
seatunnel-10e7b452ae0ba5ae0bb90decc12f04e4b5ae539a
seatunnel-1113cb9c3aac6a40a3e491ca04f34fd07ca65ee1
seatunnel-1118c8317b18d047abce3253a1b47777b595d6a8
seatunnel-111edfc33554d449036adc479a9b6512ed89f938
seatunnel-11395bef929febde00067ba78f7ee761a0944629
seatunnel-1148412b1926b07071875b662a0536fbd7aeb726
seatunnel-11709d0967983f4fe08234ce51d1cda595110007
seatunnel-11b1d1832affd3ef3663a494c9bf7a696af2ac5c
seatunnel-11de68a0b113f1a8adffdb10c0c65764bc4ca4a3
seatunnel-11e94b216fc62a073fe42de9df7cb18f687de855
seatunnel-12200a5c5ca465ae69f099129122df431b869d87
seatunnel-12268a6f4b6fd47f7bb797a13b788cbac33bbce4
seatunnel-12c0fb91d2f195e07abeab48a9e408659d46e485
seatunnel-12d66b42476db54862d0d54854d2a6a87c3c0432
seatunnel-12e1e1b71b1c957761fe8c6f7b359549978f6728
seatunnel-12ebcb4a0d1f2644a635f3972b7f43a3e3d4d155
seatunnel-12fa644c2c86f24bb3b9f202ae68fdf2b5b50e4e
seatunnel-13028f4b1d4d035594b77d6d9aa742b4a911cd0d
seatunnel-131ebb42b6581ff762368b7808e00f03c21793ce
seatunnel-134e0b1aa554aa8856ed81857d00c80c7192325f
seatunnel-1351ee9e292a26b4deda065677c227b998156aae
seatunnel-13643149885db942a28999316136614400bd492a
seatunnel-13846f45d1334c94e185a95c9f7a0d0fe22b47bd
seatunnel-139256741ad0e86d4c097fab50378591bd1ad586
seatunnel-139a0aacd52811902677ffd4ab80be6e13d29108
seatunnel-13baee2765aee5b6f13071fbb7af4f3f34374d4e
seatunnel-13e64d44147acc648c00e6ab5de7def67586ae8d
seatunnel-1400f6b443cf6c1481a3187bd829d27179f6f73d
seatunnel-1401ede5252083f6c517cbc32c86825d445bc59e
seatunnel-14703feb8a320997a704e47d1994b510de9033e5
seatunnel-14d3b92a546fa150f3463550360b3b5f23164b91
seatunnel-14e4d2425d45f08e2e59dbee96aefd2f708b514c
seatunnel-14e6066119b2ad2bdcf2da20efe2eb5048f005ea
seatunnel-14f30f1927279e71fe4762fc675e328f160cb539
seatunnel-15377583d6fc91c833022f455a89485e6a2ded55
seatunnel-15530d2785ff98e8560951f59876104e7d6f321c
seatunnel-155e1e8e52723d0c600f9f3057e2b8929c825204
seatunnel-15636bdea1580196118b942d2d3587e0262d2b8f
seatunnel-159eb8423c99f21f951abe1a37753bafa206c4dc
seatunnel-15e889052a4564bcc2daa6e6ea2dca9b8a4872d0
seatunnel-15f41bff082aaf547b2dceec3718e08c832fe7c8
seatunnel-1636afad078d012342ad5ed729356cf27d58ebd2
seatunnel-1648132615f534f7534d868c6e818cdb88404055
seatunnel-16639d7c60cc67495ee3d24243676f05254fe75c
seatunnel-1673dcebb5d31a721cbe47fd1f4c8af7e9de6de2
seatunnel-167e62c3b38a4bb8b72351b81bf0e947894af4ab
seatunnel-169a89828abb5b5bdd4383ff9cb5786d0067be5d
seatunnel-16cabe6a35d60a12535a43736d9c52fa878e9cbe
seatunnel-16e0994605e7faba182ab225b21604f5b2e8bbb9
seatunnel-16e39a506b61ca2bf3c0ec53fb77beed43133a7f
seatunnel-175b7b57fa4749c22575e96f325bc21d5dc19b46
seatunnel-17692bbe840e5bc16126fe59e70595dbff264768
seatunnel-176e4ac753ce9803f1c634593a6f7bb827ce775a
seatunnel-17720b5d2941043140f28de8eeb0795da88676d7
seatunnel-17bc5adcefb9331158fef9a52bffa066c256c692
seatunnel-1807eb6c9587f5342583c885a3a22d2e4d987d40
seatunnel-1829ddc6627b1e8a6fd3ff422805ca3b287ecb67
seatunnel-183274f60e6edcb1fa9b80cb1437ef1c8063ff2f
seatunnel-18385c17e7812d4bde1e0791b835c54e752ef301
seatunnel-183bac02f0c57401d74ee3da604c3b9bf68cf827
seatunnel-1844a7a175066f1a7fb5052a622c791968dc1844
seatunnel-185621ae9314971a9f55f7b36444b115b88c2570
seatunnel-1861c0b5cd772f9f0f93d5140d80e70f2fbdc34b
seatunnel-187624f0c0c90f40c49e41ab4f350051e63df210
seatunnel-18b14c8ae731cad23589c51a2432abb7326c37a2
seatunnel-192d90415401bc75e2d996e126636bcb635aca4e
seatunnel-1935d712456319bee07d7f18c6e7d9e0262c601e
seatunnel-1943af4494d1fce8b01dc9be8c286c8e3463e526
seatunnel-19523fe8e919443a5c1582978976fdc7da234d5c
seatunnel-195dee31b08c95a771152d8a446992c800292be6
seatunnel-19792e6091426c245c3196bb90634997189b79d7
seatunnel-19867ee6ad8139f0529ac7a49b782aab7f58ee56
seatunnel-19c0d134579367de2d955ca4a2fd1f53e37da9a8
seatunnel-19d8c442fcf6894780d202ca5220bd1dbe77fd27
seatunnel-19e4f7d126326db856fe4114b630ca204085586e
seatunnel-1a368dc04469b7c95366539b0b143304684735e6
seatunnel-1a44d3d01862898807aaa486f96faf2e294b2919
seatunnel-1a92b8369b500271de34a3d7419a2d045e04ce14
seatunnel-1addc28f42ca10a933df5b33328c948a9e4aeba9
seatunnel-1af7d38a75f4cd9e331701cf6144008008c0fc3f
seatunnel-1afd67341d2ff1ddcfeb75cc4032a9b2fb41371b
seatunnel-1afed83b2c4ae750ee8159ae359924e6f8e471e4
seatunnel-1b0da1c7d5c50e7b8c000e0aef26024a6a7db4a2
seatunnel-1b26192cb3e1df0699c1ced4f9ae35a8796a5bd1
seatunnel-1b33e899709912a6ad67372c651ae586ea892045
seatunnel-1b406b5a31ab23cce3c16953c2001c992da21b5e
seatunnel-1b918160214a0b20ce1ae8f9e02f8e0dce243b53
seatunnel-1c031d166d94a5785101dfd6ff2677a0c3978e89
seatunnel-1c05ee0d7ee00f76c74ddfc17aebdfbd75aa733b
seatunnel-1c10aacb30722ab5c6a11d173c12ef3f15b5ebfa
seatunnel-1c68c6d6e4c95faf311e907aaa8b8f9881e703a7
seatunnel-1c6b7215fbb6282f23fab154e1f7d1d9b9f828c4
seatunnel-1c8bce621de1cafc038281d2acd265024a2993fd
seatunnel-1cac7887638355aa501625c81483b098a7650639
seatunnel-1d0b1bc11993f2ed3691d6a60b92d862b015a433
seatunnel-1d16984885862b46bef4a724ccd5baf9d48389d7
seatunnel-1d445dca906aaa20a01757bb0179ff8f362a975b
seatunnel-1d57c1a92437161f4bcb6276e522d1875591d51b
seatunnel-1d6d3815ecc43449421c4ea4b88ba6160256291b
seatunnel-1d70ea30847abd36c22f602e70c95fae2c4f7ab0
seatunnel-1d8b5a0600d4c9ee4994ed706d0ee66e714ebef3
seatunnel-1e868ecf28abb5f1dbe5b6758e6aac5fd742e66e
seatunnel-1e912f2d8c24c9e6f12361a2e5f385cfa0c534be
seatunnel-1ea198fba5830f254d24e4864f60ebce81079d8d
seatunnel-1ebc6742630ff105e874b044df59b755efe57fad
seatunnel-1ece805ab1fce3ec8e8c9d3ddc5311ab62ac8873
seatunnel-1f5521098670ca3eb834c8b4dd7fe7092f12a00b
seatunnel-1f6474b9c8caacbc8a03d6ef6e1e26203ff8c4a2
seatunnel-1faf2ef44d8fce30379749e9de779c797fac6112
seatunnel-1ffa17450685c106dc37315049ad74ab77e1c7b6
seatunnel-20077eb046de9b1bd2080dcc5058a1c8cd84e3eb
seatunnel-200faa7c2979d6b13893f258ae450e6681e7ef09
seatunnel-20413fac59738da29884f7cf277bed1c568ee5fe
seatunnel-2050bf57f61e7ffe5913b4701ac288506ae651e5
seatunnel-205f782585ebefa0707b8359318ccc943b6f2dec
seatunnel-206f4d02dc058bbb05fe8a739942a1fd185c5948
seatunnel-20d805775499550f2e334ffa9872736293184749
seatunnel-20e1255fabb2f5b0813fe0c73632de6e6fac2ec3
seatunnel-20ee2faecf9c162005fcba9e7b482f4618efebcb
seatunnel-210c58e2eb952cf947386bed18fb13a995795306
seatunnel-21137dc4edf4260068d400245ff268ac7128cbf6
seatunnel-211db4489deeedc6b6eac317565570cd999ee338
seatunnel-21349ad05cf7a0bf797c8b497310540c94bb11f6
seatunnel-219fea517c72484df9b9dfde5b63e072cd1a753b
seatunnel-21e159a85379fb1d7468cfee16aceacbfd3af0ae
seatunnel-21ef45fcca04b0244994d3a4e45a19cc08966603
seatunnel-220c0a61840c870e66891a8c78b3c0ed072c6e80
seatunnel-2238fda30029120cc7c9478a6029cfcca1080a43
seatunnel-224f9d81c54a9a3c5b39d38c90ad9fd224b68bad
seatunnel-226dc6a11982b8cd315ce2de0a8062cc93cb223b
seatunnel-228257b2e256a83e18d3d5a9f9c34720223d65f9
seatunnel-22c4242fbcfc78a34ee63ba2e8e1899ecf958506
seatunnel-22ca27025cfe1c3a9d9b4dddf1e88af1e3c971b5
seatunnel-2314446dbcca03bb1e5b8ea8d711a1ec2447a57b
seatunnel-233465d4e4fd7859d05cfd8e27029d440f6d136f
seatunnel-234638afbead777ff5ef2ec7f45172a67fce1ecb
seatunnel-23ad4ee735b68c097b2564269580c6c584044f62
seatunnel-23ed0fc3d6f4af0b91d7f0da2946b639c98093ad
seatunnel-23ed11f05964ea64d94acbc8c48806f649aa1d87
seatunnel-24247138e39be30ea47286954d96d72fc1fb69f4
seatunnel-2424cbfdf4d95f93f1b73b4d36f6f127216f3c33
seatunnel-243b6a6b23d4bee110b4e825db28d7782b3e3bb1
seatunnel-2455218a1433deaa8b0798d5a6c07bf1a881ba41
seatunnel-246c648113fc8428fda8a950d0a135f2397ad7d3
seatunnel-24b4d624efa8eeced889add1fc355f59a0f90022
seatunnel-24cddf857081bc4b522a2576559f0d3b15a49941
seatunnel-24e1494e0086ba0781bdf7ee63a1e81dda33a119
seatunnel-250737231184f27d14298301ad4dd5f93418973c
seatunnel-253ea391dd723b03a60c3b8007444ac4b0324296
seatunnel-254223fdb92dd83d72ea6439457068ca38cb3d6d
seatunnel-255533d42433c9558d8ee9cb379a215ab341e52b
seatunnel-2586f305b44590d7ebce13db0e47e471329cbecd
seatunnel-258b85e1242968616364a9e2f7d8045e56a8b0a1
seatunnel-25d61c13d32268b5bd0c444cc8b4782ddb7e90d4
seatunnel-2616e6d83809c86c81cc399ccbb63ce89f72653b
seatunnel-263239def641690246aa71bdbeb383bd796d1950
seatunnel-26b0d3aa6f9741f670ef4fd2c695523a7d2a117e
seatunnel-26d49c93eb45d182570814a934aa50d8480ee45e
seatunnel-26f2437c358d252372255f057f829a2ffe2577e1
seatunnel-272d9d17e44b932c65f8fb0a1f985395fc8f10a7
seatunnel-273121d5a1f066a9e0d70e529f4ee5c0c6cf93b9
seatunnel-273418ddc9ae38ec107250f5f16ae0febfa7ed37
seatunnel-2734557fb5a14824a6289149e96da7dc8082f1e3
seatunnel-2760cae73c3c45945378e93abcb703873a6453d9
seatunnel-2786a5881d72828b2c8c32ebbc997209284582ee
seatunnel-27ad1d46eb0c5b418573247ba0ba173b678b8199
seatunnel-27c1bb802573672c949a19dfc6374a880dea9346
seatunnel-28525164905497b08c3551d56a5fdc6b7c4f31ec
seatunnel-286cd2f1e6de2bd6b57f3cef3f27a41ea5c231ba
seatunnel-28868797b704633313beff0ff379cb6a3ba626a9
seatunnel-28beb53195f4b9745ede72f62a1d4edd93622963
seatunnel-28c87ce9911a7fc8d0fc50ff94d8351824056335
seatunnel-28e987539b9d38def39a061c5e229bd105e6ade1
seatunnel-28f23149fc2ab71afe18d5b20757e0533ed45f74
seatunnel-28fb446ddb41e269836419f26ef05980c9ec960a
seatunnel-290c4a4ba8de287679d9672dcfacfb4aa0af08f8
seatunnel-29182ec1579c2e9014b227aa03d817947f2156d2
seatunnel-292a75aa702a60a7652c18badd7565d2a9dccf4e
seatunnel-294cf67491aab7d231620d521911816c304304c5
seatunnel-295d08b4f69e6dbf255bf7058c6e26603c7b55f1
seatunnel-296c2a515c37123d0156bfe2490ab070531b8c54
seatunnel-296de1338e43b08aa0fdcec1caf2acb6fc9e1f52
seatunnel-297345cb22e8d80e68a92042f058a6ce6d882e39
seatunnel-298a45deab6f66104669d800290050dd3f2a2d7b
seatunnel-298f2bb1beddcce559ff7ea207dec31d55c83906
seatunnel-29b04e24058acd76b32873e7fd18a42af8e3e44b
seatunnel-29f824608946c59b5d395d7f8e2291d3f189124f
seatunnel-2a18326ac9e92283b79610d2e68483aea114d54a
seatunnel-2a1fd5027f0eea2c929d257f5a150bb83cb6df63
seatunnel-2a42f3b718dd8ef16e98aa3cd068a9abbd0e3f7d
seatunnel-2a69fdd41f7837f34164317ae6f049079085d155
seatunnel-2af310ac8db1ac73bf9c0b8e6d71449306a2e3c2
seatunnel-2b44992750ec6a751ccec0f8d3d76731f144c9d7
seatunnel-2b560b705d900632f8bc2a0279feee38bfa26e82
seatunnel-2b650981b15680e89eaff027038ff08822cb7b75
seatunnel-2b6c5c477a31901327a158edb0e0b35585df2387
seatunnel-2b849966de47638803b176941ca1030b86743367
seatunnel-2bad99d35badf51ae182611d4eb37a519fb16ee7
seatunnel-2bbb3ebe680cb41d5f49c3d201fea1e64124cd04
seatunnel-2c13651e70ae15b5d0204bc1f6e662cec2f5d6d2
seatunnel-2c86a99c1ae2d0c238cffaa7ab5c2c59393cee66
seatunnel-2ca38ac40b9a15c9f9ea7fb1734554413a3f468e
seatunnel-2ca7426d22c43267363c88d70291dcee844cc0c9
seatunnel-2cc48935d5c865bc482e68481e91cf3003417f8f
seatunnel-2d1933195d39271134bff04bd68e5723ba627745
seatunnel-2d2218f699220507cd347677fe285caac3c7dd02
seatunnel-2d4d085981826fb0ca79e141256d9784d80e8fcd
seatunnel-2d4e9e59239c46db832699918d3d69453b89342a
seatunnel-2dbb56b505288b0e70e73a6c8e2a4467a86e4baf
seatunnel-2dd3476730f1e44251833a4b397b0eaccd979d43
seatunnel-2e16161865a8374b7b5a3257539b848480af969d
seatunnel-2e34311bd97447b3c0024c3bd4040f80050fb428
seatunnel-2e3ec3d171173939e012b04dc3fae25d0d505b74
seatunnel-2e5ac31fbeb5a8f9752fc45012c12ea77f23104e
seatunnel-2e8b28d1525ad7a50371409bb0701937ab4fe625
seatunnel-2e9a1bdb12094edf3a39a960fb785138ac5b2f17
seatunnel-2eabe6d6f53848b4560ca04f668bea0b9e44d589
seatunnel-2f61d8e6f259eaeeb2cc5c9974d9773c2a87ddb8
seatunnel-2f7b9fa327c5aff5848392aed8dba74e744c65cb
seatunnel-2f86310443a610ba9ce989927fbdf233f3cb3f55
seatunnel-2f9c2630b0433dc458e6dceffde49e0caefcfbd3
seatunnel-2fb1797b7c231e0010f73f9eba06d636e0303e82
seatunnel-2fcbbf464a1fdf8fdf9b4c85dd8c0596d6ce881d
seatunnel-2fd83bb86433814a202083303f6329037f7fe64c
seatunnel-2ff61311d2d04e43243399e1409c5c061b884b03
seatunnel-2fff69b4a65292c822ab0f1edbb104d971a213ca
seatunnel-3017ea54011b5f5201bb9392e4f965483ccb537c
seatunnel-3057ba205f1fa4807eee6b2fcbdc675a1cdd50d5
seatunnel-305ec511da05ba519fe4b04b46f7898b650b06c5
seatunnel-309a0622e92e5c8c97ad30160ec18f64c7ac216b
seatunnel-30a00e925493badc9b5d48fae66ffa64b94974e3
seatunnel-30af654aef3ab6bc56bbbce785258e869db9837a
seatunnel-30b3e588376279f5015fda2a286edeb5401f20b8
seatunnel-30d1507ea50dc913b8ae53f0650e5aa8cb2efbef
seatunnel-31248401079b9c8e623642a9c001ded04c9202ae
seatunnel-313b3d67d0c66e1e6048867fbfe37b80e8c1c790
seatunnel-3144f4203db896a50582251f27c5cf7b62e96741
seatunnel-3145c688a649f1ed0f5d03a118de8fa4a27071aa
seatunnel-3173636ded925c33df7541555227ccdeffe10696
seatunnel-31b0b2c488687ac1ca34406945b09cbcc8c1672a
seatunnel-31d43f322b6aacdc49ebe9ec29b38174588c1a61
seatunnel-31e0a73186d2b053101f404b20b48695d4dbd159
seatunnel-31f12431d917fef76794db802f388bb7246a759d
seatunnel-3227e1e0894e1c57b1adf071e5a573bc3c2371aa
seatunnel-3253509504c57772eff96fc55fc8ffe1b2cecf28
seatunnel-328b145d96a1157f877efcd2416c9dd94a6ea7fc
seatunnel-329c432186f9dddc8df89781c666ef719398af8f
seatunnel-32c1c81b2d84de82946a0443847cab9507ff6e21
seatunnel-32c32ef238fd9c365f78bfa94a396423fc291ed0
seatunnel-32e1f91c7a315e1d2718bf2380e841bcbeef4ba4
seatunnel-3301f87445c1ffb11174aa3fb6b5298f712e48b0
seatunnel-33054c99017c32fef8022d0c8fa5c767b6a3e8dd
seatunnel-335fac8126d3c61c856a132ac02b8ff2904181c8
seatunnel-336f5904985249f28abce13d89786ebff2a39f91
seatunnel-339d5fbbc542613670583a1a2fd68724f2eb8eab
seatunnel-33a00cdab6f55003cf96982b0f7f39027bd52ee9
seatunnel-33a13c89e6ba5e3425e427266313d72c531706fe
seatunnel-33de30ebde44fd10817065ef46d94da8a9059483
seatunnel-33e1bc8752d98f8cae0f06229918543162d80045
seatunnel-3417c04f46cc3dbde7e181f7c61da189dac79dce
seatunnel-342c25c59a706965913656577bf77307f5805222
seatunnel-3432b0b388ab8cbd3d6904a86127ed3a352ae177
seatunnel-3447266427b138327021213e52d271a856dae89f
seatunnel-34a7f3eaa4a837662de2233662b967d8defb3af3
seatunnel-34b2c22e4991de4bf26711e1fb720357c6b38bfb
seatunnel-34b37aa3c549ca20294dcfffe7c7d35c5dcb498a
seatunnel-34ccfd7a2cd93d8dc0d3f6bb1e1afebcc9761a9e
seatunnel-34d78518849335b4bfc5d7aa498014af9a2e2536
seatunnel-34f1f21e4888e37e8e8777f85037309c1277ae2e
seatunnel-34f23ee052900ecef238123c4fbe081b5f778934
seatunnel-351713d63c74fc046a4cb30b51ff9270cd10dd1a
seatunnel-3523d5b42307ceec885b0f6dae9d64425fe11e9d
seatunnel-3536a7dad9c2f0b7814c3f970a8948897d118588
seatunnel-35576ca531a91daac18525a4798c2bf4474de74e
seatunnel-3561d3878f229555802abeaf4e7ed9ba8a49ba43
seatunnel-356538de8ade3fd2103377cbe8d0b5b366ff6d8a
seatunnel-3579e6de647f0cdda8193da32834c76799a30bff
seatunnel-35818d34da3255d39cd2ba3d9c1c0c4bcdffd1c8
seatunnel-35a4b3d76ddf4243b0218484e8b4d05c6923d131
seatunnel-35c020fcb24b05291e1369772c65d96581eabc90
seatunnel-35e896eb67b23e450d2ac49f6a891f39cc7826bd
seatunnel-35f72cd51a64411a58482c2db7d722a1f956a831
seatunnel-3601f4294d79ca8b397005211bfc430d9f8b4f78
seatunnel-362319ff3e14ab15d1f9db4d2de269d7e1484b6e
seatunnel-369bb0e890b62794bcc3ccfab22606eca402f592
seatunnel-36a8774d9ac56bdf415a48e2d3082e4ea54f3c91
seatunnel-36e7ef3af73d5c98af2a02091f8c9d2b4aa2fc40
seatunnel-3753ed3ef91c64dc8766fa1bec6894f77dc5fb3d
seatunnel-376df66ad3d143442cfabf6a775a53706a53e542
seatunnel-379791dd441cefced65315226b769d49a562fb82
seatunnel-379da3097f910d1b1ab4142585399d391a9d0abe
seatunnel-37d9e0dfbbcf17835fc49c6a4ae765a9a6cad4e8
seatunnel-37de1d2536047773637210ffd89cf2430444a6c1
seatunnel-38042983c785ccb044b98de3a9973fa3fff24397
seatunnel-38254e3f26fe38eeecdedd166e56cf25a43c73f2
seatunnel-384ece19130faafcfdbc52d715871bdef686c739
seatunnel-385e1f42c04dd3d07abdb410ca310338a0d91c12
seatunnel-38646b11b8211e4a2645b380cf490ff3fc341e27
seatunnel-386e7e98054916cb07218067ab7e62f4a052428c
seatunnel-387df7535f5e4bc1892e434f3c7b3db06d5a0a1b
seatunnel-389872ac81a1cde0254ba947e6f5081485009643
seatunnel-38a57a7b78f34a567579618a84096999cb656f7e
seatunnel-38b0daf8b7ba723f2ee18d1e0ab55073701c1b74
seatunnel-38d5c688137989f93e3eb7c0b1f93fc5747c4ee7
seatunnel-38f1903be2baebc6a903012c3a3129168aec34c8
seatunnel-395635fa185d358d3cae44064d08815aea3a1adb
seatunnel-396db0dccf52b6c9552f8c13ee333753a9899737
seatunnel-397e192f3477d7f42f2fba66c519be7109162ebd
seatunnel-39a09d91824a517aa0c366d6369375565772ea2a
seatunnel-39aef9fe172268a1190a3afac7c4266c7240801d
seatunnel-39d4a6fc67f6d4ab3e48af6b4b254e5bf358f5e4
seatunnel-39dae4cfd9d78e713025250fe43654bb60685e71
seatunnel-39dbe21a2f3bdbb1d47fb30b69f7524edbc2d240
seatunnel-3a095d30fd4476e212889cf6c8d3ac18e871c179
seatunnel-3a2586f6dc007ac465588c9f4e04dd237064ca5f
seatunnel-3a4ef4c60d8397fbf7ee7b16a06494072d3f0245
seatunnel-3a5aa421f88ff1bc4db4d1b28cd405c6c3e2e08e
seatunnel-3abf728a77299dafe221bceb5bd5a43d5163ca59
seatunnel-3acaa82c544c4e31c474704ddc73d7e2e75b4093
seatunnel-3ace2551e1884e66a706a86f7a8794bcc9484d60
seatunnel-3aee11fc16c918213a81a8462ba2a65697d1aed8
seatunnel-3b573798db97d9aa0b41cb2828dbfc897658ad6f
seatunnel-3b5927584db5302bc512801d9f82f4451d5891ca
seatunnel-3b59ff7419da757be442e73ff8781f348654281b
seatunnel-3b6a8b4058593b1ff11c44560ebcc56142cda830
seatunnel-3b73cc73211645fb0fa3d2f5682be9278857b921
seatunnel-3ba8631f38fe5a4c962bea34b4fe08f6e22f85a0
seatunnel-3bae2dd6c8d006017954208f765915bef8f9efdb
seatunnel-3be75c49f98219111523297f26303a289892f5c6
seatunnel-3bee6873d2f87144957d5707a9e0a0f09a6999a7
seatunnel-3bf7018a5f1a2be3c69a710da450b265b74a58e9
seatunnel-3c012c7976dd505a19435ac382ca6b043074d1ae
seatunnel-3c0415e56e42d79b403164897724a0199fe0443c
seatunnel-3c10987e7759cf6cba553e4fbe6463118940b694
seatunnel-3ca5e2600f1eadc73718c58b0ddb8e6882e5fb9c
seatunnel-3ca60c6feddc35a1283b25058ba36853201e19f7
seatunnel-3ccbbc13f53bfecb525c9148f6765b3d2a3f3824
seatunnel-3cd5a48a6b0911e8ba33977b83654737aeeda7e1
seatunnel-3cdb7cfa4d045c6edb0eb43772613836c09e3fed
seatunnel-3cdf3f59c137bbdd1e4c382500bcfc49863c8d6e
seatunnel-3ce56e4657006f43905272acbe252cdb3ff6178d
seatunnel-3d4267d9e1745683c7032d76dd273be0e12fb814
seatunnel-3d45a9bee862def58b7e864a0d3668ef912aad74
seatunnel-3d46b7961451e0ed6bcb6a4ba8589c90f7505f34
seatunnel-3d6482368a2e4fb88f472038ae2b53484a9959fb
seatunnel-3d707a6d4ac24cf2da3b9321974ec929084a0cc4
seatunnel-3d7ff831f90dade78171070bb157e98384ca1591
seatunnel-3da11ce19b8f6d7e3a64b934983bd1bfc73b3f89
seatunnel-3da19d444408b4a8fc71d4c73a39d2754af467ca
seatunnel-3dd3f50c52b259244bae4a3075ecfb1642e28311
seatunnel-3dd7dc0e4cdf77bb5a039d3848365561cfac0f92
seatunnel-3ddec233a3069885f5bc14932e1f937c12a2f917
seatunnel-3e186a6edd498ac32b3f4f43e18b44fc3a7b7671
seatunnel-3e200e0a38b1358c025b7c5e08572eccfd10fbb1
seatunnel-3e54b82fb5cffdba517df173700a695e4ac4c89d
seatunnel-3e6caf7053b3675766e201eb3b69b35a2833c304
seatunnel-3e7d04bcbcf0224d1530a278e92bea8375d3151c
seatunnel-3e7d82bd758419238573a6a3eecdd977b0c008cc
seatunnel-3ea7a429b9de19298d272ec777e52b5f8ba149a7
seatunnel-3ec47c6848d5f77197c1cd0c0bd7549c4884027b
seatunnel-3ee8a8a619e51a2b3772f8226dd77c8989e52a01
seatunnel-3eef2e2e9740a44407d9fa5b138794ac49c540ba
seatunnel-3ef889f7c2ef3c8f0ad6a65087eaa0d9982601b0
seatunnel-3f1dcfc9157647b98946171a034a01a60dc8fd0e
seatunnel-3f443c8093ca22bd5ef5b554ad2bfd4a6dae9ce2
seatunnel-3fcc7c377a159ad2fc880f1019acc1a066461839
seatunnel-402ead2a00212b8868b3c9ac5785167ff6cc3198
seatunnel-403226dbe12d6a6a9a87eb09fba0dd6fb63c76be
seatunnel-405f7d6f998e488b2c26fbbf357769f5d579e069
seatunnel-4061866d13affa9f29696501e23f4781d4171c81
seatunnel-40699b660cfecb5cffb2da0a94dc1bbd29a19579
seatunnel-40707a3bc6586886b9f6ff855090452d9bc26d37
seatunnel-407628879f02cae093047fd444f8fcaaec1ef414
seatunnel-40a1712d2db623ea0e89bd658a462edaef5f9d12
seatunnel-40c5d00792fde4845d9c3256d4b1ee8cf3374dfb
seatunnel-40d67ab902c69494f9803c0859ed8f7f84657380
seatunnel-40f2fb64a68cb95f173b884916c5b4f38114915d
seatunnel-4104a3e30e3d48b56f03ca2e37f0f0445331c2d8
seatunnel-41277d7f787ed7fb0da2b78406516ffd66de1212
seatunnel-415150635c0bcbe564001ab3dd9b9bccfafe0a6e
seatunnel-417178fb84f0c4d1e56d3dbddf6bca419e88a1b0
seatunnel-41751d8b636064d73ffb66ab07cea0c7e3091e47
seatunnel-418e40818d108c4b4330061dde688ac9eb9f8363
seatunnel-419c82841b21f31dac7176909046265ef72b6cfe
seatunnel-41e530afd59d3e72e0517c2f3c2287c86d935f59
seatunnel-41ea851fd4ae41ab35fc451ba461cdecf2879000
seatunnel-421baf5bb0292e26970e3a27b24744ec631f1164
seatunnel-423d170e5c43f5f767cd9210ebd94ca4bf2635f2
seatunnel-42b3ccdf2e4972fcaf42f502819073143454c418
seatunnel-42bb0129327fef63e5e048baa7985b3d1b96ff30
seatunnel-42be825539eded661c6b2ed8d83627dba0781860
seatunnel-42e8c25e50d66496da2de6a5ab927a322b9fcacf
seatunnel-4304a947e956d2894ebe8abdaf3adf009826945b
seatunnel-43600a70499cf220485cc8a32604c89e464e8c04
seatunnel-4399c50848ac7c1486fe6a32f8efe9d12001b329
seatunnel-439f686d92426b3df95806c622cbff17ced2a41a
seatunnel-43b7a829283472d3de39f463f399f8ce07e861f0
seatunnel-4409425d57e4451855d7c0d5eb63be474fb0935c
seatunnel-4487079ce944120a3f33d603499eb7049a566a3e
seatunnel-44bdc0c28444bcc251db31f5047463098018a2f4
seatunnel-44ee9a8ad8ad9031b418d3a2a3ceff87bc236526
seatunnel-4513015cc1b7b1c5e190a35fd4e6697710465832
seatunnel-45c542c95ebec1f28aa059dc1d1a9462caeacae4
seatunnel-460eb5d6bd56c8e646ca9fe6fda37918c60c366d
seatunnel-4639ba16a9cf0328c97fa8ebfaed8540b5d48366
seatunnel-463cafe38e35c62318b3b3a11a477a8b1786c452
seatunnel-464632d074b6a340f636a1d83609369c83241bf4
seatunnel-4651bf4945a891649aececb15150518d9ceaa623
seatunnel-465e75cbf5d94769948733ab96c0347e24684dfd
seatunnel-4686f35d68458c2f86471ed8678a0e43152bb28a
seatunnel-46abc6d9437987deed44705396260b7c81026be0
seatunnel-46ad3a240b927c93240886d8689e65c803a2c5eb
seatunnel-46cf8393b1577d58f2d82fb482525a8867117a6e
seatunnel-4710918b027aedf427a7867e9b559f1da89c80d2
seatunnel-473971b94bc4c550bd6d18f61635a117f1de2bf0
seatunnel-475622138194cd45e2e8bcea4e62893ab31e4cf0
seatunnel-4764ebbd9829afd898fa248f3c1a49e5eb414949
seatunnel-47821952bc71d303678e3f50e55a444f796c9f7d
seatunnel-47becb96fa9fc8b4a5def6fc3a6db2ce34ea83df
seatunnel-4831e2a3f057a8f59e4c4fa810891f5e1840d378
seatunnel-48423a92138838fa3dec7ce6bb05f338d63ec4df
seatunnel-48537f5cc00629fb9a910d6a8c071d1d44a013c1
seatunnel-4883e2cfb8e8fffe5a31f0f62f0d111c14a1ab41
seatunnel-488e561eef40f547b741473c8d01e4fc502aea71
seatunnel-48a42723a7381e0781f1de66694acb336ada1ce6
seatunnel-48ab7c97d57b7e2d504698c583df5f8dfdef98a6
seatunnel-4900c343e05fe4f58e068d14db76b900243082f8
seatunnel-4942e5d9cea77c8b05b9aeb31b8056cb5889a5f2
seatunnel-4969ffae88494b69de694f03a9c534f25dd5d242
seatunnel-49b219003e9f6bab0dea31c93402c104d45402b4
seatunnel-49cbb9d8b6943f1dd8a99d4da873ce23dd4d870e
seatunnel-49d77f55c03ba3c3519bb3a0bbcf8df579418198
seatunnel-49d9172b1049878fb6ee7d5861edd7ebb560cd60
seatunnel-4a4ebf68650294f2c244ba3a6eb98cc959b18ad0
seatunnel-4a6e1a2b1e136899121c414d8b6efd3ec13d9d27
seatunnel-4a7de0021f52812d854ce5728bc66e6b5e141524
seatunnel-4aacbcdd1f0ca7613c9c70579a77b5dcd33c3ba6
seatunnel-4ab3c21b8de28c76d784029e2a49bde50c426479
seatunnel-4ad483357ab6a919cbfdc13866fadc0c07fa2a2a
seatunnel-4ae251e2020c55cccc446a376ac0514579a88103
seatunnel-4af3bf90156df9de1cf2ecfc3972f03254787639
seatunnel-4af4d8c3e989f3602dba7610c2f234028712a13a
seatunnel-4b12691a8d495d4c91a54a3612a4ef99243fdd7a
seatunnel-4b326d4fefb24d4f51fa7f6c6520e0ee214eb38b
seatunnel-4b42ffa657ec5d62a64a3e303cf6711068c46a08
seatunnel-4b7207490a8613f94b2574daef93051e62151383
seatunnel-4bb2beb8c42914e434134823cf31ad6d1f8c70eb
seatunnel-4bdbbfdb0dd36e8918500509c8eb32f39d51189e
seatunnel-4be278ff73404159facb63c4f928583a803bfbcb
seatunnel-4bfd6cb1c97a0ffa75e0cd8a0ff8fc758de5f9d6
seatunnel-4c0393712eff807833ca85564fbae554ab56d201
seatunnel-4c442832166594ec9ce59c1b08d5fdc8909d0d3b
seatunnel-4c6278a36c9c857446c7fbdb286063122b35627f
seatunnel-4c761298d8ec31f35b2b4e0c736631315870c4f3
seatunnel-4cc20a4beffd3824baeb2a0e25a79120cc982358
seatunnel-4cecedbb87fc53ad39fc0631e57b92ce60fb6c63
seatunnel-4cecf607ae9e8ddf5c75bfa5931b8240b89b3224
seatunnel-4cf07f3bebc33761ec23572c1b774bcaedc1fda4
seatunnel-4d048cc23ea535a5e1ac07ec973ec74e0e725880
seatunnel-4d05c3c265fbb672223e763eecf217675f006075
seatunnel-4d429cab55482986b4d8a24c699d315631c8242a
seatunnel-4d430942f45a2a5a089b3a04645f0ba1b1cbf310
seatunnel-4da5b0c64d88ff2fb34add55330127186883d2ff
seatunnel-4dafdf6f36fdc14a36a06f1aed49cc86cbf881f6
seatunnel-4dc871faa662ce06a51e58095b09e8752134b705
seatunnel-4dd4995b88e229dac68b0e48036f6bad89733558
seatunnel-4de5e6ceeb600d9d3d4e3596f6c451924a0e86bd
seatunnel-4dfd58d4ebdd65305000f2035a0043f18a8b843a
seatunnel-4e141fa506a17e661fab7845cbfcb993cf167208
seatunnel-4e52eba53c61ba3d791dfdacc27e95b2cc55ad2b
seatunnel-4e604184bd5d9a43f9b5d718d3a153baaa8d67f6
seatunnel-4e867f6df0b84ed32b27ade2b97b789b5c0d11e5
seatunnel-4ea5d49214b276c110e97f12610fc3e6d919780c
seatunnel-4f1dc0c60052b3bc7582936e17cf72b81f91adf8
seatunnel-4f3b8c5a6fde6524d38b58f0f2bebfa3afee0994
seatunnel-4f824fea36a1460f9031f0ea3672c848d5972a85
seatunnel-4f96a95557fcb5ef044ba5a2ce929ae2ca144678
seatunnel-4fb1fb27a571025bbed30eea7c020fa116701213
seatunnel-4fb6f2a216df0c8b13ce410ecf967b33ae0a3df1
seatunnel-4fba0aa024e7327bc07fc0cbfa9454976b3a594c
seatunnel-4fbe412ec9e491475caea2fc576198cbf217d5a9
seatunnel-4fcb3caf0f984bc6745d0d1752b293ab0de421f4
seatunnel-4fe9323419e52af60dea6a9b17f8cc8cd6c0d499
seatunnel-500799d8bce41ad3203987556c528f9e6a0e0a22
seatunnel-5015732d11ba5b15754453c57dc41d3cbe25afee
seatunnel-5039752eacc8702477b77e5b9b0946ad87125f9b
seatunnel-503bb3bead559acad511be350f5d63b08fdb6add
seatunnel-5057448c96293bfe39f472dc89fa4eb1da2190fd
seatunnel-507ca85611b655be7f99b8530890a25705da7b31
seatunnel-509add587c5c2aa1f46947176c7e89032c1fceb7
seatunnel-50a725490255f9bac96aa1cadd7f90d7302f1464
seatunnel-50aa7a5236193e9856a9913983e045d6f702930a
seatunnel-50c08f50d7f88d5f447dde3a9281bbe17e004447
seatunnel-51c28a3387fa99ebea9118034cd0d99d3c82578a
seatunnel-51d5bcba10ba8047e744cf4c03fe8aad06b4fe76
seatunnel-51d9af9b4708f73f7251f292c68d451576b45c85
seatunnel-51e7c022ba606cf3d327a31e75dac3016d8c09ce
seatunnel-51f85c72470127795a11a59cb479c203930d9728
seatunnel-51fd0f7fe002fb1e8e7837f5ec1a9b70f4fcd1e9
seatunnel-5250c641b7af7e89f2a7c91595f2268b4ebb8caa
seatunnel-52610327dc07a24e7140b44acbecaec4c94b0a25
seatunnel-526727519277ef393f827da38047b3e9095027bb
seatunnel-527a48b3a549229c81e4777851a4f3ae09c5bd01
seatunnel-528c6fdeae34763193ca923099c88edcad5904d7
seatunnel-5290c81b1fa8c5ce6276e68e17ab7364fa183608
seatunnel-52b51edf7e1b98caf48b6832a613e5e1057918a7
seatunnel-52c6bf2a1f482b900a749befd9ac07788eb734df
seatunnel-52eb6924f397311395ef84b0268b21945923bdd1
seatunnel-5328e9d8475468f385d7f40e4baefbee1046a66e
seatunnel-533ff2c2fa9262defb86f37235ee10bf16135595
seatunnel-53430c7c604cf964341798e68d9a99af6707cbee
seatunnel-5376905075e1926f876dc8b850486efb84f8703e
seatunnel-53a9227c23774a5d1bcc63564e784d95cfcb87e2
seatunnel-53e7a8ce92313266ce38387c7aa1239ad3ddff5f
seatunnel-53fbef74eda04c84a78ed443ef1b3afa6d7a0fbf
seatunnel-5430ca9621ffdd7f7ec183235eed29764ecd6205
seatunnel-545595c6d2870d02af44925ba4d7e5beabfafc2e
seatunnel-547a6be2d4ff6b30ce66117100d0e9fca203ddb7
seatunnel-5488337c6710c43fdd1ba5e069160e918761721b
seatunnel-54a5e2b5264b7bc6ad8c23ba84a019611f4dd8f8
seatunnel-54ca43406bff4001ff016064710f8852dc8a7255
seatunnel-54eb70d49997aa2d722e86834649c9ab3ff93633
seatunnel-54f594d6ca25dfd8404027651e06b63249604013
seatunnel-555905b0b8ef843a84feb74f05630374aaeaa55c
seatunnel-5560123716a4b2f638d7fb71401bdfcca8e53331
seatunnel-55602f6b1c6e7ae477e1952d69bccd468de6bc81
seatunnel-55643cd8f81e22c8dd9f6f3c662e69751560f0de
seatunnel-556cb35ca89f95a3d5efbca43b6c150d3cd9b35f
seatunnel-560e0036157655c0256f3497092e6335728de59e
seatunnel-563637ebd1e597c3dbed3a62ca29cf716df3721e
seatunnel-5694d38b5c9620573c99a4f92d15d32dc63d6cb8
seatunnel-56be228ad2545d84740781292237c31bb6588fc3
seatunnel-56e1addb2cc767b0d7b1b20ed20e3c08ac472b56
seatunnel-56e9ee4368f4af5d20a6cb9cba2413caa3188b4e
seatunnel-56f3cdb276dd3417dffc177ce5c673d0d20c1dad
seatunnel-56f68afc2ed5be48ee770cccb8cd4a70f10584a6
seatunnel-56fbc8ed272acb17434f44294f3c98617a5ab4a6
seatunnel-57342c6545f0de5bd7dcbe23dae742dda145a4c0
seatunnel-574d9c9937b5a5f32ea7eb7c6577c3eee4028a12
seatunnel-575dded68c3bbe8bd6fd0680b4bed7eaaaa146da
seatunnel-57a60244325557179afef634dd731e952d984a47
seatunnel-57c67afdb95ca6a483d916c9160b8603c885b804
seatunnel-58022cf7d9fde15ce3b7dc04f5957b1069ad8f4f
seatunnel-580276a8bd05a0d7ec0293ec7aee54c967b17e86
seatunnel-581292f210696b4e1122f9053bb6b9ace5c219d0
seatunnel-5817ec07bfa83f51e4bbe8c595dcf359c1ddf21d
seatunnel-581b1e1d5bb56a8b09248b001801691570cd9946
seatunnel-581b275c3cb7c07f0e4cc18b1df0f3975e6fba29
seatunnel-58444978c88143b393c9abf8cdbdd657fe7015e2
seatunnel-58584eefb1de838f937a0ba7e10b0759cde4ac12
seatunnel-588bed6b9c1acffd0bea232414a840a41cd716c3
seatunnel-589e4161ec810e1b8cd66b8e43314002a6244c06
seatunnel-58c64aab2a167c766d3d13352cfe236243d36fc8
seatunnel-58e56040bdddd51738f5ff397be69729841f0061
seatunnel-590693c7d021c8ee3f9464584035d13d13903ed0
seatunnel-590b47884b4995a55a8cd290733d3e7f6df07088
seatunnel-591eee144703959fc3821193091fb2bfb8b2896c
seatunnel-599772f8cd99ea490e415c9884aea724a7443b36
seatunnel-59abe4ad629e01b68e057a7dd6772ba26a155aaf
seatunnel-59b560545333d8347b4051c0f563c8a9cee8ce91
seatunnel-59ce8a2b321d6a5f0503eb78b7c5df43fd245782
seatunnel-59d65d6ac611c8e57ecabba9891b8ef93da1da6e
seatunnel-59db97ed3460819145f32737342cb31dea6188db
seatunnel-59e3ca533902c1206c4c5729ec3eae6b7959b81c
seatunnel-5a024bdf8f5c0014b117794e969ed280b25b92d5
seatunnel-5a12f6fe90f675f79bd9e4b68dc8e9586d290e79
seatunnel-5a17914a1e1b9a2daadc72764b31e01c2f070f79
seatunnel-5a2437c4d3ed996a528d50639c2439d70db8dabd
seatunnel-5a3a4c3200c346737b326b76a6a94238c584e8f1
seatunnel-5a972cbcadb60fb8574290583016df2c4de3484f
seatunnel-5aa79989fc3e618083e57b2f500f5b5e8b52846c
seatunnel-5aa7cdbd9fa6c0f25bb1d3f030c7960c6b054d84
seatunnel-5abeb45e32c44739384c20cecb02a9c55feb50be
seatunnel-5acda5a149c03bfbc83f3aada0665990d3e99c57
seatunnel-5ad69076b320ee61c6a355c6ad49a7c520af364f
seatunnel-5af632e32b9664cdb39041ccfa992d6deef28957
seatunnel-5afafb7ebbc80e6bdee42dd074cfa30f7fe10fb8
seatunnel-5b09e9c1bde47a8a514f3634121b3a2df6a9b74e
seatunnel-5b0a07b74e6d3ddcb57459543185c12ae99b458a
seatunnel-5b1a843e4008cb3d1531ccf3f313dfa4127214a9
seatunnel-5b3957bc52194ac4bb568a0291a0319fa4b28360
seatunnel-5b714f0c83dfa49492053acda6c2c1c13939aa98
seatunnel-5b7ef01af1390b4be41dda1ea990627f5b1eddb4
seatunnel-5b9033ecdadf8e6e2d680c9d45069def8baa3dc0
seatunnel-5bd96a5fc786fc91becf9142b4a78b404ea9acb2
seatunnel-5bfd508552b800edbd08b94dfd8c63b7976bae6b
seatunnel-5c28ac5aca588c9ce3002500ce60a5096997166c
seatunnel-5c3f0c9b002bcece57f1f8f654322e0005c6ca29
seatunnel-5c44cb6405d1f5e702eb8511e177689edf843077
seatunnel-5c4f17df202f765cdd323e9aca8888421e0c2c74
seatunnel-5c689e938f0edc6104ea0d80c7ffb2ee647b7c68
seatunnel-5c79e8e17ac5a2bc88c311ab7af58ef761c805be
seatunnel-5c7b1f6c821febd740917268a612430a5e634c0d
seatunnel-5ca46103f6bd3c2f856c4d6c949f667e26812691
seatunnel-5caccb1c22c5dd4c44732d7c8fe95a6cbcb89dec
seatunnel-5ce65e298c3b9b762922947a13e2b017751237ab
seatunnel-5cea18729f3366080ed7dccff2e0e7748b754007
seatunnel-5d187f69b7b3364269bf3f64a90548b353dcccce
seatunnel-5d24151172d40307f507d2df9678a81450a5a70f
seatunnel-5d8862ec9cc452f36df4abc4879dc9f835539edc
seatunnel-5d98e19efaa0065c8212ebd38356c7b0f375d673
seatunnel-5dae9c1ef0e1437e27b5e55b74f9b713f414449b
seatunnel-5db0445ce62d6e16ef09f13fef591d28a0ed6b38
seatunnel-5dbc2df17e3cdc0a1ded6a25a081b3dc30a449be
seatunnel-5e03d22d6cb5bfdaf941b7749e0a313bd6ab2f86
seatunnel-5e3f196e2962d6db43ca5029ffcb97e72ebe7ca0
seatunnel-5e4983206652ab59ff01bb71e33e61d037034797
seatunnel-5e5859546a720d720b9cabd4571aa2a4ac28ea62
seatunnel-5e7fc371d90f50e882d605e56d648872ce68ff62
seatunnel-5ebd7563fe8cf105b523d22076eea0f7ffcb592e
seatunnel-5ecdebf860a56ec0ddc085fe2b6d9c065e709642
seatunnel-5ef8e6f6d8fbc2dfdd7e83abe60c419391b4d701
seatunnel-5f098a06ec85ad4100598c4b5793ce8d0591f015
seatunnel-5f3ac019f7cb270a7c366fbbb5cf0c24fd501f73
seatunnel-5f4d2890c51fcd974436a79d4ee27adca303d9f8
seatunnel-5f614d1fdadce5500759124a4154ab33993b7787
seatunnel-5f79f45d22bbedc4a0f95ca1f251a217a7b4a23a
seatunnel-5fa746466941d871d4b1246b451f398416952541
seatunnel-5fbcb811c677e51969cd4e9ecb44dbdefb9c0922
seatunnel-5fc205b90deeda07c03131925be9f181cd6d4eff
seatunnel-6016100f123cbf32f8b945155aef6b578be462ec
seatunnel-6020c4a2995b930e9096a3572f5af7b697b9f5bb
seatunnel-605a0861c67c3bfb5d0ecc6456bf1fd7d7a582e5
seatunnel-608be51bc4f367b15b25447587c754304a5262de
seatunnel-6093c213bf366caea945d9867da3f0f8bb4787f7
seatunnel-609f587162a8970982e081bcfaa35c58bbf55a95
seatunnel-60b7796a3ec63b74bf252ce45d18a95e32e2f9a2
seatunnel-60cbeb08b65944219942c8984a19844947ec7f4a
seatunnel-60d0aaaa65c598d23e3ae0407545245aa508c36e
seatunnel-60ecc6428bbf9fd582ff9096f7d132d79ac32398
seatunnel-6101fcda061a3ed667237caab78a83734be3de97
seatunnel-6115ac44e8dec20a12caebabf32e3f3006127ad5
seatunnel-6129c025678ec25ee155d89084f52d324b9f364a
seatunnel-612d0297a09bc46e3fbd5f6cb2ee2ab43ea8c586
seatunnel-612ddebe48011a35754f4c7c9e0710b2168597a1
seatunnel-614cc4fd0de352d866d840f1803eda2bd3611959
seatunnel-61720306e7d24136fa7a688ff563b242fa36b593
seatunnel-617f6c3bda23aed923e6b0e8dbfa6c59e147fc5c
seatunnel-6193ceaec0ebb3b00a0e852485703f8674e9b52f
seatunnel-61eeb1a2e5a84807c0a54c653775bcc0452ffd02
seatunnel-625db5f17b5efe35453d403aeb8812e4b731208e
seatunnel-62b304ad9e3ada7d6785e36ca6d9ba581006365d
seatunnel-62b922b6146cfb3198720c3599bec5e0aab5ac39
seatunnel-62c8a1753dc9956c6aa2b76ba6bec1392700cc80
seatunnel-62ca0759155a5521c2996a0fe12441a264f6a10e
seatunnel-62d3468aef075d53aede6b9a15bd6f5f82ef2ace
seatunnel-630bc3198a18d62940750145558c7912e9fc39e5
seatunnel-630e88479138e54224227e2fa974835a23b4bb31
seatunnel-63103c47bb11b1ec3bc4772afa4981c87a343839
seatunnel-631509293037f3c6d7ef5ce6df53070f28e8d78f
seatunnel-631db15fef26ad9c28d1f18fff1c1f1ce00066d0
seatunnel-636e7607a9bd76e5f5d4b1e223f50456d66f3f29
seatunnel-638e2bb3435c73ca2f2b3e6b38bb1cde87becfad
seatunnel-63befd5cb1b14d9c893c28d3d89ac28c3282f532
seatunnel-63dd9d074d626e602bfd780540b0a3ba2f6c25cc
seatunnel-642901f0a22accb46571bd36dcc1c422e0f77197
seatunnel-64695611545fc459f9d0aa802dbb74ac29351a9d
seatunnel-64760eed4d532690989042ea37959edddc7749d5
seatunnel-64f513e82ba7048180d6a424a33c9720e7ba4678
seatunnel-64ffa1f9171b9685e62ae70de8c0236243e1b45b
seatunnel-6506e306ebca5b1cf956dc0f53e4683c907db76f
seatunnel-651c2460d1b9a5a56ffc1d689081008b0f4f7330
seatunnel-6567b326f036a7fe39ad227fdd8e682321b779bd
seatunnel-656c129ac42c8e43b89dfa210e0fc1fad9f1524f
seatunnel-65a92f24965ac17d1adec3dc475206ede5dcd7b4
seatunnel-65f5a1653bb7d559f76ca85cbfdc6dd485c95e45
seatunnel-660a19efd7ec7cfc6745b995a8054a63b5aaffad
seatunnel-660d7158958bac1a5412c97d4420501f50324e47
seatunnel-661f8d506a36db082362f22aed8ebf5446d143fe
seatunnel-6632a4047373cf64c2fb44bcdff671c378eb2534
seatunnel-66441942f19cefc11532ff9b5be0d11dcb14e606
seatunnel-6672e940773224d0b4c6bc40a789126cc8c69dbd
seatunnel-667bd6ef473340a7d0cdd3cef409adb3d812891f
seatunnel-66923fbdbdb1f215c3478a8a9623628826290021
seatunnel-66ddec2b2006d58eb3c4c5ab64e8819833c483fa
seatunnel-66ec2807b2b609d9039601b23732ba6f8d1675f5
seatunnel-66f8161ababc5730cf8822292ca384f9612ff5a8
seatunnel-672a97f8711cac948a3d546090527e73a5b878f1
seatunnel-674e6c119aeb5fb067bdf15d4165666722f64ec5
seatunnel-67613d1eb4edf4ce3889912bec45ced2b381150f
seatunnel-6777fd83fe83b25ee6d581dd6f9314375acec0c0
seatunnel-678bf910ac28b95b385518b1427c6163a7b8fa0f
seatunnel-6792e538a3eac9c31048500cbbe36d052fd8f955
seatunnel-67e6027970b282794d36813080817939c80b0259
seatunnel-67e9f6fbe128e289f058a539da71e510f3a84f8a
seatunnel-682c58db5420573b0260ef2886df32afc6453554
seatunnel-6848434f2dd9222ba92b5022f4f4f59644856865
seatunnel-685978d0618ece4bb572fc21fc29f908235df2ce
seatunnel-685f5898e0e3ad1d68c9b0abcda24bba980f51d1
seatunnel-687d7d2dd18b898b6eb2ebe5b15526581c1eef8f
seatunnel-687f0c9df76a609fd41d65c2a111b55667ee4a3d
seatunnel-6898280110e95db3efa811dfab105ec943b4e599
seatunnel-68bda94a4ce1839404ddb098a29eddef1df3758d
seatunnel-68cdcd2fe7b423c7f2520cec7481874fa3977c94
seatunnel-68d8187e11c579401ea95f73f404cba372656418
seatunnel-68dc142e89d8aa34042a7c54484e12907effe3b2
seatunnel-68f8e950e16f5ecc652126921401edabf5ac6fd2
seatunnel-69074cf643fc26cb94150dbe1371f5edce56ef5e
seatunnel-690adedbdff739a1aa750740b49cac23791ecb51
seatunnel-691aabcb873392349af9e6379bd29a1fb5dd9f01
seatunnel-694bbdd709110e647628378a44bdf3347754dfe9
seatunnel-696656f1480b6a2d6eb5dec1f6774f9ba3e0e6f6
seatunnel-6979cfc305e17b854fdaf00d4bdc56c6736e7828
seatunnel-6a492d79bc5d38d325b7082aa4c995a656e8f824
seatunnel-6a4a850b4c92a3b01beba5e1686024a51fdd507e
seatunnel-6a524981cb4daf84777c948e58b03cc1f238889d
seatunnel-6a6b3475946f27d798733ec2c34ec0dccb9c0df4
seatunnel-6a908b7134bb711eb59216d5eec523ee98bafa59
seatunnel-6aa580d67ac4c7f617dd8bf28ae192ba9c31e370
seatunnel-6ab266e59412612bf947d8e6130c3c25b8d799cd
seatunnel-6ac6a0a0cdddcddf07f11bf485c9974fdfc90bbf
seatunnel-6ac7730c6a18e5b60b06d32035ceb4fa723b9601
seatunnel-6b2db49f6464e0e88966071e01e981deddfb7d2a
seatunnel-6b42a6b503986425410331bb9c0cf5f3a9ca9671
seatunnel-6b5136b7b015754cd2e3aea2d8735a9f82f10df2
seatunnel-6b5feecd8a4aa369ca1cf37727026b07a6a8982c
seatunnel-6b650bef07a152644a94ed063fa62310d8b7054a
seatunnel-6b7c81d1a35e4976b0ab4a7c6d1fae261879ce14
seatunnel-6b808048d6a5aeb124f6a1ce7bbe7e1ec676ce95
seatunnel-6befd599a1643427d07f2e048609036aa55ab023
seatunnel-6c4757484619aba8c362116f571a61c786529086
seatunnel-6c54a997457a2aa256fe76ebd71762b7ad1af7fa
seatunnel-6cade31e521fdd41589143edceb6fb6735f58ab3
seatunnel-6cf63362a3edc2c1e5e1c40d0ccc635c535b8860
seatunnel-6d08b5f369a5c2f07f14c9a41acac68123b4d137
seatunnel-6d29e3e18c0579aa114d94482b66bd3291479879
seatunnel-6d5ef6dabec2e24d524a737c389d868ec3a8eea9
seatunnel-6d78f1be385c5dab4a6a1b78d04a477186712d82
seatunnel-6d85aadb72ad5f14d09e3303a6dd2b4611b06167
seatunnel-6d9c71469f6ba9c256fb4dca3290c9ba6200a04c
seatunnel-6da8362b9dfa4b6f1388eb38f16eacb204a9ecb3
seatunnel-6db4d7595d68e6ebbe8f436258f9948b9f930ca3
seatunnel-6db9e970dc559edded3d4dd30cd62ad069abbb29
seatunnel-6df97726cdf36301983f1566b286344b3899d291
seatunnel-6e336d0e4f7049911fb23a084c2e3f0495e226f5
seatunnel-6ecc990078db3781754adf056d2eb2c2c3e351a1
seatunnel-6ef28e53d11899220c0be3b088fbe38611c4eb3c
seatunnel-6f1e7c8b362c5ba1e56be730fed5c1d90ebb9558
seatunnel-6f58752bf44d5e325fe0e9866cb9d34466d37e16
seatunnel-6f85b707fe860b8920d9c0da6cf85d7826083c44
seatunnel-6f87094569f2f1ac614d7661fc953d06a54871f0
seatunnel-6fcc5341a9ecfc1a73877e3ea95807d230f23c7d
seatunnel-6fe0e6aeced0b6df2d58b3df843163d33802916a
seatunnel-704661f1fdea391276726040e7b14c0604214ef7
seatunnel-705625c178210cba01a9e49265c2f9c366930594
seatunnel-705728ebbbab78ee2ab7c234d9cacb15efa23dc3
seatunnel-705a289946c55b35451e12cb0231c44f71120841
seatunnel-7108482a32758babc1aecbbfee272aaf92f4093e
seatunnel-712b77744e04b53b0603295453e14c680235bb60
seatunnel-714511a5dd08ee5af2a92f6a7fa6b31f1eaa4f60
seatunnel-71500da341e145c6daaa437e7aa6b2d900b485df
seatunnel-717620f5423a329cee162c4cf9aa244ed1b33169
seatunnel-71a9e4b0193cb0a5c379f0d72f367e8ba659ad67
seatunnel-71b04103842cac00969171e2a17e4c30b481669b
seatunnel-71d098bc93dada1f8276be6e2be24340599eb616
seatunnel-71f4d0c784c90bf802aa5b1baab6953cb1a87d54
seatunnel-72097c868334449340d34de53fa2799101a652a7
seatunnel-72158be39513c15f0b5f64f24df2af5ceaaa1447
seatunnel-72651a1fdba4acf3a139706831e54963f44c89c3
seatunnel-7278209ca2d345d436351f055010b9a8864b20e0
seatunnel-727c7b2618427840782760953ce9a32f07c6672a
seatunnel-72af94eefedca888e96210564f0518db142b48eb
seatunnel-72b57b22688f17376fe7e5cf522b4bdd3f62cce0
seatunnel-72b8a73cab159fe5a1fba950c60d5de24838cffa
seatunnel-72e21f5e54452be917bce0d6ee57db0ccf3e0fb9
seatunnel-72e4fd70cf9b28d4ec06a8d6268b3a5a8abe0590
seatunnel-72e66272d5ab54d8d8d54fba8a4a1193c94ba3d9
seatunnel-72f241871325c29b5031f05ad4cefe89f60a2a14
seatunnel-730215258ba1fec6249acde37e32bb05c9f6492a
seatunnel-7353fed6d6a973d3029c3f5520fc4e3370e53bca
seatunnel-736983a7088388b9b718df9bd21617a7622ed095
seatunnel-7376665d3ffc7023dec6ab39e71db514bdf85abb
seatunnel-7376ec7ab1bf02e56d89f051eedb827305736af5
seatunnel-7393c47327f5a81de4aca4306ee975b588f94e36
seatunnel-73b523d55ccb7240336e0ccbe9481695738feca8
seatunnel-73ddfc4f28423b35856625f59c39404afe1ec6d1
seatunnel-73f63a5044856907b08ea16fb3d821bc6534a5eb
seatunnel-73fc0c1c13484274d3e29cf5333374c3309bb4c4
seatunnel-74048e357208ee7189856a82a206500394e72eea
seatunnel-7404c180de8b2bf2b43cbff866ac4a9a951e8bdb
seatunnel-7414bcc9d47f64eaef90db8f66fa3ab1db8767f7
seatunnel-7429707d6800f3b030f14c4fa5fc16adb30d5ff4
seatunnel-7441cd96ee260f52ae115bfc97e68eb1c7bc4ea2
seatunnel-7456a61d457b4cffd22f92048fe574e5ce8d4215
seatunnel-745eec0d8396a04a207e5de1f49d88816ba34e1f
seatunnel-74666c454a2f3b3570cc16b22f9ee5ea3a37e310
seatunnel-74704c362ac11e8a620927c3ce7b2c972f3b2e96
seatunnel-7490628c290c3a81c8af58e5a914500f1033cacd
seatunnel-74b61c33a0fb389307e09cd33371e0374626ec27
seatunnel-74bb75b68f1a31a157cb98dea220b6bc6aae938c
seatunnel-74bbd76b654deffd1c160e836e8cdf56c2fcac74
seatunnel-74c33517005779c9f3ca06cc58043e204c75911b
seatunnel-74d4d248582bd53a2b5f9b80370cb36e2d79c547
seatunnel-74e8dc1cc77f81abc2a3582057aa1c927aa0dfec
seatunnel-74fd88685af58dfd33556021067ca447ba30b68f
seatunnel-750f6c7561206a7ac44fec97332768df64aeb6e6
seatunnel-7532da75cf2a3b3c1109818a3511d4a6697e25e6
seatunnel-7553ce5f32a0813cf7a9931d9287ea017b6d4f58
seatunnel-7555b0d877f2c60fad47f1edb8cbefa6ad6d03c4
seatunnel-758335dcc5c5d6fd533168f2cb18091b6dd1ea6b
seatunnel-758db6e8ca663ec524286c76cb7a4ddf6cc13eb6
seatunnel-75c91fc05e19a735cf089f61c21723d606a0f5fd
seatunnel-75cd4723b2c14de9f20e1d7005cac7498b82887e
seatunnel-7622f28999c18ff1090c5bec08ef96d7c6c7eb65
seatunnel-7655ff8a5f95000074891a7a123e6fd382c5a39d
seatunnel-76818359af3bce34538536c250a991f038d8217e
seatunnel-768a9300e8f6f01e4e04a27f684ce6ca15265639
seatunnel-7696ba1551a3cf26f7038fdf108debaec7e5ebef
seatunnel-76973fe846e1b770362c1c6ac99b86eb7b29aff8
seatunnel-76a287766983de166280e57d9445fe1e6ec8ecc0
seatunnel-76b7d31c59d8e5cc706f3f770a1b4ddf6fba8354
seatunnel-76bccbd8c80585803022320a7c9b27494e82b1c4
seatunnel-76c2cb37f91c1ffd8912b849edff363c986c57c2
seatunnel-76c462df09abf58b287c10f422661cfe0483b1f3
seatunnel-7703be091f57db918ff463a482b908b14d56d02e
seatunnel-770bade75ba9dc6f04bea75e5cb9c567a7401a14
seatunnel-777bf6b42e5f04f5b10e583506f527991a3b0e9b
seatunnel-77f68f1eefc9e2978f6a0947a08bf1a0072172eb
seatunnel-78035bfac3d78f67ed356369603896d2b2b65547
seatunnel-7823afad50dd53650d127fcfafca90f2971ff466
seatunnel-7870ec1bd757ea3eb214dc52c1290db87ba02ede
seatunnel-78b9a739cfc5d21cbd04ba68a31b115e5a2ec843
seatunnel-78df5033920bcfc7818950160dbc4e724c3c3a96
seatunnel-78f5d503b16497752c90caef49eb5062e616e713
seatunnel-78f7989b814015ffd03e6f3c9f5e19f8b66e08cc
seatunnel-79339df3455c88ba606847d79b3b3a1682c97a67
seatunnel-793933b6b863678d91c2d8146726b5c81c3a22a5
seatunnel-7953ac149fd8d397f7a87b147d56d355d7798a18
seatunnel-797adbc52eaebb4564a5a98158c7e141a70cd0f3
seatunnel-798d6e829c3ffcb7d69eb5def98b4ee9a03ea548
seatunnel-79a134a03b8a13a292c973d04dc28ccd88422c38
seatunnel-79a499b2223372652dd34f21646eeb9395f0fbda
seatunnel-79b5cdd9c2acf79e0de76599bbed72db44400ef4
seatunnel-79c3de43e743ca1c1b6c6aab998159951453b442
seatunnel-79ca878338499ba10e6f72fad0fadded53d17127
seatunnel-79cb09d629bf1c98a2c1bb6bf885b65a1992e8b3
seatunnel-79cb3f66eba0c6e999f667e3e3c7dcfc58a16031
seatunnel-7a0a3da25538f32931bffc711997430fc5b9c43e
seatunnel-7a1a7e31f3c34c947c227d92560a946610a353fa
seatunnel-7a1db7385c3a1beed2d4df73dbd65a413935cee8
seatunnel-7a5135b98f134a6d5ba926bf75f27dd754876f8b
seatunnel-7a7b2299d9d6fb7bd4d9745d09c64bf459ebacad
seatunnel-7a81fd3751048492df5d3b38ce4bb5a5d7a26986
seatunnel-7a836f2d44560ffb8edd7aa6c8a12b0565b94f2d
seatunnel-7a8a0769fa4825ccdfb875774bc421db96f25461
seatunnel-7a9cd574f19cc41cb9e36803cfae23e21eb2f523
seatunnel-7b237befc5f723a35656fbee4aa4306300554ef0
seatunnel-7b264d70047a36933a9f071fcc318d1d5fca3b79
seatunnel-7b44c012783f53938b851bba3c605c3fe23fa72e
seatunnel-7b47c3494dee4cab98859859b07e94d36bb7c90b
seatunnel-7b5f6f1bc2f2038ff6ec25abdecc87f2d990c24f
seatunnel-7b6a4f9b1c432869872b8ca41304d047d3676529
seatunnel-7b72dd95a228aad9ebb2f51c2f5755ab2ea03d04
seatunnel-7b78d6c9228e438dab0ac62539ab642c0ca11e41
seatunnel-7b92d2a208a86aedd4b67b1bc264971d7e5ae23e
seatunnel-7bc2ec5405c6b534c4d31e7febffb19a2bf743e3
seatunnel-7bf00fb19f62ef21c9d1c93da7cf256d18a2e4df
seatunnel-7c0883694be0ca111e1eaa5d150c675cf712ccc1
seatunnel-7c38feeedba852c5423182a2633776b25cb3d527
seatunnel-7c4005af85102db179c705ad1b5127dd619798c4
seatunnel-7c56d7143b8aff5a3296090655508710ba2f0b71
seatunnel-7cdba7a05adc9407993d5720ebe7730ad652f132
seatunnel-7d04b4776a2b43e8e79621a355a5e491341cb33c
seatunnel-7d36706b6e2d21451d956949c61a7440416d3e3b
seatunnel-7d5ed267bd94cbf43fb58856c86f80367f686f63
seatunnel-7d61ae93e72709238c54127a5ad62dde5df99130
seatunnel-7d7f506547346c48258d0148fbae684d9074bb0d
seatunnel-7d8bbf1b6241664b44395b65c2441af0da05ab78
seatunnel-7d92e8c8f9d11f5b36a787f239bb7abaa379260c
seatunnel-7da11c2f44809055e8d59f1cb86ad3957535ebb7
seatunnel-7dc2a2738842301b704d30beeb361a1cf2263f55
seatunnel-7dfd29c0ff252218bec63afd9209ce90b2c743a8
seatunnel-7e0008e6fbcbb238bc86f97988618732b41127f1
seatunnel-7e1c2fe22ebda0f0b2ba65887e69c145cb3ea89a
seatunnel-7e2bb647d8da4fa0cc139cc5aeb196b67695abaa
seatunnel-7ea5489b36405e1b035acc1aecefb3350ec6170e
seatunnel-7eb0547c25188c0bf206bfa8294fc54f8188cacf
seatunnel-7eb19a971aea7cfac76feeccadffa35ce4e79845
seatunnel-7ebb909d76e96569af6f6512c44813ecf436f1b7
seatunnel-7ec0ada2b93d8fd5be103bb5b44acfc733798e0a
seatunnel-7ed1a6d87eb36aade5f5f50b2c038ca79cbc4650
seatunnel-7eebd8d1be3fceb6a1bb1daab7a04cfd322a3ae3
seatunnel-7ef09b0de02d0409b417b1d62cb5b11a6fb14274
seatunnel-7ef2ef8b26b454283bbf8ddcb298251470f19eb1
seatunnel-7f10cbc6edd41f895a197aae3c28e8b155d55077
seatunnel-7f1285f149dfab4aef21986c1738574913b99646
seatunnel-7f2be1de485cbbaecefe54db7099831da4c5f99f
seatunnel-7f5671d2ce3e854e7aefd695c38ad6d485d9c4fa
seatunnel-7f86c94718c0e3e385578b8f7cb70d775583228c
seatunnel-7f9f202cbf967e5342206b32b70d1f86522591f3
seatunnel-7fbf1ad2bc39ea7caecf6bb3bd285943c12a88fb
seatunnel-7fcf49e2347186c1bf6735bb042746eef546438c
seatunnel-7fee8eff00884b7040968d4865fc9cbb4ce034be
seatunnel-801642fd45897c44ac7cec1ec0f7ed38e6b95b0a
seatunnel-8056683f82e456f5ba6c42d3a3b184faabc5a73f
seatunnel-805a4397d3ce71689ab0747316decdc2b432d623
seatunnel-805f88cbc0364b3b1322b242e0720e91d1797c7a
seatunnel-80794cf34ee826f1964df0fff604f63913c8ba3d
seatunnel-8093935123f9bd526a868f86a7afcc1a769712a9
seatunnel-8097925dffe1ce3d9072b0cb07a5e5b98072eced
seatunnel-80b5cd40ae8fb1ae3c06df50eb7845f3bc26db0d
seatunnel-80cf8f4e4286b41966f17a0889af9bcccfd0dc83
seatunnel-80dcf30a144481c97b846e258c507bbd7029976a
seatunnel-80fd6687f9c5f0c368ab7176a1400167a5af60e3
seatunnel-8112879da7c708965e052d79ad22ae1d6f769dc3
seatunnel-814108e7133b9401cde2e9a4f410aee8a0ab1cd7
seatunnel-81cb80c050a758ae4a333eb7c3d5e250e2e1aed4
seatunnel-82297e4dfc61562b8f9a7984defaeb58b72a9465
seatunnel-8241ec193a77ec639302a7762ebc9349bb4df913
seatunnel-8250fc8b7b87b788d0d3869c009a9baa91a2f1d0
seatunnel-8288ca9915ee6729fb2fe5ce4a64343c64b6f735
seatunnel-82912870f4903c0b82e4ca466b64f0776cda3b72
seatunnel-829261e1a655bf3fb1867d842323e5b3374e1178
seatunnel-82a5c852d8a4f4b27ea4a3afea901076543487ec
seatunnel-82a93ba87c26887b479054eac052b7746c64cce3
seatunnel-82c784a3eff4a7bc1766ad243b107561ec47f27a
seatunnel-82efe6b9feededbdc163862c448e7d4f76f354b4
seatunnel-8340222dbc68c71d50f8a8538f66c584f250afa6
seatunnel-8343f22edb9525a23d267c7bd4ff92d06ece2e7a
seatunnel-8348f1a10895460cba2d65489be4905c5099289b
seatunnel-835e65fb922ec1989ff3c2527b067f052b67746a
seatunnel-8379aaf8763bb9b3a47eaa8273edcfaa0622ffe9
seatunnel-83b147c106d1f0809a9c8e76a6db1e7d6f3c9653
seatunnel-83ceb8a1c2f04d6a9dcc4be4deee844ee47387bd
seatunnel-83fa97bc4afd61db8647602064138bcc700a00b3
seatunnel-840c3e5eb47d222c82dfe054182790b47c4fca30
seatunnel-84508fcb659cee36f0061c10e1bfb9151209ee60
seatunnel-84b7e3e7281cf4297cd8cb614fa58b0f95b0d560
seatunnel-84be0f9fd057b1680d001de38802ce1c28d79f04
seatunnel-84e066788b47fee327e5dd2a6ee5f94cc22495b0
seatunnel-84f10f20163caadcd23d61f1bb1263acdc03f82c
seatunnel-84f6b17c15ac3f82c010322ce2b74ee74b501ac9
seatunnel-850f483816c0c8255bdd834dea5864a8a1040260
seatunnel-851a066d83fd7676fe126b5fbc3c8948a41a1a23
seatunnel-8524796090d88b7f9fb2374ede9a4a592412bf1b
seatunnel-852c5ef7f85b2ab5853aafd4aeeef9ef23d0b7b5
seatunnel-853d914922ee335515bd562dd605f13bb407234d
seatunnel-8540c7f9f33415b88d0878aee57b952934febd1f
seatunnel-857358b958d22897ecaa39581909c5bd039f6e3d
seatunnel-857f6199222673928c72dc8564f3a924700dd4c8
seatunnel-858c5a85366f86abd477732ce59e329021b1c0b2
seatunnel-859a4bc20ec01736e3154c5d898870a8bb0579e4
seatunnel-85a984a64fc1d529098b6c356207869b4edcbd25
seatunnel-85d90580a6476b0cd926507e59b6e30f0d4850fd
seatunnel-86082f952d9d7a62c6e89a9472ccad96da4fa625
seatunnel-861004d309cb99023cfd1f1ea49a8adbb96d4949
seatunnel-86104125ac1237ddb01a66796b351f890861367c
seatunnel-862c31e4cb8841465610bae29439fa31da1baf24
seatunnel-865ca2bba9060a7e847385c597abb7c50057ff2d
seatunnel-8664bb53a53272efd75ea4f5d2e5f242e879c5c3
seatunnel-8696b245a03cf6193f0b05f56f56c77c1e791694
seatunnel-869ea184a212fe2e96e7aea61844ea0b7198630f
seatunnel-86d46503d30da3fc32558dfc65016458bb4ec217
seatunnel-86df925b82f7a7db00d764412bd32427f3de6e46
seatunnel-87001dfd16200c745557fb3be02a75939585a641
seatunnel-8714052e3249bd07b9461bbb0649298d8d3815fa
seatunnel-8722880bdaafe4a52a38b0146add513ee8cae3e0
seatunnel-8737474a5d02747afc05b797e886893176bb0d0e
seatunnel-87505e66af999eb3921203b8b10f03a16b8c9751
seatunnel-875d8f851c6a2d1f7a39889bb7eb6e99adea24ae
seatunnel-87d0624c5b2f8884b9cb84bac9399a6426aa30e9
seatunnel-8801c6091bde5fc3d44bea6aa6f192f45b054755
seatunnel-884f733c3d199c1648a9f82a59eda732f632073c
seatunnel-885a37e4f312896c1c20211d82a84299464f6212
seatunnel-8875d02589685cbd57742291cc6d71f6e4a70ace
seatunnel-8882f041ca52bcbc57fd5f383797807d5fc728e8
seatunnel-88906e055f60f23535a29c25929bd2ead7a1ccd4
seatunnel-88a26d5a29091c891e920ee5eac704423ac4b62e
seatunnel-88c56893ed6b95d53e2d27801f90340a86c5d1a8
seatunnel-88d4ff5da6889c6373609337ee6e5e496c121ef1
seatunnel-890211c238f8d64749e9cded51f770efad3774b4
seatunnel-8905524ce51b3d4efb694a80e63a6275da88bb92
seatunnel-898a31db87ffc3690d7cc1e8a051dd8830275553
seatunnel-89aab1a6e3622344a7f7656eb74430ca8f34474b
seatunnel-89b0099ff45d075624603192a40f0cbb85b58a07
seatunnel-89db0eafe68b84d7e3d4cc47d0864ef9f0a27882
seatunnel-8a2c2a8b80607eaeb1a5f6eb22a29c6d2a7c6727
seatunnel-8a3f4fad51be94ea08d809367bf86d731be0ac26
seatunnel-8a7fe6fcb6efa31e98c3c40187554f09502fdb45
seatunnel-8a9af87c2ae18af69dc813688ea56b147e4b8abe
seatunnel-8aa604034c00abf97ce69e6d680b7d7c343385e4
seatunnel-8af7e03e385b9f261e3f3951768252d729570df3
seatunnel-8aff807305650ea2e2da8ce2faef0676554da484
seatunnel-8b43e93551edfaeb9cb8d1a445540c6db1453dad
seatunnel-8b914dea6df53a70dee55a73392f7199893a9938
seatunnel-8bafdd4cb366310cd3e4402e92e8b88012ca9da3
seatunnel-8beffbb60380759a9924f867a5edfeea81c342fe
seatunnel-8c146713a7010ef684972973ce09c6c9de791f07
seatunnel-8c2d2c7737961f110efa56dc31b7c918487e78d3
seatunnel-8c426ef850d5759f4047dce75f1b556c3ce03d79
seatunnel-8c4ed9fd6b20547b336869b899dd7f50f94b5f5f
seatunnel-8c88b36f324599bffe87de4eb66145ac51c2861d
seatunnel-8cad04dcb03fe2d9a12918de3a7ebae4515eaeb3
seatunnel-8cd0e51084b40537fa5d3bee1af2cd087d0be6c6
seatunnel-8cd8cf7aa2d3a388e4cc7a4bcfc250519800770f
seatunnel-8ce195c4959430a7cf108806d0b3e45bd5809579
seatunnel-8d02ab4b00868b83d4f526b7f18c1566f7fe46d4
seatunnel-8d32d179981cc8de87af981ade28558cd44aeca5
seatunnel-8d5712c1dbf33cddc814e8ae5b3283daff31c9be
seatunnel-8d9d8638d2c3042e785efee9d0812e2157ae1bdf
seatunnel-8dc0243aa7529691ecb95016f7a5ea37fd1a545f
seatunnel-8dc1c605ecd45273d5550839f8c28038924a789f
seatunnel-8e1196accf8cfd078780c0424cbe4161d52ea799
seatunnel-8e2e796cb3891546d99a73859794e569d0465736
seatunnel-8e3d158c03b9307dc33562760490c040b8a95f05
seatunnel-8e60ac2704a46dfed5cae5e4a6735757761f5c87
seatunnel-8e6c866d3e2dc0fc1fb3184176ede2bec4249bef
seatunnel-8e77d01c75195e81db9300b627d161b219e2dbde
seatunnel-8e83fe5959a6346568571d032f4d486ed7ae7cc7
seatunnel-8e90c5ede9512faa0d7bec8026f39f2cf3b788c1
seatunnel-8eea356eb75b64b6d3e8646aa66dd3f4e8e639ca
seatunnel-8ef080f200fa6bd8553aea771c42a202b9b5ed00
seatunnel-8f11b772f626f6efd6a8336f1f68fe3c5fdb1a43
seatunnel-8f19dceeb6a3cdae7a3121c8658d033ec08b6545
seatunnel-8f3df45d605d70864391c898642031ac2f21361d
seatunnel-8f66ce96cbdd2b7a867999aebb5b1aee32d71d2d
seatunnel-8f6822ea2e933aec5eeb205dab7a2397ea22c43a
seatunnel-8f6ccfb3b97cb92e37ce61931b0510df4f9da8a6
seatunnel-8f710f76a9a1ddd2793adecaf5611aec27d86666
seatunnel-8fabcdb46a788573a4cf42e11297e3a684a8c466
seatunnel-8fbf1f60a9469d28b7351a581dc7034a12ab1f73
seatunnel-8fc708317ee07524a7eabc6753824a075c913252
seatunnel-8fd966394b66ef83dca4635a9c278f655903a9bf
seatunnel-8fe0dda6e20d527fb20a645d69aa35a1342ff8cd
seatunnel-8ff0ba701516c98606d960e59c38a9891099f4d8
seatunnel-8ff90fdcfbadb5e41e870c24f942b9be102c28a5
seatunnel-90041bfd31fb137d2377f88382a653fea7312c82
seatunnel-900ffbfb0244ee895ed56410513eca242e585b02
seatunnel-90231db0f3d6ef598a80b273ace93609b093026e
seatunnel-9040753489514583f298aea1bedced9eeffaa827
seatunnel-9069609c178d008dac8fff701e500aa2168fec69
seatunnel-90ce3851db2266c89a57bece479c4ed79cd69988
seatunnel-91108fc6751f8afed11cfc40d0db3f6f0b3113be
seatunnel-91240a3dcbe0434e1992be61b71517f38d238cae
seatunnel-91339b923f2b506f3bb7d4383760dfb720e167a4
seatunnel-9153f28ebb320525cd45a77652b25d040d41250b
seatunnel-9158643ea9728c931be9fabb49f7a7ee1f101cba
seatunnel-919653d83eb07cc3a9d66a737262a624ecf4cf01
seatunnel-919a75f0cd83da77d8989b0e17b0f7ebab5446f0
seatunnel-91ddc2e83c9f80a6847a7d9de15d1073a65b82c9
seatunnel-91e632c5268f0caa908537fb7e3799c34fe2b552
seatunnel-91f5125976b63a3d508bd8e19307a91d994ee465
seatunnel-922c555aa977b09d64063c5f245167eec178915b
seatunnel-9268133a810f81cf168a77eb450fde74f05ad4c9
seatunnel-9288948724281e0d4562b4720734112a9c4ffab7
seatunnel-9290ae826226e6ee56306bcc7469ca677e294093
seatunnel-92fe127447d3779d092f147c1c5eb158266b412f
seatunnel-93471c9adeb3438e2c7025e49eec2e33f71a4705
seatunnel-9365d35200f6df34458220254070b2101267eab9
seatunnel-93749721768ccbf6d686f2e29af06c150b6b4ad5
seatunnel-93bc8bd1168069e191351037f12e7d5a0dc45a98
seatunnel-94195249da2255b2e1f5731c94417639936d462f
seatunnel-9433fa24f534f206422a33812e0dc96d62622d78
seatunnel-943cf4bf9464e00c17dad511e04f6e935587e5ab
seatunnel-9464fb21a68e018efea60e4aebf27061662c939e
seatunnel-94864c0772678fc79d1c50c2b22a4459d0e8cc1f
seatunnel-94915666540fb94c164816ad20787a978f2a9842
seatunnel-94b472b8069392c87ee134be52a65f562925d00c
seatunnel-94da3cba9e071b1fb006ca001cd6ca96b6662cd9
seatunnel-94ed275ba334b762d37c0a2fdd039ce1d5cb2c7e
seatunnel-94f4600a4e135325be439302fe3a875ebb7f5b30
seatunnel-94fe1e081cf48e6095a860d431795675e871b651
seatunnel-950b27d13244ae89b5a94201018aaca5d60256a0
seatunnel-950d9f41f6fac16e3efc7934efec3df7a07c58ee
seatunnel-9589a7f75388023580cf2f84809658b73e0afa81
seatunnel-95b4eff54e8511f3e2f0edd2b38d897395f8cad0
seatunnel-95e3cbf87541c1d9d2697cb22720e21d4afeec7e
seatunnel-960d3b96f63ac06ee3567887ebb130002a958264
seatunnel-9613200396f5297a9066778b53c19d17c281e7f5
seatunnel-963387d3750f9baa40815d5f7b1b3360f07641ca
seatunnel-965128dfd5494cbe147961ec7a2f24627473ef26
seatunnel-9659430fa2e6b1b19fc04aa864cd1daa5e0667a3
seatunnel-967fec0e9341ebfa925c6e5400d3eae68729a57f
seatunnel-9681173b1018994ca4a80f2d9b6cd5d9d8d98357
seatunnel-96bd7031fb59c65dabe31c4a3fe803f43512186c
seatunnel-96d0637c8471ec9370f15a522db0b23ff5dc7669
seatunnel-96f2a15e4d30db38b24266d5253c7e7b64db22ec
seatunnel-97048aa17f4ebef6bf6cdbb8a1555b74614790fb
seatunnel-971af707e83376dfb7c1dd3e39e0b88c226fa33f
seatunnel-9725a425177ecca19aa4ce3f614e57db5f7cadf0
seatunnel-9725d675da00d06c7a6ac84ab658ab5db1ee0692
seatunnel-97400a6f131d04822803bdd841f1677b2ac39618
seatunnel-976a8ca16a14590a7618b622127020cea101c938
seatunnel-9781a6a385d6229dbca617b8cdf83a75e599c715
seatunnel-97b5727ec649cb45be0a6cef5006a642ad0807f6
seatunnel-97c9fabecefc51258265289ee0cbba570c079a59
seatunnel-97cc0d888ac3f6574e8543e9500576d812742af9
seatunnel-97cce8c25562d077e1a13870f1cbaff28008e590
seatunnel-97f7b432d3e77395405801e0d2a8c5cbb3eb70ec
seatunnel-980475c4d2e08b33a11bab439779db9ec04d1a3b
seatunnel-980981cd0046636d16883bad71dada78694c46bd
seatunnel-980f0ceb1ec70974d0a72b73686587c22a6d28f4
seatunnel-981eec64fc383781f938e6fb539d05b957084404
seatunnel-985fb6642aca90c59f82bc3d3b49731a15523816
seatunnel-98697ddfa6fba23efb428cd5e0017c47f721d854
seatunnel-988c37c4a98c1a37d50d8d0776ce75070fb65d7a
seatunnel-988c8bb5b37150837617e40d7616bb70111d4c13
seatunnel-988d2f0c4ef3ba8db0e701ab2105555996def4f7
seatunnel-98b1feda851eb4cc6b792a3f4137b687b3cff179
seatunnel-98b9168d5ab42696b672c220ae090abd9382c97e
seatunnel-98ef8a576ab55e07f137dc6e2c112de18e2593e5
seatunnel-98f2ad0c194d64df3a2c8aee6b38ce00cf1df52a
seatunnel-990ee8957dec5ce081e0b5ffd5e7d587c1d3bff0
seatunnel-996731df6857a8e697de937bba5d60c1a33f59a3
seatunnel-996c4741f799e1bb8726f2eb1b35282ab0932505
seatunnel-999cfd6069d128b26f19d3ed268a90695f7f567b
seatunnel-99a24d479b843a940bc60b07b308457f8482ed84
seatunnel-99ac1a655e0721518d50b450a451000fb97a2795
seatunnel-99ad5d65de77b3df7aa7ff94f2546ecf3511a637
seatunnel-99d0dfd9d6b5ec1a36edc6b2d49021684c10c738
seatunnel-99d7cea683df8512bd256e075e96b044e5086239
seatunnel-99d9cf30cdd991a67fd66cfc3d9e5b6348e9d1d7
seatunnel-9a0ae7271f7586c02f80b27841d9681df4509c2a
seatunnel-9a0c1e48e07ba1efb74a0b468ac6aa4d5dace826
seatunnel-9a2efa51c7180b369ecfea17efaae813d9d0bfc5
seatunnel-9a32db6fc00221ca0a77fb044cc595a90dc37b7a
seatunnel-9a3f5434d6571bbe7dd088a6fbcb598bf80acd0c
seatunnel-9a4160e29358a66e2da8e91f8fea51f3b838002c
seatunnel-9a646a7238c297307519bb0157823b04e50cb6f0
seatunnel-9ae28bc16eb597ae0991bb93d13622fa9a64a571
seatunnel-9b0fa62fe447fcb8dfb627896cb3006debc6b85a
seatunnel-9b113e5484041ae6f3739c6a3165e1c9470ce906
seatunnel-9b1821f476e69b77ef958204afcc528c633d5738
seatunnel-9b73e4c7bf5a53c1552ca909a2645ca661687e38
seatunnel-9ba1b234969dfe2425d47e9922803fb0b0114e7d
seatunnel-9baed60278d766d1a39507c8d056d233301be7b4
seatunnel-9bd076cc19cf87a4219cf85fb67649c4e3dacacd
seatunnel-9bd0fc8ee24cbda9cab06cbde0cb3fc6f23e64e9
seatunnel-9bd5403d715f924075fd0866107d3495400fc8af
seatunnel-9be4ae610b5c8236f630dd11d3520781f7a9d8c6
seatunnel-9bf3e6ed3fc34e07b1f984673cfba8c491255633
seatunnel-9bfc725e9cd087f272af586488e5a700d2fa5c43
seatunnel-9c187e2d2724a64983b69af490e138cc8672c7a6
seatunnel-9ce220bf6cf52f2b31ea76f84c59a2257444415d
seatunnel-9d088017a300af59f28b4894a3009ad317b163f3
seatunnel-9d0b5d2d48ac36fd2d8f2bb722064951bd35bd57
seatunnel-9d1b29da8f7f2396b80b1b154c73d2276f4a72bc
seatunnel-9d88b6221a5d6058b61d63412e9804be2da4a07a
seatunnel-9dbace918ae5a4fcdaee4a3fca6bb74a85bc782e
seatunnel-9ddaa63def2a33fe4772e7ed80f78193f5cb2883
seatunnel-9df009494bba65a954106906a56f26250ea06e3d
seatunnel-9e39b36086af1443e14d026da4143a7f41ab528f
seatunnel-9e496383b840754251ff2eca8265f7a63a0f28a0
seatunnel-9e4a128381f3df57a73161d2149982fc0997a422
seatunnel-9e82ad2594de330acfb1d48653af9227f52fb565
seatunnel-9e92593709d5b20a0c2559900a0c4632aa2e7d0d
seatunnel-9ea01298f18803e0bdb8dc13dab52aaa1a0ee014
seatunnel-9ee4d8394c06e05078b8a216e04bf67f9b3bc73c
seatunnel-9f1b474f8ce893196b3e92f90ecea6e91cae7519
seatunnel-9f21d4c76905b195bd565492b26e0f770e7e61b0
seatunnel-9f38e3da745f898727b53d72e6cceaa6e36dda22
seatunnel-9f59fc1874fec7909c37c207c9be7e88499e11e8
seatunnel-9fd40390a74f028738e0afaa87e4863291e42083
seatunnel-9fe2d3def324cad7b37db9608ceebd2f07b13241
seatunnel-9ffa678c80053655499dbb2147a273a8708430bb
seatunnel-a0068efdbf7d9bcba887c8670896e1df6a8279d2
seatunnel-a01e4a2431124d791cfa1192dd41aff29dcf81e2
seatunnel-a01e591a2ad54bee2c9fee1842cf3d3c32d27b01
seatunnel-a0394072975c92008c17f3d011174e16a097682b
seatunnel-a0403b81757abda681e65fd6dafa3a9206082033
seatunnel-a0744de83f6d37f053a1147f53ed6ef5a14ff042
seatunnel-a0959c5fd17a403e1382bb0a2c895e07ee5cc0ab
seatunnel-a0c0ab939e8e45a25db737cf9bc146d1073346af
seatunnel-a0eaa27f668bdf7619128f1022acd75f6101557d
seatunnel-a10f4f8eb7b531daf7e93cbc1442373a687e7950
seatunnel-a11c7b77f85b7d37ed3fa38e8b6aed324de55808
seatunnel-a1270ddaf7e657697101efd0078a8a498c612e67
seatunnel-a12c6b2d8e8a7d5014140a7667761a436bd41923
seatunnel-a13267daff28d79e9f8b2b352c4c98d2e52292dd
seatunnel-a134c0732aec04b85d6894b927c31c0d293c6c5f
seatunnel-a1553d5ffb4d54d177d3a7cd2b8c4ca8e8e61546
seatunnel-a15ab7fa68c264c409b14400f21e4f624c8b9362
seatunnel-a1765f9b6c3efc111a0d3b1425f0476950821891
seatunnel-a1a625b78064cc6a44a1e9d5e9e5528614f980a7
seatunnel-a1a80b1b5995ca7a1c5723364b2b3d9c1639e965
seatunnel-a1aa84725aec1ce8b8f27ffef117cb93459adc9a
seatunnel-a1bfaa8d1f2f58d48b31fa29c60761d57b80ee29
seatunnel-a1f6fc926f86e10fceac9fbd8ec7937e353b18c7
seatunnel-a1fb8d1be9c5baf9c07964ad48158f193b731a8f
seatunnel-a2145cfc012a85ac356f5898e2a1812dbadc9c69
seatunnel-a23fa528bd34b2d3b1e3622e3ae602fb344aa21b
seatunnel-a25ec0cd881c6b0197abe689e42ab1b8b1c07797
seatunnel-a26d21b7d28704facbfbbecfb501b958dd59d826
seatunnel-a2ab166561a97b8ec888f9cb1a1e7c335e6d86b9
seatunnel-a2b16a8788890e800169ca9fd16312d5f69edf6f
seatunnel-a2cd99b5cb08a3d2434ea3d0e3741eabe6180e63
seatunnel-a2d38bfd0b4b253be97ac9e7782be6e6d421d393
seatunnel-a2dab0786d85fd3c688e18fa86642f12091a867c
seatunnel-a31fdeedcc1629d6c24c3033a57ad397f2a37e71
seatunnel-a344085d6c32a4f1d3b8828386592c2f3ccd4a25
seatunnel-a357dca36503c9ef49bdfb15c7a3bfeaa50ca0b8
seatunnel-a37a777dc13b083ba4b785cd77a007996f7414b3
seatunnel-a3a2b5d189d28b5203b7163fb990b7301d055352
seatunnel-a3a93c823adcdeb1a35cd2166ed0b45c2926c91e
seatunnel-a3c72d1c425c9a7f2af3b183da973914d0359ab9
seatunnel-a3fe3679428d4e21262b7b7766dd42da094c0a3c
seatunnel-a40c0a427cc24d7dfe85dadb45906fbbdd9e72db
seatunnel-a41b0d124c8b475d264a5472f7accf82943e679e
seatunnel-a41d4a585a2938c9847a9e399f9b3cf984093962
seatunnel-a4250d2f08e937a8cf21df6acaa6e25e285b7005
seatunnel-a45e306bbb640b4839120e38e66d2b0da7557a75
seatunnel-a475a8082b030af51a03e61457ed78b7cf17ab56
seatunnel-a47af1e1604287a770b469c0b12110632b8fd889
seatunnel-a49673655b026b3d92e12d40f1a531870ae52992
seatunnel-a4d9517946658d51d90c2d0502c24c989ccfa700
seatunnel-a505d50f6c7151a612e974bba28927d5faac021e
seatunnel-a508e29e941e937e5fee91dfad2e7297dd8b3a3b
seatunnel-a529a984b2b18e19ebe6a4fc82ac041011d4c1ca
seatunnel-a538daed5cc455db1e554771acc23c17e3a9b61d
seatunnel-a5447528c34e9c0b5452ef4f175dd32d3636c0e6
seatunnel-a549df6469c8ccde0b7901bd3f50a3947e8bf7ff
seatunnel-a55f74172d7d9551243cc4ba441d6885a0b9e9fa
seatunnel-a573b8dbed3a176ae6ed18dc58854351adb08d74
seatunnel-a57fe24bc06215a123615c0a18c0dcdd54866232
seatunnel-a5a39598c6123a202233752ca9fd1edbc0409fdf
seatunnel-a5af4d9b6eee05ca6ae0a71e34b8e3cc9014dc9e
seatunnel-a5b163bbb2b8cc6e09d83e8d17f74453f83768a9
seatunnel-a5c3a208b447e9cabfc95dbc1a5b3220da7c65d7
seatunnel-a5e89247f0cf02677e01b6a37bc5a36bb2ee450a
seatunnel-a5f452eebec02507c666c09350f844a17e8a6500
seatunnel-a653b14b9baec7aba15ad660983f5f9c27af6535
seatunnel-a65d081c915e4e2aee75003b742de55278c7ce5b
seatunnel-a662a88fdc8962e8ba945f8f5566f5b5536cb58e
seatunnel-a66923a93a6b0d4fa6543991cc7ad990b31c3666
seatunnel-a6705cc5bf5c1a81e40cba6e46c36bc7423a3ca7
seatunnel-a6b3704414837b2350fa53f29c04c74295afe1ef
seatunnel-a6d27f6fe13f98c5d111a2dc4da09013364b9c33
seatunnel-a70ac706e17beba3eccb98a6371392ddaf9151ab
seatunnel-a71e77796f837d000f52b5f0dc5935404a380686
seatunnel-a7357b6a9bf6f9adc7986b21638ae1bb62eca308
seatunnel-a73bb3e714025be9f287ef2d8816b63914d33554
seatunnel-a74d0b6049c472c41606896534c1653cc639d985
seatunnel-a7d1296fe6c73de9cb8b2963bfb4191088b79dbc
seatunnel-a7ff0f8805a063a7c7a33f256f82f28235f8e1b1
seatunnel-a80386abfad1d11cf67d0aa84c074ced9f1c6569
seatunnel-a809bdf76b88e26c849696a86754a473f3a716ae
seatunnel-a80a6a727fe947d9cd76397c9f360dfadf61c6be
seatunnel-a80f1a84865ed9adc1cbcaa2f4f3166096a24d5e
seatunnel-a82fa1e7bca70ddaef119f62b01d60351bb00e3d
seatunnel-a84379259a7ad60ffcf6c5801296b07867c0cc5d
seatunnel-a8458963de8473509106ed48dd967e1ff893ed2e
seatunnel-a86c9d90f7b6ef309510142562801ecc9b4a69f0
seatunnel-a8738ef3c4f6686869d75b46aa6590d2e2503e33
seatunnel-a8750bfc8a2e7f98d429770ab911c60ce9bd78dd
seatunnel-a87889753f68051c88f2b5b2c4b1feffa0684e7a
seatunnel-a87e5de80a4ee307e61961586726a510846c4435
seatunnel-a88a05fe6ae58a1849739edc2836efe8c7e7a371
seatunnel-a8d47c97f2fabb79e53d78eb351b8cb94f58b2ce
seatunnel-a9002066a2047be54c822f9b5dcda580cc55d4c3
seatunnel-a91753c53f85306bd8d8b6b32b8c93a418abb3fd
seatunnel-a929872157bec63b53e99c2f2685ea9df8a33e45
seatunnel-a97f33797dfcb32e7ed533fcdf4b5399202687e7
seatunnel-a9a05cc3b63bb80979b2cafba59a8db5b128d254
seatunnel-a9a797ad857f7180f219030448dd95479bf31f96
seatunnel-a9d54fdd0a46ae788412d895f62f6d93aa5b7ec5
seatunnel-a9dc531bfb3272c597eb6545ffd0a5f0d6879465
seatunnel-a9e65030458cad68ecbbcd144c379e33a69352eb
seatunnel-a9eb2b2ad79c2627b9d9aab4b57df62b03136d2e
seatunnel-aa8f6aa2a198ca0ff5af2d20de8b3001e96f7bc6
seatunnel-aac09675d11c3b10b7598bd435c802352ab58946
seatunnel-aacccdf49dce6662d890122009d67eb72284856a
seatunnel-aacf0abc04abe9675ca4a30910f1befb63e852f1
seatunnel-aaecca8f72e6a07c37f3ff884528fb5a2cb1c9a2
seatunnel-ab02de1d05d7171861e157f94dfcbe6e7d5966a7
seatunnel-ab3c71afedbb18254b53ac93764e5c7bed6208ae
seatunnel-ab4561069ce963ac0d466af6dcf7edef2c2e2ced
seatunnel-ab471411d46818a11613a0a9ebc6d7bc4081bfd5
seatunnel-ab710619b48ad45a77a79494888b781f09f318ab
seatunnel-ab71d266b3205584d2f0fb3c990eeeb604b7e45a
seatunnel-abccc06489ce17ee859afa879c6f18650d26a508
seatunnel-abf8fcd67b3025b42fc09015527e7a4c87a55a9a
seatunnel-ac1a734672ca1235ba6b4bb98888db897db4bbee
seatunnel-ac4745766589896997ae4cc76e78b4ab860a494e
seatunnel-ac4e880fb58ece7e0920c962c11f4d768d6519b1
seatunnel-ac61409bd845cd90ff04961ed25ace2820f92aea
seatunnel-ac712340a9f9681b4981c4abdfca213b19ef2c1a
seatunnel-ac7c89693dfed0912f76f412b3bff75d44370280
seatunnel-ac99a0898763b21953bd992a89460e4b3bec2bf1
seatunnel-ac9da0c445300c85de5d292b57cb10dd9dc35e70
seatunnel-aca0416aaceee72e8bf8002d260cdca34b3d30a4
seatunnel-acabe809da3945fabac6fa14f966032eabb0b9b2
seatunnel-ace219f3766ce3dc34cf63eac4dc8b06e6b8621f
seatunnel-acf4011872325c4346c8a2cdf7d1b9c93b4b6956
seatunnel-acf4d5b1b469adf383b06266ef2e9815f472cd25
seatunnel-ad069c323bcbf3b5508848602269cc73a7bfccd3
seatunnel-ad2025c16b1596bcb81a7d6958a0cf42be60257b
seatunnel-ad43f14f87a898efe12f772437792cda75d1fafa
seatunnel-ad586962530e5774ad28f8870b26d18be653d4fa
seatunnel-ad88196fc2849173b1ebb00def62cab66e93a4f0
seatunnel-ad8eaeebb641d21f33e38269915d019bad2b6ba2
seatunnel-ada7b2c0e0b79d2af771fd6c87a4759a87641161
seatunnel-add75d7d5d0af061664ff6fa42a7b3ef58eae81b
seatunnel-addb1f45f0aab4a0028fb4d05fccc3c7f86d19e3
seatunnel-adffb2d14b43fc2e5576ba6f88a91fed0e219b57
seatunnel-ae4cc9c1ec64c0f3716187b17ab3d6581346c7e7
seatunnel-ae6d3c5c3b6958d00f5a9856168429744f0fa355
seatunnel-ae6fa990787c9474b907c7a72be19b56b3b3fbf0
seatunnel-ae981df6751ecaad9c19d336f2ae7d428c1ada99
seatunnel-aeb4efad78630be7e4ad7b47587033a118f787e5
seatunnel-aec3912edf1f3dbe0b875f0a850a2d16530b343d
seatunnel-aec92cf24814374bded6d66fa11fb2b8c56ade7a
seatunnel-aeceb855f681d282d1067cdb208b6d6478cf0cda
seatunnel-aee2c580eae9a6d45ffe08acfc29beaa4a144b4c
seatunnel-af34beda376e49ffa376bfb07bf2222241557638
seatunnel-af3fa50dd8e5c0d5896ae15b5b666c05312f44ce
seatunnel-af417166618ca2d806be1efac2a756f47ec7478c
seatunnel-af5094626efebf525b2293acf1a20031f71945c0
seatunnel-af568c3b0477a67901779273006508589db22419
seatunnel-af7f6e019a1d538e14de331e567d41da30b1ff97
seatunnel-afcc4f5e5353b8ae06ea5ad6c6a324443f292dbe
seatunnel-afee5de55dde69d258678f2e9a0e92df66ba4d0a
seatunnel-afff6194701aead99acf05ed0707f74a5d802059
seatunnel-b063bd564fe7a2633cfdfadbcc698fd606f2ac1b
seatunnel-b09d379489bc906fa5916334ed5d4190e9a1125f
seatunnel-b0a701cb83a2353da3b1f93a483c19cddd55747c
seatunnel-b0c0fe682faa9a2d3a52cb76270cb07e478bdb5d
seatunnel-b0e4204890a2f4aff08c27c488bc97c287b8303a
seatunnel-b12a908f01db080dabe3b6055125728e7413d2f9
seatunnel-b16f382c390dfecd17a10ba35290a81f2d306214
seatunnel-b1711c984ec242aa34623e5c72510aed2f1663d4
seatunnel-b17cd038457ff600d3cce61f40902843d33a955e
seatunnel-b18a2ab5c8819ff37f95ad673964d91f611000cc
seatunnel-b19cebb5c82295387587c163ac0faafa0528c8b3
seatunnel-b1b46bfa118f6e632c8d4d315142a326c02d1cea
seatunnel-b1c722e3632327df3a1d65e391e5b36328c3a1a3
seatunnel-b229a21e8bc52c582810ffb55f142ad71110dd32
seatunnel-b22fb259c8a60033620986f73f05f5b262862e7e
seatunnel-b23266e0e1b6fad4dc95ad01ae09d66515194181
seatunnel-b23c2875bfd9ea0e32783f54c5fbd932efb85a9c
seatunnel-b247ff0aefd7f26ac9225929265a143564b74271
seatunnel-b24c3226ec5150fdb8599b169229d14fbe9b17fb
seatunnel-b2b97ad7a765fc140ec240749b597b573c0198d3
seatunnel-b2cd4c02fc9452c724f09eefa924cc87b4bee16b
seatunnel-b2dad4d4725a06b7566e398fb417853eca138a0b
seatunnel-b2f573a13edefb7a1e8ef45e17e727491b77cd8b
seatunnel-b2fda11ddc4154f91ccbe5318478dce093cb6767
seatunnel-b318b3166f8b303c29a31dd35fcd678695def440
seatunnel-b3392cb9d1c2769fa3e235c39eb8c60c992c304d
seatunnel-b35ec02811bf7ef58bc8d831418c468ecc0a36b6
seatunnel-b376b5704a1fd694f43249215d2aa2b4135bdab9
seatunnel-b38321ecf051c0fb53f8f693962e5a9a181841ee
seatunnel-b38826e7a2813b97bb0dc0f67cee7a66a6a4efe1
seatunnel-b38c50789f45bfcddd4eaef04ad4f6e425dfb0a5
seatunnel-b3ca59a09dc02b56a2f7bbc5da6269a8b9885401
seatunnel-b3e512378886b959564deb0d1bec1de1f34896f8
seatunnel-b3e63037bed699a6cbc75e2c86a01f23b0632c73
seatunnel-b43244e65d73d3373cbc07b1218abfdae1925a39
seatunnel-b4348f6f441bc16ec0680797f241eeace0492c64
seatunnel-b485187768159d3062b3439e7ae3f5a9a966086d
seatunnel-b48532b5c15a9852b72432cf672c57dd6604e49f
seatunnel-b491020f5e5cc1406469b428ecf01effeba4b5d2
seatunnel-b4c78473d1b61d4d61c698e5aa3e91f8150b6c45
seatunnel-b4d447bb51c8e3e6c15510095f0a4ae1b0afdc1e
seatunnel-b4e6f78917d3e7179f765b308c8293033da16dbf
seatunnel-b4f473ae8eea6ae932158afff92602497df5587c
seatunnel-b4f57c18b8285160991ffd2e57b91ab345684535
seatunnel-b50b543c3e730e5f1430c58deded6751aac9340f
seatunnel-b50de38fcb6478349a69f7c62af891fc38368d93
seatunnel-b5a8947cc65629e2104fcaee17e75a044796fcd6
seatunnel-b620df46cfedc7ffd28bafea05fc513f255ebfa7
seatunnel-b62a14a5212414b3b69c29d71e8ede7f94ff2f12
seatunnel-b663e5a352d09db2f59d97307c73c2ed65abb5c4
seatunnel-b668aadd7ce9234ede1502f45daa2293e317af2b
seatunnel-b6cab90d2fdf78ef9d129eb5345f8cf27628bd05
seatunnel-b6ed4ce5b95420d5aae47a7708da68e36a7aa63a
seatunnel-b6f7e773bb0808b23ac0cd4bb0a628c2772f7c5b
seatunnel-b71c99363a634f83aae84788f914875d76dcb570
seatunnel-b71d8739d5e851ced70e6fd3e647e850d6d6bc81
seatunnel-b73944d1dcb836dd61d6b319f172a2f987d01198
seatunnel-b7843c7454849a5ee1902bc5c513ca3b36e5b819
seatunnel-b7c89ee5d1a57abf35bf3e37abcb24197773a716
seatunnel-b7d9dde6c8803bb72b4943020f4d9a7d0b52c1d4
seatunnel-b7f3bf48491cee9173f828dd11b8b89607a5f6f4
seatunnel-b7f640724b99129896c6c95e104b0407283c32fb
seatunnel-b80be72c8524319d583855a56b75a215588f8bf7
seatunnel-b830741c747fa04fb1f5bc9f08d6ca9fa9260572
seatunnel-b838b750d6f9f639e16830ee016117c0aea09c23
seatunnel-b83c9934ca7dd5d4da431aebe4ca573fbad9372c
seatunnel-b85317bcbe080d6278030a8a5d0206995df50b30
seatunnel-b8644ef51ff9edd4b474e50cfbd399094a2f0e73
seatunnel-b8c6bbd1e6dea6462d419d6c7adf20f04d7a2430
seatunnel-b8c9bb2f0122a602f8b9cfe8a0a78c19d932f3a3
seatunnel-b8d548e09527ea2aaa610657a1ed71ab6f027e2c
seatunnel-b8e59c878defe8614ff1b014ec0068e68c59220a
seatunnel-b8f2a9eb4f91ef399c12e968d3aded016d04004e
seatunnel-b914d49abfdbc18e34df5d981643e36bca55481d
seatunnel-b9164b8ba18ba1b647e8a99f7b4d9c3c078b7600
seatunnel-b9643ede30a74e458b8e7f5b899158e8b09b1caa
seatunnel-b9bf6595dc91698f58c0218a526a76cf0770d40f
seatunnel-b9e404b4c4f39469279ef9204441ce5fbd8a4920
seatunnel-b9eded3648e993932cc8c87056b748ea31f1ff4f
seatunnel-b9f7703d76a490414619e0af7d2bbc1cb115f37d
seatunnel-ba00f06b0e78e6719e0e1c08955704e9312befa4
seatunnel-ba6259274d9fedbdc2cd9150917c7c93a4bc54aa
seatunnel-ba99de08c825764e800f575956734fc29880f7bc
seatunnel-baa4fee728918d0534e04b960c8a9a75d3fbf290
seatunnel-babf75ad82166c4187f08528b35fd3b12f05ba0c
seatunnel-bb067b4037d26f8e00b3bf8539eb17cb5e7caa85
seatunnel-bb2ad404870084599f5e499d3648a2642727965d
seatunnel-bbbcf7277d869d63a759e21b21c331cca362936b
seatunnel-bbc1f3337e5f5da279505a991d2f917372af1e01
seatunnel-bbc871908b9a9385d260437d4cbfb9f446389990
seatunnel-bbc92298ddea149218e648f0517c6320650ef257
seatunnel-bbe3e26ec54b435953aaafd8a9c7f6063b3b13b2
seatunnel-bc0bd3bec3a9d8f6a07b13276578d210da95c662
seatunnel-bc21938e407339a5b10c428fba19ed7387e3c272
seatunnel-bc262e7c7e4672349944ba54f599cc05ff66a511
seatunnel-bc4c767d5dbf780ea94908f53553f9ed095d19b5
seatunnel-bc82e91da41c2bff805f91756d4e9a1eb2bb3656
seatunnel-bc852a4dff507423dab09a9db0b2c05d01101993
seatunnel-bc9cd6bf6950142dc3c9059eb5bdaa1299779296
seatunnel-bcac24ebfce4a3825ff7a898fdb9c2433ce20285
seatunnel-bcc27bc8a2b988651197a28cbf799c5d946a1d51
seatunnel-bcfc9710287b8229ee35f8893fc3a7d6a8c9a18f
seatunnel-bd6e8e3f79c2a9df3f0a6f23b8e5a097785a570d
seatunnel-bd759eec39ff6c1ce2f539cc6123bbda0ff8a256
seatunnel-bd76077669148c7624b120192c2ab3a02850a18c
seatunnel-bd893c11c2c1b590267443ab8bb99ede7ebbf2c9
seatunnel-bd9a313ded2c3ba798ffe439c16e4bd1e9107303
seatunnel-bdb07cc56cfc23a1d521350f123b7d47d44efe1a
seatunnel-bdd12b66d432ae61851090bdd3cca02c1c323eed
seatunnel-bde19b6377f7b2fb7a34b94bd06d6ce0cc44f348
seatunnel-be0a40eee446616d469850f919c879b1ad442dba
seatunnel-be46efcb7a2a14e20ff7983d0e9ba7659455402e
seatunnel-be92f6f1624dc101b8a81ec56c0282bef3b93437
seatunnel-be9caf36b7bb69a267eddd55798da621e0a784e7
seatunnel-beb6cfea6c8dc63981f34816bbcf8fabdb244b70
seatunnel-bec498becae9710ba2630177cd81e5b4fedc0407
seatunnel-bee4127b92ab56cbf678870ee141de6ce35adfb8
seatunnel-beec17b656f4080e1e045054b6a7b8e0e98b4179
seatunnel-bf1ef69e841d5a14143d35e5f022af8acdd4b2cc
seatunnel-bf2c97484bf427f5f0d9796acddc7b1847626141
seatunnel-bf62a67965538f883885027e4aa6bc476d316243
seatunnel-bf6893f187849cdb82b852900075e438d3b0cb20
seatunnel-bf7f665fb930cf4497ab90c1cd8e003c314c1468
seatunnel-bfde59675441e340d7580aa9c883e0aa9585f1ab
seatunnel-c01d392039b5490d2e54fd4811452d079baa0f11
seatunnel-c048ee09b2f7c51d1a3fb177cd3df4e8e5f422c6
seatunnel-c04c98b16831dba49aa2a8cb7778f5365118f1ce
seatunnel-c04ca6ed86fa56eeac26e12878626774256cf546
seatunnel-c085738265bfc17cc7bc7b4e15a39a3e7f06d95a
seatunnel-c0a63e9260554b5af885ad508e6ce9efdc87c394
seatunnel-c0a7910a1da5082ddd162f036af3814fa997e89c
seatunnel-c0b825065cf8105155ee78d3e71c17b76ee1cb52
seatunnel-c0ba0691ff6ba69190a3837e6747fc646e2bd932
seatunnel-c10310b3d56ea7117e1e1d6e881c35f4f27acb41
seatunnel-c11c171d3677c3a5ee26ce39151ddb4b94a087cd
seatunnel-c13c031995cba3d8a7b391c263f9155691ebdc87
seatunnel-c16cc2d11fef7c78b4785804db831f88352280b8
seatunnel-c18c8b18e8e37c3977afac111c092234a7a9c1d1
seatunnel-c1bbbd59d55b82d93b4dbc3d0aa3450cc2c91b7b
seatunnel-c1d4672f36e766f2a37fff15cd08e3aa546c35f3
seatunnel-c203ef5f8d6ad8bfb7f284e32a9ce5f2bc1fe142
seatunnel-c20cad5b3639b773cdedca8931989db1f7dbb439
seatunnel-c213664b76361355b37cb3923fe40cdc7bdda115
seatunnel-c225ab1447bf4d1d6f8ec4863d81c73e2b4f0610
seatunnel-c23fef971276824650069c2d83a172434e9ed6a4
seatunnel-c24e39927f9946015398855fd9e1907b3bd014da
seatunnel-c27abe0f17857e6a9fd968ea87966d8bef76fe9b
seatunnel-c28c44b7c96b3dc18d0ebe77cb5985e0c906afe3
seatunnel-c29370a7b5bf6d70e4266b4b4b345e059a699148
seatunnel-c2abd397850a8f3f66f7e220ffcdd247199db4ef
seatunnel-c2af7bb8cc2c246f247cda6bcff0f096c9d76623
seatunnel-c2cd0896e10127ac26852ab3d8f2ff86c628241b
seatunnel-c307c54bc3cd8d65f38b1cbd3b684b306f352c25
seatunnel-c30a2a1b1c989d71082e7d501752f0d2d2c3601f
seatunnel-c3407957f0e7e33affefe41d482b0f344a7ae58d
seatunnel-c350c984ffdd1e06019e0b596ea6da05f678b8e0
seatunnel-c3b929d3925b070d2685897b1ba980aeb1107fea
seatunnel-c3d5f16635246e5a71868f8396612f83a7311fa2
seatunnel-c407ec5c26c5a95d42e4e4f15484a01c5234ef54
seatunnel-c422210e2c4dfe119083d192df30e52c432fa9e8
seatunnel-c42dd80e062b1256df58f245bffaeb04770d7728
seatunnel-c437c94ad8f979a26eed3bc855915a91ff8e375b
seatunnel-c485d887ecae6c1a356e86e837313d262d2d96b5
seatunnel-c49a6250613c3f8da888c1c6a4bf3142af8a73b6
seatunnel-c4e3f2dc0381793e28adc7bfb5c848c03e9f3a42
seatunnel-c4f63c604f910bb0ff041fe4be8f054ed480aeea
seatunnel-c5291cd4f6f106b3b4e46ab646ab43a2b2edd3a7
seatunnel-c5a23024f6c4ad4b787bb581aac1db8c750784f4
seatunnel-c5b5eb705f4555305199a20e5ffd782a1fafbf97
seatunnel-c5f67399901655c390fc5cefa0a2eaa8e3461c17
seatunnel-c61bbdd78cea0e2dc34a18a806ba07329b2254c9
seatunnel-c64c00ffd6978737a34c66d3ab7ce2da76683766
seatunnel-c65067d95a2da54116d3278b8e7ddfb912c77354
seatunnel-c672be056f23007728c8842bdda2bea8eed75046
seatunnel-c67acb463645cce381fda9e504def58a22042c0d
seatunnel-c683bd6ec7708a77c5ace1627789932fdb19d3af
seatunnel-c6b633f771f753a22621956d1c9f24b190477f8c
seatunnel-c7239d0726f5a65a043c1a9d9f3ac7b1a9d72685
seatunnel-c7275a49cc7434122d3d16ac138f7715a781136b
seatunnel-c73b9331ce56db94c529ef672c3f6b19a8cc309f
seatunnel-c7431bdbe760b12a7b84316cab867d458963bd76
seatunnel-c74a16701686f333c82b2f56ab0a5f5de8c862cd
seatunnel-c7745e63373c0fc92884982844bf55e22dd38af5
seatunnel-c7c596a6dc05f2f68f28f2148b263210d60d5d01
seatunnel-c7e92f01928e33a92dd9525200097579dd21db1a
seatunnel-c81b2ffab1a07cb602a338315d563e04bafb92c7
seatunnel-c8286c62aa7ae17eb14b91108a8807c14baffcfb
seatunnel-c8386ce2f163f0e2f9ef32b5d5c11bfcf880b2e4
seatunnel-c83a02b6b146b00e3f6c99699019ea93dcf3a6af
seatunnel-c84d6f8d11c299bbf925acdc8efa89897c7e5d7d
seatunnel-c85c26ea8d3063a9d5d7668dd4372db6be97587b
seatunnel-c892dea5c849ee01342ffa250ff409897299baf0
seatunnel-c89828e5dba485a6cbf1e06f0ad2cc1e180eff4f
seatunnel-c8a5d52827e1e6f33f7f74456d0dde33ecbdc8a8
seatunnel-c8d04c3bb8ab60ab87fe749195efa0f1d8164368
seatunnel-c8d59ecac16450bd58db186c1b29c940b2d5524a
seatunnel-c8dfdf3e464eb3cabd8d6355aa679721826980c1
seatunnel-c8e4abf2ffd1fbe902dbf13c1f8ae98b36592cd2
seatunnel-c8e8284710ddbf35ae47adececbeb724fe8946df
seatunnel-c8fc3102378f4ca4d561c533e0560e0a867100ba
seatunnel-c90c58e2436de16d02d3bc13d8ce15180e8aab45
seatunnel-c946eb79706217f88d0c34a70efe789b20a832c3
seatunnel-c9583b7f6397d393241352bc1f6b5019a4f8ef24
seatunnel-c95cc72cfa87589d46deaf22ff030059b072316a
seatunnel-c96c53004f3a5fef3ddc57907cfd89eccb0ce7d2
seatunnel-c974a417507b6a5844de18b0994ac663c69c0086
seatunnel-c99f430e02ff4f269d7cf1a09aeabd90471cd22a
seatunnel-c9b9fff26dcb1f1e507a1b6991a436e001fc9362
seatunnel-c9dc7c50c25ba9c6d6c69df144f6450834f6b434
seatunnel-ca06ea173cdd46b199fdac2f4043e83711c6f303
seatunnel-ca6c67707c2f00c4c5dcdd6d7a33030aa77191c6
seatunnel-cab42f6eb1829a2e6ab06bf6cbd4083f57229c41
seatunnel-caf91d183536be71560be7078b338bd797b61e50
seatunnel-cb26360f5871e08e93f2d6c8514640afe8a2967a
seatunnel-cb4c095f229fd5146034043fd9c78279fa05835a
seatunnel-cb6cc1a0c6759132c704f72ace149cad7fe51d51
seatunnel-cbdea45d9550e1103ed90246ebddede073e3ad76
seatunnel-cbe2821112babc1f798553bdcac9cb9c937bbef8
seatunnel-cbf2b75e81874afa1d24b5b15bf185daa9d2336e
seatunnel-cbf82f755ca3f905b6b0fad8c2ab2d0d1c5bf36a
seatunnel-cbfdb7d30e012736da05e3067b94711d7fa64dd2
seatunnel-cc021bd2c6de55f39e1ce4f3e3db50ad6d438439
seatunnel-cc0cb8cdb864c0b5157aa92a7b8806009647e6b4
seatunnel-cc2458f6380b9dd045d6e02fd0b0c6f6751700d0
seatunnel-cc448d98c4d2f346ed143b3df67fa84a359e0e67
seatunnel-cc457f0e598e5c39880ebcaaf1f272a8e36e6b6c
seatunnel-cc8bb60c83f8d780e718d72a54e9fb5604cbeaac
seatunnel-cc950007c82f5012b6e2b5cd6fe313efeed20596
seatunnel-cccfa88f727d9a7103234128efd3946f9dc872ba
seatunnel-cce371aa574c3bd57e649e8a739b0db4f1d0dc25
seatunnel-cd1241d0234c9f4d2b7e0cd38ab3f7bc46f166b5
seatunnel-cd1a458cb679ca693b62e7f3649bded4684a8b13
seatunnel-cd2bd6a40883d2e555f0ef3b5be2bb6dd495581a
seatunnel-cd34f1d388647ae917d70e7feb9c8b999a35091f
seatunnel-cd9e34b19e6eff3afbde14429fd6d99291201626
seatunnel-cda1db6d7f16d0150486c155a7d4c83547c7d719
seatunnel-cdde367edd200f770099577fe3b5642e6c4542b2
seatunnel-ce0394bd5db7fb2f5ae9e977b04ff076c545adbe
seatunnel-ce041951e7820c14e9620cbe946dab93ebf76ae6
seatunnel-ce6dbb2ae250638e40c32bdf2137c972132ecbf6
seatunnel-ce800d542894bddcabab6f6af023fd50ef1db0b1
seatunnel-ce85a8c68b12795a4e8da95116539e0bec49c3dd
seatunnel-cebb2a74a039eddfc4ee6b3c940c625715445395
seatunnel-cedb76f90f52fd7e99808e1a3746902a77ed2f2a
seatunnel-cee6c198358b063c5fabe2d028620b38edba2251
seatunnel-cef31fd9cf90caeb1298c97aff68d5085db9ee2f
seatunnel-cf0abb9b4fa9f9d0ab8d667e6a22f04d534ad7c2
seatunnel-cf5327cd47da8c95eae06b8a086cb119db44b5ea
seatunnel-cf55b070bb498c14a208028580b71c661b385933
seatunnel-cf63aae2e3bc400e096f406242cdf83f74ff07f1
seatunnel-cf88205514ffe7520f6a214532ffb9238686d29b
seatunnel-cf9707c3b79f0f4c617c8c72089a8bac8fffd9b3
seatunnel-cfb1e97853bbb63b8787c73fb69201fea6767819
seatunnel-cfe476043cc6e124bc4944559445a38747efb55a
seatunnel-d0a47b9811a30f5de6d59334bb4fcc8c74ef640b
seatunnel-d0a4814fa316f23ae58ec245012b4678b7aee184
seatunnel-d0c6217f27103ed90eb62d56e2a8e0e6f74b1f51
seatunnel-d13a12901140d6f7fa7813310ff3d69f34359915
seatunnel-d144e176b3f69f6f3d0d84607d00263555910962
seatunnel-d167e6b2bea43abb57c6a02f91940ca2bf71a65a
seatunnel-d16ff4d94f2a54675a027fc12cd2dfcb7a687170
seatunnel-d18481135ac2fd14d00a66c0c06b88af432f7f65
seatunnel-d1aa2224b6290676f5421254ae353339ea499c00
seatunnel-d1b81a74281401cb1d35552c17c17691e0621edb
seatunnel-d2094bf2e19de2bb8c6a7eb06b438982d5cb8e38
seatunnel-d2313682eae4e238f7757b1cfe635c1baa617896
seatunnel-d23155ef20a4c77465e7287e565cd3549c6492b4
seatunnel-d23e9645e98dbac24962fc9fbaf2c5d24521c5d3
seatunnel-d2455864ce9017ff6383362aede0ec95d14f43c6
seatunnel-d26605c031704eb561bc0e1fcbcc93fccde09dab
seatunnel-d28d4d318cfdf11839b411f540e4af18ed908abd
seatunnel-d29af33cccfbfc7ca3bac964386a7b66d108308a
seatunnel-d29c8b1b33ded34a5314548283766801d1cf2187
seatunnel-d2a5d61ff5bbbae5e9ac2767ed8838607a985d06
seatunnel-d2b1bf4193d1a54ad8a65c48a1c161b2acf08942
seatunnel-d2dbd9e7933990b2a878003e7dd705c47031a687
seatunnel-d2dc8bf43634efad2d0747774108b735e8b12fc5
seatunnel-d2ee6bb55d0b5a1acd2da76c7c4de4870375e721
seatunnel-d2f9285eb2a190490a804134d528692ee405d5f5
seatunnel-d310ea42b776db3b98533a1d43ac371e0406ea71
seatunnel-d316190f7602d86b3a16558386d62a84d11a1ead
seatunnel-d323790ce6bcf88cb45ce1936c919609b42d64f0
seatunnel-d364e403913e8de92dca023ad5dacba2034c35d5
seatunnel-d3814a7a6aaffcc2ca2561cae1b46f5fe470e256
seatunnel-d3b1df51e46f7eb3f3c962fdfba53cae7c364300
seatunnel-d428ac688e18b7dd5b54a20b1796d266fb4fad77
seatunnel-d49c4b1b4e51a148550ed5b2057474837dbdf5bd
seatunnel-d50fe1ed9fc69f28ab87aae2b1f482f04e19e2c9
seatunnel-d5638701f8fcdc7204635f891cce49680611a765
seatunnel-d56388d2319c83a356d3e4947b107b9fb2adf31e
seatunnel-d564ef6b0468cdea131b5f710cbec19d5a021940
seatunnel-d56bb1ba1c5b3bdb7cab8689d9c0cb2fcc0c3e0f
seatunnel-d57b7f04397e75f76fd0e0554f0c735d32da8278
seatunnel-d5a92ab53d7e7900be83abf3a31daf881245323d
seatunnel-d5c85864d1cfc4a3dcd41be174e7805d8201ab63
seatunnel-d5ce8faf03cc863f5c266feb923bf13ad872590b
seatunnel-d5f4d84afa3b3303f221884ddcc5580375b8fd70
seatunnel-d601179945f9e5ff4c76d7b0e414f99eaeba2931
seatunnel-d60a705f5d1314895df0bc5b65ab05d0756dc6bf
seatunnel-d625b8888e0ad11cead6114b308632e19421d45b
seatunnel-d64c1fa3116b5b57edc7cc91300573b20fc05ef6
seatunnel-d64d452c86534547bbd17ef8659058a58db670b0
seatunnel-d661fa011e7a018e8fc843a09f824f2f83a65a3e
seatunnel-d672a305c8d5e8c3efb11c55609bbe6bb5d721ef
seatunnel-d678745eb3a493f2c322283284c978048170eb49
seatunnel-d6a16bd4ce7a9036370f56ade0bfe0c17e5ad4b9
seatunnel-d6bb6773fc5ba405769f4cebef05d87dc1273f60
seatunnel-d6d99f7d1d12bcded28b5917ca07fd90a50c1ee2
seatunnel-d6e6a02a360ed5284e794f0aaa34ad941329fd35
seatunnel-d6eb93d392ef4afa3d8b895740c6a2f71810b12a
seatunnel-d6f82683592237e2cf6505fccac76c58854092fc
seatunnel-d739c5bed01f960087dedf08cc2eb2a771f536a2
seatunnel-d798cd867081c302449d047fbe01c405b7ddc2c1
seatunnel-d7b3429389b80fc70cbd6b4544267d661ab17b34
seatunnel-d7c2de97bf98ab8250d3d811c0949cb958b07616
seatunnel-d7cd6010516de3db0ee21d2d963435440b30f80a
seatunnel-d7ee509936f492abf14a91a92101afa60b757996
seatunnel-d7fc6f77cef9b1ac88fd2af77c399709e932fcbc
seatunnel-d82470c6858f1e5770bf3eeda71a216edc29814e
seatunnel-d827c700f0dc59da6721097b3763ba11ff866972
seatunnel-d82bf5dcef941de4b66507b13d63cb728b730dee
seatunnel-d82f8fa036d8bb6c9c89bfadcb917fa2e6a52af8
seatunnel-d8a0be84ca4cfc38ccedad33bc77a05d1803b4a4
seatunnel-d8b2309f53c628a67e8e8bc684821438441d22d3
seatunnel-d8d5b801c37616b74c84411b46183b634c74d288
seatunnel-d8d74f8e791b382fa5b12d2ef734aad39637637e
seatunnel-d91377da15cad2393ce88c91c23f42a0d95b2cd4
seatunnel-d94a874bcb09f476784b6c42cc6ec6468d515023
seatunnel-d9519d696abf2513875ac65bd8feb527264dd19d
seatunnel-d993619056f88c28b3e805944827bbf49d426c26
seatunnel-d9a6039fd3bfb257568104fbda0fefc6ff58e0ad
seatunnel-d9d01a3df907fc88294700dcf87766d712f57912
seatunnel-d9eadc594047a208555143624b2981b639bd169b
seatunnel-da0646ac6d30be13fed15096c8a208f4f0cc7acf
seatunnel-da0949926c0111f6acecaa06ac3d9015d76a5779
seatunnel-da14c2b0868c389e158a0ceb59a7d48223b4021b
seatunnel-da33f730caf2cbbca3b739e43af49f96c83de168
seatunnel-da3c5261720cd7c46b236ffcc68ec5427ca9f213
seatunnel-da4ad1745fb742cb5c0f5268884782d027bafce2
seatunnel-da507bbe0ed77dc415e44d8e6fb0ff61cdd42820
seatunnel-da6cecd27d50b1015510de63bdbd84c804f620c1
seatunnel-da7490e4a523f52c2599a38f00db90c3cac8dae7
seatunnel-da8a37f0c3c361152559ce80b1fedb96ad559436
seatunnel-dab78ddaa1d2f97c96f520907f9459ea8b4761fd
seatunnel-dae1bdaa456de49cde6f6d7f2d46a6cd70b44031
seatunnel-db04651523dd14468509167d354faab75b63cf2c
seatunnel-db286e86312e96f6c8af5f78f3e4a1bc5ec72b76
seatunnel-db434adc157811b87c7cd08c9dd023e9ef7f8b9d
seatunnel-db9dc128189eebcf7824b06fd687e9e87e194bd9
seatunnel-dbc964528e9f7233cf9895fc301bd69b382d9099
seatunnel-dbf37723b669f539f409498c412722812af8a656
seatunnel-dc212b29aae5a362eb2a5e50412263621c9cf51b
seatunnel-dc350e67c301b92d3fddf03a654423e55c7eab3e
seatunnel-dc3874e1591bb363679f2fae8bb0841d17b64c2c
seatunnel-dc6c09d159a8baab7d2edb43f5064e7aaaf1c917
seatunnel-dc6e85d06f08e6b0bdcbb93d1cc5ed0e5c213385
seatunnel-dc81c3167d4b5ac34a3ac08e145fe0f78d938cae
seatunnel-dcd05d651deee458de68cba9dfd7067327c928f6
seatunnel-dce1cb7bdba84ae6ea223d10a5291adc0b381d1a
seatunnel-dce21b4e3a1ded30988b31f2b9b130b8d069d7da
seatunnel-dce9ec9c39010c1ba0b71d6c10204f4df9f513ea
seatunnel-dcf37972e39384c2f7803f0090e7ed987d081ad7
seatunnel-dd4dca23ee6087decd94d739d0ab9bff3d6a34ed
seatunnel-dd5c353881eddaeb0fb0b3206429ab74b4aeb789
seatunnel-dd68c06b0accf1570c845dae833fee3c331a2b8a
seatunnel-dda2bb787f444fa7bb26669eeb2f0b94c5840dcf
seatunnel-ddab438970546de4e7ff5ef650c708c163d37a04
seatunnel-ddabbab59a1b8b6260152276bb39db4fd31b8cef
seatunnel-ddc11dad47d208f47b012f673561569ac2ea309d
seatunnel-ddd8f808b561a11de3ef307f4b1a2fb9d93385cd
seatunnel-dde91db51a0ae9ab80fccad6e8d62feaf232b077
seatunnel-de345783d910ea59fb4bd3b0103f7d8bd287ff95
seatunnel-de5ed03424b6c0f8e9ae67d8928c4d3f1e5a2df7
seatunnel-de687e16fe717da6afab3c57ddb0d61697235d91
seatunnel-de98567877f04fbb2e6f72eae1970fc45de8e164
seatunnel-deb8aa4c5c3e0c273cf535636fd10d5a7ca9a761
seatunnel-ded5481d98f939507743586723dbf209f5e0e56f
seatunnel-dee724b53b4f845bd63bd79c7726378f6217853f
seatunnel-def69581d52fab64afbda114cc310ec5e5498aa0
seatunnel-def84d9e94b852eb471d152316dd7c472c3798ca
seatunnel-df0ebfcbc229136ea82f8b884467c94eee298212
seatunnel-df251bf47773fa2f80c2d7008d9ff94b88c8c912
seatunnel-df6c258db02e68415c6a85986a2e84eb58cbf38b
seatunnel-df82b77153efca99a2632fdc3c2fcf2789ddbe10
seatunnel-df89459fc495f0fa2128cfbae8ac47311a7692f4
seatunnel-df958cf2067c77aaa423a3d466a5fea77d3072ed
seatunnel-df969849f6e8c4db5c439fa1cc8f0758ea2713fb
seatunnel-dfceabf87bf4f589370247d7fe5640ed116edec2
seatunnel-e03304336b51908fe94cc0c5c60b22f23b72f8db
seatunnel-e03ff8b09c54470023a87f9e615cf689fc9234da
seatunnel-e0459bbab699ddd278a8d7b43df191161d7221c7
seatunnel-e05ceb798d0860acbd1aba1f1bbd0937bfccb2c3
seatunnel-e05d6c8d93c250d9a2caf3f2fe70f0b26f3f6eec
seatunnel-e0729b8215aba4acb28c200b0decfbbc1fcc920c
seatunnel-e07e9a7cc29c8a77f5600634204efd4ec3884f19
seatunnel-e08ce674c04c67d8284abb9fb4f083257d6f3495
seatunnel-e093e0a3d3eb4e2a2442ade239734528e1230e83
seatunnel-e09a49e485e4b72cdb93b02ce2d8ca101815bac1
seatunnel-e0aec5ecec3dac6d0b1f32b0feab763d36322aca
seatunnel-e0c7fa9a2cf05530630764ac1c6899c1cbd1bda4
seatunnel-e0d8519a9d7b6dfac29c1daf4199b6fe87781d0a
seatunnel-e106f0be04d66d3b9c1009a74cc8838d5b15cf26
seatunnel-e109db903f9ca65e00517cab3dd7f71bc51a9d5b
seatunnel-e118ccea0a30b7d9bfbeaa2523b43af5ff2e71d3
seatunnel-e120dc44bcefcd0d0905a3f32e054347fd4a1f15
seatunnel-e191bf322f72afefa2bf0854135e99db3944b51e
seatunnel-e19660a04961887ee1020aeb34218f3f0e97eee9
seatunnel-e19bc82f9bbfb0e2470546d1bddccdaeb2729fd4
seatunnel-e1b69a2ae32d5de585be464dcf307a811e7f53a1
seatunnel-e1b72c2b8524356f43cad5221162270b96dab434
seatunnel-e1e44266b4f4faff46b8eaa856277f421b177ab5
seatunnel-e1ed22b1531eb11bbba9898f55d0568d386624d3
seatunnel-e1f6d3b3fd99a51ccadf20e406766a48f55c0548
seatunnel-e1f951f782a25e6ed3889255d5f785b2c51f5662
seatunnel-e1fc3d1b01358f3f387ad5b7436f10aa6b4a1b80
seatunnel-e216eb9a6b69fcbeae379c9cff03d5486c4f0e36
seatunnel-e2283da64f127bb4421d4d0a02bdd0213ccc5a2b
seatunnel-e23da00e59c557d1f0520a0c28cf3e436d4e3dfe
seatunnel-e24843515ffdbcd58a54f1306987cf36d4bb370d
seatunnel-e28edf2879b46a68279b3505411f016de87176d1
seatunnel-e294ce26ddd1a7e75baa4b012c041baef2a600af
seatunnel-e2c107323b984b4ea17b10956108d1905db0833c
seatunnel-e2e26f08c63c4966adb8b9b7a39a61fd47fc031f
seatunnel-e2e309cd0b1ce5d4c64de4b046efa6aa70d71ab3
seatunnel-e333897552e4fd03bda1688c26251d1d674fc318
seatunnel-e35b65a3403494948fc55b1787933278c3ac4651
seatunnel-e35e026ea7fb2443d6bca982855b2ccd8d3a9685
seatunnel-e37561367c8822e7b6835d146b4a2290ce76fcd8
seatunnel-e39c4988ccfa99a7e6d01451eef899b770ea3cca
seatunnel-e3a0e6bd1fea6d763bb9bf699f6b3f7f298ae4ae
seatunnel-e3b97ae5d2430bc6fcda9331debd0053b29607ab
seatunnel-e3e601f3d6aeb36f15c5e4b93f781b83a4ecd964
seatunnel-e3e7a436d1a03add03f3f0b892c37c47392eafa4
seatunnel-e3f753dbe02d9be3305f304ef64d0a3b81a54af3
seatunnel-e410fa81ee4e0be9ad7909e964ffd9e541b3da93
seatunnel-e451344d95d341ba6e9dec160cef449e87e407d7
seatunnel-e454b80dcdab421398692e9d5ec243a7683e6126
seatunnel-e4691f7d38950aa0a9f2dec6bfcb306665865d56
seatunnel-e486d5ca5771d7ae4cb3bf4450ab6738c6364c20
seatunnel-e4afcfdd75c07ee0c0160bdff4e1aab3fd57578c
seatunnel-e4b97b77c700587593f6cb7971c552f139eddb12
seatunnel-e4c222b3cdea33ed8a4f7f090fb7c4fb0aa6fdb7
seatunnel-e4e6d7d3a06e7e0210b82cd6444f724cb1462101
seatunnel-e4e8f7fbff51a1159ca5bd37be0666961af61d68
seatunnel-e4f973daf7beed096dada0afbdfa51aa570f3ebd
seatunnel-e5154b754b497923195f5d586779da5b51ffeb95
seatunnel-e538903ca20463db5fccff8c279619c366d48568
seatunnel-e5613b20af032a11db4b9ee4fcccb7f70d8f79db
seatunnel-e567203f7dbb613da0676b2520315cd89d042990
seatunnel-e568bcf9e04fd7435907de420b8d102a0cd6ecf1
seatunnel-e57772998123ff713c4e4a4f7c34ec0f14f6c20d
seatunnel-e59918216ddcdc1b943800fb853096fef5a3d9dd
seatunnel-e59d60e500d29e93acda06dacf33675ce168f53c
seatunnel-e5e0cba26dab782059ac6cb91f75e4262b5bc74a
seatunnel-e5edf0243387e9df87792028e55d85f772504efa
seatunnel-e601cd4c373409207c928c8772e701a283ad7a78
seatunnel-e60a04d4e70aa0d04a8092987c87d42215884c2e
seatunnel-e60ad938be6e43549fe36d9d9380a0193f91b9e8
seatunnel-e61664f1e53840b9046d557a62339e82604777dd
seatunnel-e619660a4b2421e03a29d391da695be1331f2a21
seatunnel-e68ecf7bef32f6dd5bb44c569ec30216fde96e72
seatunnel-e69babff203f2c517d64cc902decbdcd68644a6e
seatunnel-e6b4f98721100454c709d55c77c63ff8543268a3
seatunnel-e6e1b7b576da37cb7e70a7186151ed29cd4115dc
seatunnel-e6f9b0b5f95ae3cf2d6a582ea27dd719eda0dc0f
seatunnel-e711f6ef4c1615d2ec8604e3d3bbc48412f564c3
seatunnel-e720220db7039120044e1de477273a6228beed15
seatunnel-e74c9bc6fd042137ab8fd5457fe212fe5ab2a090
seatunnel-e751f21acd8eb0627b79be3a400ba22b6821f605
seatunnel-e77fdbbef70c566357436291a51dc3d1df4dc68e
seatunnel-e79520ba7f6f68e849d3f9032e712837a478766b
seatunnel-e7cfa2bc737cd15081807d0f6388f447ff6fbcaf
seatunnel-e7d817f7d27179203e07f790bc5c8cf1f34cfd51
seatunnel-e807b3402a5924ccc97d46615ae1d30ac9169e8e
seatunnel-e81a94ee7f8af16fbdc8b127fa0d4e88cd2a9668
seatunnel-e826d24699b3ab291d04ad4f265b3851e70c4d04
seatunnel-e86963465419fee67899d46dde200b4db2b34a2e
seatunnel-e8929ab605abb2eb0194321bfbfcbdf7e881e423
seatunnel-e898819d900efa0240037f20e4ad08780fe3ff61
seatunnel-e8af5317e065f4326045c4c3e315df043e29ef34
seatunnel-e8cc1b883105066369443ab3e2955260331394f9
seatunnel-e9132198f4b683a2fa3ca6da3e5f6d69d8c720b2
seatunnel-e92e7b728388e799e7fbe860ffc4f523a2f63b66
seatunnel-e93fdf74bdeaad3f80d472f315f5917c7754cbf4
seatunnel-e9545fbe8843a915eba2d19656c0d98470405eaf
seatunnel-e96bbf50e102dc579dcb5d4f00f7317498d63848
seatunnel-e96fbd884be474f847ea38d2ab2b32e217742335
seatunnel-e98235dd14812fccbb9572dc3b8d09c7d9ec1a63
seatunnel-e99e6ee726acfd48dc2a5809f0d6b58b0e1e8356
seatunnel-e9b00d57142b27586681dc1365e968c496553062
seatunnel-ea160429df3ccf72f6da2029e6621d488639d0dd
seatunnel-ea1e98cec4bcae1a86b83a0ed7079c3eb03dd705
seatunnel-ea2d816971516cf42d94b9bdf1d8abfc3eca5e83
seatunnel-ea3bc1a6730f89286fb2f89a941348def7cda515
seatunnel-ea40a7ff605534b964290a1680146e3685bb6b60
seatunnel-ea440427cf838bfae62a652be9418c5f6ea8d1ea
seatunnel-ea86e25a33cbb7f7a4a43eef869e8c139baaaa89
seatunnel-ea8c4da7bb4e60845bccf257fb1190360ab0ef60
seatunnel-eaa979a2dd417d719be555ba484d719e1cfe5576
seatunnel-ead3d68b0e8bf66c49e895ec127865821884e396
seatunnel-eaedc0a3c710be3a06a7e660b2ef950544716d6b
seatunnel-eaf178ec5f1a5d560545bece49d35fdabd9fdf39
seatunnel-eb078c3c9bfcd6595d3e91369c94db3da7276b3b
seatunnel-eb079b86033d8fd6950e9f2d94981af93841cb6d
seatunnel-eb179cf2fb05e0c1c8d5848c89e901dfc2b7fb7e
seatunnel-eb374783d983c1e7585a37346adff69be08eeb00
seatunnel-eb42d629ad1055b79301ffa2be35586441a17ffe
seatunnel-eb6aaad51f95298379b17faac465160bf57b61e2
seatunnel-eb827ea738efafd83288d5decf2677e14cc07f40
seatunnel-ebaf72c7e2054ad4b7dd75585fe38a1152803370
seatunnel-ebddc18c41c30be8955a0378d6505b9a2cbd7feb
seatunnel-ebebf0b63360e9eababda42da4ddd62b65d2599b
seatunnel-ebf9489f2bd510c4d8d1de53550421a6ab33f1b8
seatunnel-ec2e0663ba54d07ae7bbfa25099821550d4de29c
seatunnel-ec368902f4dce48fa26c1e5af2b16eda96e56404
seatunnel-ec4ebb4c734679d64cf67cce7923b509ca7d48f9
seatunnel-ecc99410efccf83e329e78e3aef73bf727439625
seatunnel-eced76e5e3afeb82b2ad41850302121b5b71a1c5
seatunnel-ed14476a518a7491a69078cd6d09786380d7028b
seatunnel-ed1ab5ece30eafb65fbca244587bf971dee5efd9
seatunnel-ed4fce638b7d746bca39cf7c41f563400e3af2ad
seatunnel-ed67db73c37de9be4f01c607f5d1d36c17a9c188
seatunnel-ed743fddcc0e23784e46df0932b88612da12afa4
seatunnel-ed74d1109081adafd265bedbeb8caa9fc349f70f
seatunnel-ed7a75cfe54b0af367a5fffda996318399a8b2af
seatunnel-ed95bb4f58568981b21e1b5baa0a914bae26998c
seatunnel-eda1027e96c8ede53e72d6bd88e450455f180aef
seatunnel-edb14108a6a6117d80da378b81702db4cc965306
seatunnel-edbccca1e7176be8560906f7b7caad2605f41213
seatunnel-ede29370f7571cbf140533901213c0d679702bc3
seatunnel-ee6a9870b877f7dc5998b87a32d46f69e637dafa
seatunnel-ee6ccab98fcaf9212b413c44e92cc28e6758cf62
seatunnel-ee89f754adc08c7bb8be7159a6374fa81b08e9f0
seatunnel-ee9009f110971ca8f043af307a7c68909903a2b1
seatunnel-ee93a7c7c6df6aaed594ec331888b32ee454056a
seatunnel-eeb2db4e214778f1a6763a1e3286b040835f961e
seatunnel-eee84f7b8e10050ddfcf9bdca68f10a7c655616f
seatunnel-ef1b8b1bb502089f781b3a9dac4ec97e1e8af54b
seatunnel-ef2775d50ccbd96011935caaa9b5f0d3e176f134
seatunnel-ef44c0d44a0667023e1a06652f422bd211b35a79
seatunnel-ef48b195e16d0e1422348c463b906fcef8a6e9ad
seatunnel-ef55a1b3a289f6843b55618a5d66a888045dafcc
seatunnel-ef5d1f2c83b9d5129ec299bb690aaf1894198a40
seatunnel-ef71fedf87a1efac6d168dc458defd86dc2eb6fb
seatunnel-efa04b38fe3cb893083d8c3577734f5c7b96fa5d
seatunnel-efa208e2da03334113cc2036b766835672a43864
seatunnel-efabe6af7f189b2836e13251ab0ea7583dc4c287
seatunnel-efb47116002ad4b51ac75b7d0b8c793955b372e5
seatunnel-efbf793fa5d81804420c08da9cb7ec1809ed3243
seatunnel-eff595c452479c62dd035d24f7f8b39da58430e3
seatunnel-f01280e4a1dc3b801687c177f9ba89d3e480d71c
seatunnel-f029ed9f2d0f8563d1414d59679d266f530e977a
seatunnel-f0346c7694e5abd0cf4a9d6d7040cae7a89a5d24
seatunnel-f03753348e6de80e41121016ed685659fd44182d
seatunnel-f069e48092a7d568b6d7c691f801ab9955444bfb
seatunnel-f0a1f5013a9c68331f5c6b28c34d4b207ccbe41e
seatunnel-f0e05a34ba4b813bf499efaa6e044aa682bbf795
seatunnel-f10abe6c249ee4e85abfd4e1ddf5bd540e31c753
seatunnel-f1326446e04a3433ec2be772b34b686fe3eac0d8
seatunnel-f13c2614d256c5e21c4c319a1fc9ccb0ec220daa
seatunnel-f165b182ed6bc7c368be9d005e4d0faa7ffd926c
seatunnel-f17a17a15237dbad48492d6f787ef2ba69a6ee69
seatunnel-f19555cd8f35a83410c5c25a1428ac9fd895c7a6
seatunnel-f19db744b301d825c433678eb8da2d69b66be349
seatunnel-f1a1dfe4afff2a4f73001d15dee239f15c29bd55
seatunnel-f1bf9535ee4e7f8f1163d629356047b556d2b4b0
seatunnel-f1cfb9c4bc9ef6c2a37a1669ba756986a083d0e4
seatunnel-f20437ed39427b4748e48ab488c30c01d62a1975
seatunnel-f2382edab4e1c4680d49669194c33d1e72e19ce8
seatunnel-f2482c0efbcb12762ff9668b24f43fa32150b3e7
seatunnel-f277a43216e8887bef79343d06ec3a303352b879
seatunnel-f27d68ca9cd3698532dd9afa45b71a03930a5474
seatunnel-f289cd643d961ba6457e00a559c3c15e4960343c
seatunnel-f2d3d83f0f58d14600f8b1539dbe19efd4b41e7f
seatunnel-f321087a46be918e225b44f14b9b7ccbf214f22b
seatunnel-f329d0790f71836a5d0cf9bdea873988478c663f
seatunnel-f351ceaf4ba7276882ec4e9fb73f3cc1874ff1f0
seatunnel-f35fdc8d52dcf795ff9256920ef6cdcbd87b29f1
seatunnel-f366e929b032c6a4b43547d52e2954698c50c8c9
seatunnel-f371ad5825aa9b0919e7ad31c4d23bcd2c3ab0dd
seatunnel-f389cd79199500608e22f0207e2568f9bd57bd90
seatunnel-f389f15689a03d649fa9de2d4a0d5bbec12daa10
seatunnel-f39e3a531d22de53c42e88cbb613f8c4730d1540
seatunnel-f3b00ef6965da8116d325cb27772c5494c4358d2
seatunnel-f3c9025610583fa31b7f86fdcd3ddd25ee7ed975
seatunnel-f3cb788b3623b40249e40dadafafeafa9b9d81d5
seatunnel-f3fb50f15282a24c755b27a8ea0f2ff3b9dade26
seatunnel-f3ff39bdfef852f581a28c7213d05e6f1942a2f5
seatunnel-f4077cbbbbe5ea518073ee0035134ba0890e52b7
seatunnel-f429acec2a96139c8c3ba78b0a449026d7bab884
seatunnel-f440fbe0ff001d9328d22c8215eeeb343b1dbde0
seatunnel-f445f8d2bc8ec3fdfe599d84c175b82c53c6344f
seatunnel-f44fe1e033221cdf0cd1c8c2c966e7e6bd81ce56
seatunnel-f452f08776cf1a8cda667edd9b0c55dee886fee0
seatunnel-f47f28284cfa55cd6f0a836e4aa79fe32e8566b5
seatunnel-f4909f08f95cbe879e83ca90c863d518282bd523
seatunnel-f4e33b591278fac52e025ed0e9c4e7a9cb5acfd4
seatunnel-f4e81a3bbee4af3b2c33d5e842605e50c1fe7b49
seatunnel-f5265dbdc47be699d0d4e9ec3d470ecbda887489
seatunnel-f576a23c481ebc90c9686e748e2edc31ae8a601d
seatunnel-f58c2fd8b720c04ad312fd470ebc3fd66d4ef117
seatunnel-f60ac1a5e99432c527ebb1b2f8852e8c1a1807e6
seatunnel-f63ce6571979365c7a5232ad1fcc9a4c69dffe77
seatunnel-f65f44f44c4ca8bc43760b8be0666412f3284cf8
seatunnel-f66e08776dab492c531b7343de5d41cd540e1b58
seatunnel-f67bc864c21e60f07804c18d1fab0ae5ff0554b1
seatunnel-f68059834fbaec850660e6b677364255163892c9
seatunnel-f69af2a7ee222531d87ac185eea82360dbce1825
seatunnel-f6a13a676f33bfbf5e73fdc9ed5d5b82298c92b5
seatunnel-f6abced71a2285e2ba7220b7ebb242559d968a1c
seatunnel-f6da1a98f50bf5ef2d7598ec6803c2850327a08e
seatunnel-f705a76c31cb3afb1032ab98985ec041346f4b94
seatunnel-f74ed56763a907917229b9433c020d1e09c92668
seatunnel-f77041e3791c41d4ee2bfe4fff013d70831e8568
seatunnel-f79e3112b18b120062cb12e7f486e1c27f547c90
seatunnel-f7b094f9eb94dafc70c9886def47c82ed9a4613e
seatunnel-f7ecacb98a33491b15238c691305f73840ce8e28
seatunnel-f7eccfe1262e49519de661ccfed39e2306617dd8
seatunnel-f87199cf81a2e5d2c0a08fa113a866a64cf40e73
seatunnel-f87d391ecf0db72f73f703d32e2451cbc2407929
seatunnel-f87d5684515f03e8b42a2dbb077bdadd51bfb555
seatunnel-f89411a074e4dd7e386689a75857f2add637baa3
seatunnel-f8b474135ff22bea3cd21689088bf164547ee5f4
seatunnel-f8dcb92c199904d88614a34ba67e3183b00733df
seatunnel-f907927a35b2f1347ab56b3c05dc927479401ab9
seatunnel-f9463ff6d660f8a274ca966affff2d49f4988a63
seatunnel-f96868d854d9b64a71cd684d3f80ee8b395428b4
seatunnel-f976d14f9e3a1d68eee41fd3939bcfa63972dc3a
seatunnel-f97ca44268f8ab06be9ce7be56a280f62bbf4270
seatunnel-f9845588ab37bb1b2530177f6bdd933e937be770
seatunnel-f99f02caa2be78c884a048b4ec8be2a5b76f313b
seatunnel-f9dd29c0df628e348825a493bf34204b26b43854
seatunnel-f9fcdff32d03c322a21a3f5e82911bbb0b7a5d9a
seatunnel-fa11e4abd8c57ea8bd1683f220ef6dc9b7a0591c
seatunnel-fa5e397e3af880c045ecc9716225910355cf5b26
seatunnel-fa6e23bbf8ae1e2d5f5b33cd41427ac9f0c3dd1f
seatunnel-fa92904076cabfae2b657acf034fe17ac553fe03
seatunnel-fb129edf8fe90d2ff64b1e59e48619f0295441ac
seatunnel-fb167ef192009784e20954c73d0a6c76716dcf22
seatunnel-fb40162c07808fcbae9cac05e30aa3e126344246
seatunnel-fb417a6b3f4824246f3817650dbfbc841dcb767a
seatunnel-fb5681979cfbfdc08053fb3c413bef58e9f44418
seatunnel-fb671b77f39c0f58601a90cae77b04cc37cd216d
seatunnel-fbb60ce1befb0afacdfc0ab546a826b76a0438a4
seatunnel-fbb8270b27fb106802c3f3e1cc6eabc5cbc04c2b
seatunnel-fbce927d8dd0d6affc70a43188924b56a8d9d29d
seatunnel-fbd05b352286dc7d32b93c9585eed0db4506cc64
seatunnel-fbeab83a5e5560e033c9be6d007ca7937c4edba4
seatunnel-fbfe7519c1d7c8e8101ca6474f1e61dc54462010
seatunnel-fc00a2866b7f111989caf238220fc2164b81f32c
seatunnel-fc047be69b0ab32dab9852f88823b451c2b61ca7
seatunnel-fc0603a744656155eabbd37b902c6ee3c538b9e6
seatunnel-fc284ac32edd30347805ce4b1b047e1ceccaead9
seatunnel-fc640b52bd8abb843fd52a005969f098060bb40e
seatunnel-fc671e59e1e8d1951420a3179ab64510e32ca951
seatunnel-fc89ba4c44ebaaad3d023a2f81bd58e1123df348
seatunnel-fcadfebcc51d44aff8dda93fb6e7e6bcb1d017e8
seatunnel-fcce78d912df5ec429dfb8b5dc9f2faa1ff8d2ac
seatunnel-fcd03a06708d8a1d488d77b0045cb01d07806932
seatunnel-fcde8ee9cf31d3a6ca6f4337f51f2adb715cd7e8
seatunnel-fd05c8a4223b85824a1d4be20e77c499285e83af
seatunnel-fd12a127da4c2c887eceac31eb98898ad99265b6
seatunnel-fd2c075e83b053943df96ab70ddf9736524e5192
seatunnel-fd4cec3a95b0c36dba640a451f402eae403a46ff
seatunnel-fd641d264d57e8d5248aa651b47cec3c88e44506
seatunnel-fd66de5f98dab7461538cabc4e3dc56c90881249
seatunnel-fdaa85ed24727d6273de03fb7a1daa9f57dda6f7
seatunnel-fe0180fab2c7a963886c3d585ddd18d3cf4e6572
seatunnel-fe2d88f6c1b9c156ffa6eb2fdeea8db1a5099af6
seatunnel-fe4aaaa12346cca89609807f71f0c84142222c3f
seatunnel-fe548b4faa95dae19cdfd943dcf6042e792e621e
seatunnel-fe770627bb662b275dee8ec02268efc39e346dfd
seatunnel-feb5f3d7856cb5a91eeb8d25fb8fc896082818c8
seatunnel-fef822334d6b911c4ffa4329ab82a5b15f1d02ad
seatunnel-ff44db116eef6e099a3031dbd44d81460b50e5fe
seatunnel-ff4b32dc28d80bcad57f1dc9bf20f17210effe55
seatunnel-ff717e651af7623a64b204d0085a5a012dfe5100
seatunnel-ffb2d86eea7ecdda029657bb349628b9fba09793
seatunnel-ffc6088a79a2d346fd8940673b6e0c06b1534c46
seatunnel-ffcf3f59e2bcbc366e018c8a9b4a324067ab62fa
seatunnel-ffd5778efc75e6b055188869c78e5b3d5a9a20d8
shiro-00670b8e768b14f8196ba4fc502ddea2c4db1ef5
shiro-0102f1346acc444fb173e4198647961973c1d5e1
shiro-010da2c281044e1630c662288e440c95ec87b8d7
shiro-010e4567e4ccb81cbd3961617e83f89aa20dbcae
shiro-011144625a02d5358fa1eb925512871332cd6acb
shiro-017d8e0f69b31ac1e225d0e7dd235b3e84cbcbe8
shiro-01887f645f92d276bbaf7dc644ad28ed4e82ef02
shiro-01b4be788cc2ba4fb277b6371312b1e0aec63bbb
shiro-020813003ad44bbef4cd02defbae171cd47a96e3
shiro-031484a883102ea0c66255fa9ed1c0c72175c598
shiro-03927e2f85edd4c53c1a55ef659410fad59adeda
shiro-04a5eeed333ab19aa9765580373970d145a5a7df
shiro-0554a2d36d925d969f2076b1f0833539051669b9
shiro-056df97e38d3c10d2ce90c2de8be9ac1c2c80064
shiro-065bcb998ae9122ec6f4b041533ca9150536aaff
shiro-067ad74aaa4045fd4009244b98a46ca393d2c4c0
shiro-073d70f8b92d3d1d7747d5e716705fb97d511c65
shiro-0842c27fa72d0da5de0c5723a66d402fe20903df
shiro-0aa0061fc7dd9cefee2bd2fa322f7d9bc45dd84d
shiro-0aec373400bd5306d75537c4a2edd31954bcd1d4
shiro-0b277a682bfea561fab5d2636bd91535e326be62
shiro-0b3686da5f31ea4b1f13b6eaf682190c7254d3b1
shiro-0b462be5e6b7c6d562b184e2c0bf7add94f29738
shiro-0b52b2d57eddb9fa3186e18a73a7b10567a40c0f
shiro-0c0d9da2d81a4b24de6e02bc1c8a2ad1b5ef32d7
shiro-0c59b8a906e7587a74a2fde08ad13ef90b7416f4
shiro-0d1a7d7b055ff0d8ada943fea3b53af2c61ebcbc
shiro-0d1aa3657725ecb907d2b1c126eb26e64d877493
shiro-0d27bd0172c3e9cd53528ccf000c8fef0d5f8e24
shiro-0daec0229c3d76badccbb8452ae8e64749bc301d
shiro-0e5a4428bcaa0a4c03680f5faad5a4c897379497
shiro-0f317997c62347dfb64d25dd702807ca53547c78
shiro-1040d6531e1da8bad727b95857aba3a0fa444049
shiro-11044e045243bca041c05410364499478134aa52
shiro-11903d9cb6a407fa22de41f9729ee4fe9f37e1d1
shiro-11b05f93a0bcb55ced353921fba6b6c5107742fd
shiro-1210f1e192a0ac3ae725dec4842fcb01515c52e6
shiro-13697c08598167bbdc5a3acc1a1919a8be410a2e
shiro-13806fc623aa64ab89b64821c1db55ee8e6468e9
shiro-1381bda0446a67b7cea347d877ea8c7ac9656f76
shiro-141a13d9bd7db5c6172bdc8b921ebc541f953bd1
shiro-1447e4329e786739863035dc1ed8480b73143f3b
shiro-14825875a1d9c2d39e51bedba12762db96c05113
shiro-154d5e2d11c786a67b5be63aa58c928d97055cce
shiro-158f514edadf21e13423216ddce37f312a2637ad
shiro-15cfa05729be72a696648be7e35939dbf92c449e
shiro-15ea2ddfdf098cc1647159c6047b3f12210faae4
shiro-16089279b3b9a9c6a3ab08c027e4bc8ba8e3097d
shiro-16384b0f56330efa33e853380216bfd53252be03
shiro-169479625faf3fa57fcdac1df5150b3e7881643b
shiro-16b65eea8df75b55bf3793b65f89bf794fdcfabe
shiro-16d785b38657b1ce8645b9055f2ec39f56a63bea
shiro-17aafef98bf156331f559390cd8232dc71d4802f
shiro-17ae4977063893088217209facd9563b7d39f99d
shiro-17ba345267c0b6e09e77d2d44670e9a03d261adb
shiro-1809d5b138f8c746f5e6632329c310da4570c4ee
shiro-193d8555dbf02b920de3a0e7b46d17f691ccda23
shiro-1973173049442bb5388cd11a44d9c77edd45422f
shiro-1974d0d1cab8947f9ef3026d980572477cb9da8a
shiro-1a03ef15cfdf0662a3639dd52a62ecf6f83f7fe4
shiro-1a11e38e5f9f17e9091b8a1950607d3e234be602
shiro-1aa024bd6a9b5e2d7621cd42ff5c5d562fc76234
shiro-1ab48433b3e3c514b72e3d6c22d2a0f802626e3d
shiro-1ad362ad7193b41d097c11eff8b07683a161ba94
shiro-1afd6b8a25350821d531caad24b1e2c2a029ec58
shiro-1b54391b4539165372c0b18ebc1f5e2b75d66244
shiro-1bd8d59e51959620626ee904369afa89d9bc331f
shiro-1be341c2b5339c677b36674f8cb13abb3435c337
shiro-1c97815737fee587729b1d3827814f3f58d2b6ec
shiro-1d28b6aca3d0a842b6181c665ec50d0b8b31eba4
shiro-1d7aea599f96e32e37e5696f4d530fd08cd78d10
shiro-1e078c8c33a94b64c89bbcd025ad17a953c375f7
shiro-1e8081c1aac21540fc0624ea6b4ea53a13e58e75
shiro-1eafe0f77d61004d80bbc220c5325af53474c743
shiro-1f3846cca6e9d9dfedda8b23f2c99467c9e6bb59
shiro-1f385a1dd32de928d8237f8db7c44df7b0deee0a
shiro-1f820872a5d59833b4c6d47903fe86c8b3bfaf64
shiro-1fd6d962b331608a63ccdeaaeb8207535a47821b
shiro-200dbf005add708f0f138a0f2ba39aa2fb951e51
shiro-20599ccbc0400b9f31b184a3bc7040a82acda269
shiro-20aec383e65c344799cebcd8820afa95b4a112ae
shiro-20bed1971bf7e5bab9e0428d8f035fc7a156669f
shiro-2118751115781e80714bbc3b3438502460f0a120
shiro-214ad8b3ed2d8c0d71045e9b2abda8c17d2f703c
shiro-21dd185f31d9f483eaa1fe583ff483020b5408b2
shiro-21eafe4fed287e47871e11702d6282e60ab10153
shiro-21f584c2eda8578e422726aeebc35acf240bee01
shiro-227937f68612c07093f8700e8e940e2a641c41d7
shiro-22a2612056485a06507b644f0d1a61b0ac437d04
shiro-24b7ac8a76b7fa6a738681fcd578dfc364b24fa5
shiro-2577390113bd4af813918bf5affb62a30edb2200
shiro-25cbe7687a35887229094b1653429547afebfabc
shiro-2619a5e0f505c276e3f520d552185b06ce5a3d72
shiro-2629c2c2139e615373fb45927cb668ee540a52e3
shiro-262eea1ddaaf4352e6eb8910708c94b81e2caf0b
shiro-264732c1d7be95b3ee5deaccc1e0a99b507bcad3
shiro-27d0a3c5ee690d7099ab92e01b88f016e6f4cb19
shiro-284a4a06cb61fd6a6300d86aeb6eadf07adeaa26
shiro-28c95ee33531fb9b573836d92e4ebee0a30cb554
shiro-294666c6e9f359e1111409af7f1c54a26fb85864
shiro-29f9f0497fb1ae227a4c22f3e2a588e77a7fc050
shiro-2aa01a8e0cc7f2313c01013f1f2b9ea601c38d9b
shiro-2aaf6e6c203ffe2c04c9ca03ab2e9fe913488281
shiro-2ab2442fb3c7b5b330099975a0d6640b6de0879d
shiro-2b2bdb12ab69feb6db44478a692e7fef497ba6c6
shiro-2b3e5830871a1dc2f832801a6bd6c05859b2ace0
shiro-2b94f3183e899425ac43be6796e1f404f0c33bc0
shiro-2ba194fce825ec22dfe9419a1da1fa8d68a45349
shiro-2bcdc1e5cd276ba5c5322a18c38df393f896ee90
shiro-2c03b991149a500483c63284e684f86fbea7e9f1
shiro-2cada070671d272a35a2e1cd3c859d64a373ccf2
shiro-2cfe81c5740c1f886bb27fc2c50b693a1644ba8f
shiro-2dba442eccb78cbf35abe36f4a3f42ded7f258c0
shiro-2e0209b9c43bffd6c6a46719ca0f7625b473e64c
shiro-2e297858be85ffe95b9d2066dd6287643b32b492
shiro-2e3d6954d332c82199387f6d2bde2e798369d05e
shiro-2e9cddc806bdb0617071cea1c88fa92d02e3c9b5
shiro-2f3e20de1f09e56a2d45d6111d5b3721eb00b0d3
shiro-3008045470f302530d3db61eb075e5539132fae6
shiro-30b05af92719d5fd55b05ae2a7d71b1c1b0369d0
shiro-30c7dd30aed3fa419c76cb1e701c2077b5df6802
shiro-30f1dcf5ec6a2b91a5c8340930abaca8b6b1bf47
shiro-31794e7bcf47fa66a0050c8b3f8ef2f8b1a51a5c
shiro-31c1fa58b13d29999f25a79d8fcbb66cc784a16f
shiro-3203c8f6314e7a37b35803b19c672c733d5662db
shiro-323698ed6e22e417a5e86e367906cddb29932bbe
shiro-329dc7e4b1ea037c33526b8fe8794d0208c47d4e
shiro-32cddeb92b26b8469d521b109e46bed60b86e87b
shiro-3356e65510e5e1b249181c19e8b498dc921c2b55
shiro-337448298be51d9a08bc78751524f030f4e13906
shiro-33f0f57f1f3ebb6ff1e6076883685ef7d7f50445
shiro-33f31ed304cc3eeff1b49fed101822bc438d8fe1
shiro-341da7db311c6315e72882f9e1c8efab719135d6
shiro-344a0699d1c7321bb3b792fea86b857fc227e07e
shiro-34df89eb6a4d5d87994f2c1f0e9719f65e67a5c5
shiro-34fb904d60bc947090df529df70f7d78f810dae4
shiro-358397b391b3a6494919a7e7fb13bc3c30fa3b48
shiro-36fa3093f65725acbe89a3f87cc41320fccf7a3f
shiro-374234e940724a09d649483b33475e1c92bf4321
shiro-3774b64d24a242dba0c0d5819c224a7a42822d6c
shiro-37ace2eec749559d60985e7007028053ccc66c3e
shiro-38548be667cc8ca85206e47c4861dd6adf5042b2
shiro-388df5377778041aae5b94fd26eaadec9f23b399
shiro-38eca14ebc970421ed1c2de0d4d1733b17198fde
shiro-39241174d34fbd0bf913b61cfc136ddff89f16ae
shiro-396c88f94c5e1cc810fa20cd373be8c93416b284
shiro-3a952428134254453804e706a1743f78bd1f68b1
shiro-3aaeeb2e58c1605d67de9b0ccb2a407953f6ec46
shiro-3ac4c0c2c0a91824c9694253c0653cc5e406d9e6
shiro-3ad7c611a8d39f36529b733f48485674ad55591e
shiro-3b2022e51a19f58c6907cc12e55abbdc51b29cee
shiro-3c08132c6fbd0a2fcb7e58a01f83ee8b02372e72
shiro-3c4a25095940d2dd999eebe3d84f0e28b34349e3
shiro-3caff3977d2aae9dcf223c09fb341a6b1cd2e806
shiro-3cea9eafc08a7623f98bfdb333c346e7f33d53ce
shiro-3ffaa1d12797479bd5a10f148d0b3ba801677979
shiro-404dbf58a9ea213224501ad34e2c2e5ab5c6acb0
shiro-40c959f9c1a04309d9075d2c91759f61f1a0c64a
shiro-415e259662123cb53f9772ba8ffeda92e15fe2bc
shiro-41761789538a9e15f4fadc1cdbf7334f77e773e6
shiro-418547dd6ed56716c32f7ba1750eb4a90a2f9950
shiro-41bd51529e455713e31d94a6f39bcc396a3b842b
shiro-41d3f7a84d139b9fdcac810cbb0c8d93af5d4fab
shiro-41fb3acb11da68b42b977134fbf35a2a03901b64
shiro-420ccf82a4d7b39326e7e0d53103e77e5e324c57
shiro-421fc89fcc971dd816f129c9cedc2e2826e26434
shiro-422166dd55195339e811a08a532333e83604bc65
shiro-42464202a42b7d9dcd97508b24458ad382bf115e
shiro-427b2e04058b49df02424137301adee380b61e79
shiro-42b0a24a432cd3f08d229bf9d89a9bddc53a12d9
shiro-42ba52d0901bc74b9b2c743861f1ac84c703981c
shiro-4329f2a73eeeae0691bbe1831b0d4a81a1e04e6f
shiro-43466afdb27ea8a611053486f253dd40457f41b4
shiro-43526b28cbcab85dd07fb08a2f7c3cffedc36652
shiro-43c256a9a645176ea2304a5f9b7c98a83d0f06d2
shiro-43dbc888537451ddff3b3e086c50f09f22941fc8
shiro-441e736eaf25344f8f1612961bb5da3bf72b57c9
shiro-44f23e53ecf1b313a89b2e4ea147764b8884ab45
shiro-44f6548b97610cdf661976969d5735c0be14a57b
shiro-454e481757fe9caf1cd0525a9a3de7d7df4b4461
shiro-4559508f4502164184ee85531dc16c8a958d7695
shiro-46583f2ae2e02ab15485d247b05255bf006da2e0
shiro-46d1cd9036f86fef2bf2f828a431dd532aa42adc
shiro-4780920d8f9a1719017e1308df612fec58824c9e
shiro-47891c3e0472d62a9a14cf366f3b2c602b74dde5
shiro-47dd4c1e140586889ca914c872f5282e68d22501
shiro-483b9587f3379a4e341f75967a86ebba37e678c8
shiro-484ca8507b4351a7881d766d03c90aab696cb57f
shiro-48a8068b82c52e9112fde69529c0980dfdf1d02b
shiro-4938a4309a2999069c70eb52a8e5960af3de297e
shiro-4959401aa8b631b2190aeab2128f75964400b87f
shiro-49e3132fae55eaa92c9b4c9e0c6cff27c0fb1125
shiro-4aa4db5c3443b47801d295044c372c630bbb05c2
shiro-4aa4e3eca17aa6524171c273c08157a0430ce688
shiro-4b1108f6c58362cb35e81a7bc7d27ec8efc65d5d
shiro-4bbd16da872d95db3d8d5f8dcad0f7ab56c4ceaf
shiro-4c2027adafff48f09937d06da643ee0cc4551b20
shiro-4c8586b20491799327fbf11adbff6fc3f3de450b
shiro-4ce0399244fd8363fb28e73032d28d57c60ef44e
shiro-4cebebbd7892ab160c2b6f0ca0b27a1e8c1548d2
shiro-4cf242d29552876ba09bc7e1ca0b841ba5ae4017
shiro-4d474ea06180ce630920d41f8d61ee9d1a876681
shiro-4d822e1ba6976b659eefee9cd248e908cda5b978
shiro-4de49f7271ce0e6e9475400307742139f8b267a2
shiro-4e75a429de8ccb854d2082aeeba51b00c3dbd6db
shiro-4e9a6d8776260e3a672f630510cb79f35837dd37
shiro-4ed0c80567c22f6b543007c222132c39693807a9
shiro-4ff98cd69db42fa380802e9f425bf85c416c5d0b
shiro-5019d893048780b99ad06051a5825c75b1490eb3
shiro-50ea8c6c9650feac2919e84349605677eb7139d4
shiro-50f686a4587c2a2f71d72538f828da1d49acee18
shiro-50fd419289ea5fd401ddaf81be213c4cb0690134
shiro-5117a6086a613b7043f7ea470a7868e1d57b6670
shiro-52428fcab4d58bc19de0031ef2ff9a9a452a352e
shiro-527c2ba5442ef1b683dc96a79d3fa26629e9a2fa
shiro-52c5507c1b8f79236206f7c607abc94551110590
shiro-532ce6808353ba7e2cb27030d56f8c6dfbbdd353
shiro-5354e1ab31dfdbbe4f2910b7cf300d873d9cda8b
shiro-536603f0c0eb18c73f05270e7adcbc49021d76b2
shiro-53ac0beb10230423f89ca417cad969bca34f25a6
shiro-542060f88ef2042205ed458e4d524f1a027a0438
shiro-548ca1d7f8c761e6f64c5f19ea2514a734f9169a
shiro-54c2f385653612e41dbd53d6ca8f177bb04e5e8c
shiro-555fe06af34caed382c60255dea90cc2ce4b90b5
shiro-55695c438998e9e259e2ec8604bda715a2dc6418
shiro-556e4888074179ecdc2a15c32bb00a0f56bf0c76
shiro-55a3d14e17886f3964f8fd96dce013789be3bd5c
shiro-55a8a5f4321bbac12af035a55dc71665f0c76131
shiro-55afc07070fe89650e9dbf1edbe07f267da45749
shiro-55deabc919bb02fc9f09e5f9930b80142be4a5fe
shiro-55e62ac7b6e9f7ebb59b7facab8970fa905e954a
shiro-5682cf6c511ea48e4f3054eb64a46c1f82b7b95f
shiro-5799afe9d7020fa72b347d7e00911e2fb226c9a8
shiro-585ad3714c624215da781ce965151ede240b316f
shiro-589f10d40414a815dbcaf1f1500a51f41258ef70
shiro-59af0c823274295fb9f09fbd6a2e6f32729fcc48
shiro-5a71a32e867a48bbae410c2e61c031967eda651c
shiro-5b1add9a4c4ed046b52cf2132ed0f264a22caf1d
shiro-5b6fb1d3501cf6a9823ba7f84775faed9d50544a
shiro-5bbad251c7ed0d57937ebf179eb96673b4ae7f4f
shiro-5be3a505b686cc88a050515303a057755e920339
shiro-5bf3d60820d87e3cc3edfebe3b3815567e50cc76
shiro-5c5899b8bade81a5f6b82c8f403f27004a196001
shiro-5c8dd9dec8254ff9dca19d2f9285e6b1761781e3
shiro-5cc8ffde2ed8d5da3348db7d2212423da76d2b88
shiro-5d793fb11426c8edc77cc6e2388ddd7e74d22985
shiro-5dc8082d39d9b29b77a3dbd3d209d98f031d1fe3
shiro-5dc9bee9b6d6c01ca2f80f23074c48b8ad01b6bd
shiro-5e1832040b13e26763beca5d0fd3e19a2bb0f87a
shiro-5e4aeccf88f06d40d30c3d0a9e99646122e93347
shiro-5e945ac3fc624374781f10e94d47603ff4fb368c
shiro-5ec0e69af03655197425f412fe75a7f10f07f0c3
shiro-5fc85aff1c503e705eb4a60f412e913e73dde0eb
shiro-608f99ad5d3f1b6b0aaba0cdfe532e56d31bfab5
shiro-610d72fcf42ae3d7dba931aba7e574e38c8011f2
shiro-6133d771bb6d6e0b79a886d16c0473f4d51bd677
shiro-617eed2366c3d3bea1c32f9cecc6333c10998ddd
shiro-6183c5fff9781d92a3919cf209c02d4181990ff7
shiro-6239230c0b6f628ae87c247e4f79c212cd1f75ce
shiro-62a663b3280bb35f968695a9976c3fed2e327f01
shiro-62c11bfe470efb8dc825502dd6ea5fff4b9d6d42
shiro-633ef5136500eba1ad5361e6571312e822711eb4
shiro-637567c92a6cad8c826920741d05c5aefe956d76
shiro-637ce614a3248a21ec8a03d50f65b6c0748b073c
shiro-6383cc66b1564efc7cedbcb3c9c238354f732fa4
shiro-642128e536e96ffa8f4410e23a22ae50de389089
shiro-64480fc03e24c71c7d8ae16709273f2c4743a6d9
shiro-64a87a8318af437961805b248849c2265d8cac7b
shiro-65b95be497bb86199d2a54bc6ef04571edf22cf5
shiro-65e6c981f06717d9381f9c9e22b5f65282089e25
shiro-6688688a933ca65165e1af9817d8f9480557c2e9
shiro-66f3be733a2eb9226ad1c84d8b1681e97e5ac086
shiro-671f40ff85ad7b9c9911844c741674d7a9c09225
shiro-676240b7eebd11c7592c069f6426c65a7cb8138d
shiro-677fbb8e60ced7dd2964e487f34dfb042286d401
shiro-68348c204965327fde48783edc03bc73aa1a5b66
shiro-6877a7dd52b8a3a7ae2bed7f576436bcba44351e
shiro-6891aaf74e0b61296e4c47439bf333ada7b0032e
shiro-68f7b3549c06a93f866638af37fe8dcf796caa05
shiro-69132cd691ed1b1d5e799747cd323e060f5eef53
shiro-69ccb12fcd65d05dab9deddcce713edf16c09e63
shiro-6a4f7e23c09f4f95142c97ff5d7339412f2bc5a9
shiro-6a7e78cc510722cf9bb1dff69f8e9941bcd8932d
shiro-6b86fdb70f7479dbb3e94d08f32ba607f7ddc1cf
shiro-6bf5695d7e50906346fa0472858508e3a54c1284
shiro-6c4e8f121c573737b0807892d1b02d59ac851c00
shiro-6c6001e37ae9a8f6055f1d2024bdfcd6c70f91c7
shiro-6cae4c1abd561c349f2c43f3eda1243aa3e935cb
shiro-6cb4b849ee3fa26cacd1bfa6ea4cd099b753a89e
shiro-6cdfe25deac27b90fa86f9b52333988a9e986e1c
shiro-6cfd985d0247bc51c6fdc4868d3f8f7c8fb888cb
shiro-6d738af363bb8cf0ea8fbe345a7bcbcbe92b302a
shiro-6d758cfca561164d34640a0038a8a10db26b45ec
shiro-6dc2568a9c9720e1ce0386c34d9ce62709037483
shiro-6e1e9b99fcf6f18e005ea9c1b8eae39a1fcd76f3
shiro-6e78ab5f6608a5e2dcc85c37d9b884714b5cacfd
shiro-6e98488b948be6902f99589bf8240926d7b6024c
shiro-6ee22af635b98a1d08ccb08e4c186d2dfe1956ce
shiro-6f381f21c95e2fc4808bf162dd020c3dadf041d6
shiro-6fc015e15eaa483d4b6a9760af649e52881b5ee8
shiro-6fe902b48da1e350d4850539d2589152edc0577b
shiro-70589941bcd447fde18c039d0d72bba75389871c
shiro-7147448667792c12a5005954a9f51d4e2735e1ba
shiro-718351e9716c01542858af126429bd5f9414b6dc
shiro-7229fe9b01ade83a69e70f2a8002a7c547b3facd
shiro-729a8172aa62bac2d5e22bdffa866dca972e45d8
shiro-72c6b16c4edc0ebbbb41e64ba2fdec2595779eb6
shiro-72f55f1edbd53d99526b227fa8572ce7e01db104
shiro-72f6076c2c454a94a59fc4977e7ca15058654616
shiro-73ad9f07b546971ac91e8efebeb2aae2e246f5b2
shiro-73b47f5d3f519f8fac21eb2e64a7e114e93939ad
shiro-73fd617dccdd7fca3b4ae7d3ac596332e59ec28d
shiro-74426dc7984311a13cbe8ea924053a832b93f525
shiro-758db5d85b40fedf34222940f78e7e5731c4e01a
shiro-75b6a562bfb86739026787b4145bdf2c77d493e2
shiro-75f118db8ab90f6dfc08db2303548f17cda15069
shiro-76cbc22479adb652f851b159603274ee4b2159f8
shiro-76d22f85871ccf67f6c266ab59018ce52b861f60
shiro-76ff621afcaba735fe828959a6f57fc428b43999
shiro-7752ace13dba20a64b5a4fc9930fd7afa17f7552
shiro-77ab3ccc6146a11b4c208379d5d68a6532b4ef92
shiro-78b76d2fb75deb5f1185aa05fb2212b7162301e2
shiro-78fe835e7f6741aa8c997d4be4911396330ad41f
shiro-7935aa8506cb68bb8ecde47e474e88e1d5c0cb0c
shiro-79662c598500cb4908c43eecc44f10fffbe9f8d6
shiro-797881c9dd9e1b3a0c1ef2902c250fab0017bb5d
shiro-79938a04281bb5d340de8c2408afa44fcecdf2e9
shiro-7a122521a891609a7c59997978bd6ecd2dd7540c
shiro-7a2637561d17e8a1a548c88029e332abe4799769
shiro-7a3278dcf8639d8ad254aa2101cd00ebadfe4d0e
shiro-7a430e75f246d048c1d9c055466bc8b7dc88d2f7
shiro-7a9fa6c9a7a2cdbbec6922c5b7ea765ca2c62976
shiro-7aa23c8b1aee7da8d7544806f31ee2204801e3a5
shiro-7b08f44df4dfb965a935988560e84429e648cd77
shiro-7b4604cec3256c92a7742b63dfdb467b43c773b7
shiro-7bbef502a09a9703642bb9a274a9a2e34959fa11
shiro-7c5a0d7df53cd3ac6e5c4c642eafb1a679779ec2
shiro-7c74b986098525f9a7c6cb30297f2419b6bffdf1
shiro-7cc1f2c37e759e6c1765b384208bfd609ba5639a
shiro-7d26ab75d9b5ac232297d172056ed14359edb66c
shiro-7e44e6f6542e7ba12434285055c385d18b5c56d2
shiro-7e9bb40362b28afa6071af0d68b6ff2c5bf30e5c
shiro-7f68242202d3242d7a179091c6ae2973ed59248b
shiro-802acf482ef3fbaed4f9286dbf93715eeab63d15
shiro-80403cb52471d4e0ec7985fb2993e72ae22c8183
shiro-80631e7374645bfaab6b5cf0d40a115fe122d9b9
shiro-80746f304355bdde7421f4149365a950d68d1b71
shiro-80be1aa71f3ccfbbc10c7b56540669612ca66568
shiro-80c5ade9af822173964546d3f904cbbcae3f5094
shiro-8107b4e7bee91c99a236584bffd1b6f096f9357a
shiro-812a5e2840a3c47434f94e67dbdb7d947174cacf
shiro-814f66cccbdf5279dcb47644151f4bd4ad71749c
shiro-81d7af6fc8de84c46f3a3584f483f7a8b9edf059
shiro-81d9767ce7a4a1502a3cc5b54fc5d68d2c363546
shiro-82204c016bcd81b8a7a0d8a3b93b42981c515952
shiro-829a4d051a0dbadb3934b7fa221aa5aafb2d3437
shiro-82ebf5ccf6a4ef1d9fdc98a21e6f7ed4b55679bd
shiro-83d8dacd273c8f6d70e6b1aa4f240d4f7a408c27
shiro-84fc88288f8bbd35d07c0328524c7b4bc5c364fe
shiro-853b2a24c5ee2523dcedf40fa10e032d8efeda36
shiro-85409717a2649730c956f1b070f74273a80af972
shiro-8542bf5291d93bb694093ab7cd81dd4df34477d8
shiro-855397b48a830f58eacd776410c98eeaad17d558
shiro-8639a44884bc8a752a94c71b9933ce383cdffb60
shiro-869f87a79a0d4eec3b90c59d5ad35347af88d3a7
shiro-8751ce1c31848efa96242099ba908bd110540246
shiro-876c853f73f2f441bcdc16d78c5a5fb14c9c90f1
shiro-88124c3c3b8a58328bac547fa942e622663f5484
shiro-8893f15d16502e1e958567042abec6ba432f1d76
shiro-89900e312387f9d91d82e0c3ee4dcd0904e1fb6f
shiro-89909102182231ce74f66af2ccf8f8fa8e953975
shiro-8a5b909f9e3f577a5bc9b1062701716a69549fa3
shiro-8af2e4ed74b5a84a7010239e9c58abea9a3ff57f
shiro-8b061f7999a4eb367e55ce857a3e5f65506f2c7c
shiro-8b46c8acfcbbb867eb97b4abb7e44e6bfee9c495
shiro-8c6af134c726a19df7304e335f040d789a563019
shiro-8dd0a86833841cd0c10b33777f4c30b1ce138e24
shiro-8e3042fc9499a3fc1052de7b604a237c83a255b3
shiro-8ea945a94437a913bced867e6bce82849f75bd72
shiro-8eb2218e24c8204655204cb1b018ac85c77386b5
shiro-8ee4913cb16cc192440e9308796bf760c9f77ae2
shiro-8fab24a43c119e7c372949a297cc936658eef58f
shiro-9017cb4f998cc60cc336952bec5d0dc5df46062b
shiro-9031d52353e88ca66df55cf476039cf8539b26b5
shiro-921759e7d6733b101697182d7eac923116b4dd5d
shiro-922a95c48c7f06196a1121e3163b54b7ec52e9dd
shiro-92a04d6415d4d0e93f125d5dd6a1ac359fa06103
shiro-92af573c030aadb9f1fe0f97289369fd362c348c
shiro-92fcb71f64be5469dd0310cf6585cb502e4cae4f
shiro-930380cf2f0200b7ab3842b4b4c9555b42634083
shiro-930c94a846a9acdb60fde28667350255dd5621bc
shiro-932429d569f0dfd6c9f3d530cd4b8fb751dd5c62
shiro-9325997104c293f2898514ef63822decf1430ba3
shiro-942d364b49c34b7da508d403fa6a77e50faa7038
shiro-943bd35c07f86d33c15c0006e1a320c8616775ab
shiro-947193beb4869a195806a9cc1457ba70188ff52b
shiro-94dfd7d043c504ed2c43e0e0819d313abf7389f5
shiro-94eccd02cdddd3d2c93583250d39f4bcc5c9c343
shiro-953d44d0bda96612aac4ea399f048c2006068850
shiro-954627a4393e2365434c3805d9d211bc8b153962
shiro-95a801c4d3b4e4bd35a51a101eea732392bb78d7
shiro-95fd2dcc1689b5d892a08c2cc1438226026a0ba2
shiro-96599e71c3cca3044f34ba2093d358133d39746a
shiro-9686735a93675a3a607b5d5b35e0e51d3fab5a50
shiro-969be26c209da7d1c97be9179c0ecc15ff497e25
shiro-9762f97926ba99ac0d958e088cae3be8b657948d
shiro-9786f908aff5ce4bc20c2e21bb237dc799abbae6
shiro-978dfe708bd2754ff5b1dd9a92e8d36f9128feb9
shiro-98d00ebbf6fe4bdc22483dc5164bae89c2de3be3
shiro-9909a99745632c8dee13d2ce35a4517652eaa412
shiro-996ffaa0e2c5f1569ae6dc715b83729d628147b1
shiro-99a6db1cdb6a9a7ebac11cc97302b5d2f5477ff6
shiro-99b3a6afb36a259348c9d7b7a3718599efe58feb
shiro-99c55f65ddb70d7aa5b8f2d61051c0ccdb747ff7
shiro-99cef46f28d248936474d2f24416fc7d707e1800
shiro-9a19ee83998fa6a8425c828e202d21dd76f73657
shiro-9a4caf9b95e73b091855f1b66ed2bd6c8375ee57
shiro-9ac674807e0e71f1a5dcb8791b385b70fbe0f342
shiro-9ad90205bf86656c91e1fdd93513de669bd11613
shiro-9bc991a2a9d6762febd66e3e3dc00d29c1d27583
shiro-9cc88cb60aec982ee06b08a857997b0147c0a0e7
shiro-9d04127a4803d619fb809e38197ae5271fbf59a2
shiro-9d2908e656456e43485ff89600e8ec3b42d4d354
shiro-9deebdb7f0faf028c3838788b8f8c8ce69118e1a
shiro-9e68eb488644f4a8ee72c4ec736d257a66e5cc5d
shiro-9ef3ca4d8077a514b44f8cdccd06e16cbd096ae1
shiro-9f475346e1755cf1dbdf2554185a06b5e566484c
shiro-a0172cb5ebb98cb4ff63248bac091d1e08f5031d
shiro-a01d29fc6184ece917f9389bd49166a919321db2
shiro-a167ce0ac359ad66f7b198d1e6ca6ea2939cc7dc
shiro-a2002ffb13bd902fa270a333397f3be07c4b5532
shiro-a23065bc9666533143dcedb0673ae268d338c942
shiro-a259d268c02861809eb6aa3ec4909b700b699572
shiro-a2eb7e88067c5ae2f851c4973aff005fa892dadf
shiro-a3d31d686049315106ef2337be5531241dc10532
shiro-a3f88de7d921e15d7ca0ee06877a4b6f7d81daf7
shiro-a40a8feca9e9dec49e2b5ba2f56600126d4e76db
shiro-a4a3e929f5363f08536d30dbe7ec86e0e12affb2
shiro-a4b5f418cdad1414fe412f172ddf3e75e529a3ae
shiro-a52171f7cc2d3a0b7d6599b8ff7e6acfaa8bb85b
shiro-a6003804eee0caac08940afa3120eaadc99dc98e
shiro-a61a1c460de8baf56fd94a630c73d3005ea342e1
shiro-a6b0318798993193961e45e3709b4bada9f3300f
shiro-a6b16e1ad4230ad0f29bb39283a8a5659664eacf
shiro-a6ce6ed31ab38038e15dd26ecdc899d5e93a1759
shiro-a6f039c0d2b58ec460861f25996e3435ce5b9b0a
shiro-a6f0c3623796a67266faaaa9be6373500d0da1ba
shiro-a73cf77095d2668aa8b85be081fba28ce3b882be
shiro-a7885fc7e9a015c7f82c27f0080e8c9220adc5c2
shiro-a7b37f69c117b87d0370f14d88a7aa84aaecf4f5
shiro-a7de297472f9beafc270f3bd8e80d7cff66e7256
shiro-a85dfcd8629294cd1c6bc3cdd34cbebb94e09662
shiro-a8ab1e0147fd376ff56607c6a55c0fad81f9d096
shiro-a92a79ca8f8f7bf4f6386d0b618f95041b1c092a
shiro-a949178ea811ac31b268ab786c8a5e71e16b225d
shiro-a99987a388ed51c1462dab6628f405d7ebe0c30a
shiro-a99a91998db3e9d58268c8d19593913c883d9cc3
shiro-aa126e28671056a2a01e9765b117a64088ea72d6
shiro-aa59019357525240d6c238f057c1d3439ab499d3
shiro-ab0fede055ce1e62d3b6da37df607487739b3424
shiro-ab4b72fb6f6d15dd96036def612008205a45c8e6
shiro-ab4da42313185f2394090c767f0c5d3cf4a55af0
shiro-abbb4e9aa258aab73bbbe8a1acc7aac870624a9b
shiro-abc21915c86e2037c37e773cff3b95feabbaf420
shiro-ac1cc6057afa1179ca1614ac7f5937f4c0b39d5a
shiro-acc7c17ac11ec007aa1408c5e2d612e201973efc
shiro-acd35fb4c780485b2c0320c57d266dd262d18c66
shiro-ace4d7e11f1c9f429535f40380a0ac0e62452de9
shiro-acef1457182968f4da47a96380ec22c59fa230ee
shiro-acff0aae201846a4f93d211f71b8e9c50bd178e6
shiro-ad1cc72b44b7943ec873607eb08ae7a117f8540e
shiro-ad41e7ffc352ab1a4af42b1882edc6c2d673c0c8
shiro-ad582d30157b55cbfab016b4a1578a637ed16c1b
shiro-ad73ebd7c56a1b6b382eff1aaefddc929be66067
shiro-adae23bd3ff2be7020fdd7ebe6aad800ee6b2319
shiro-ae09d12952e29a256faf60e261f973a343abf2a1
shiro-af09500330048af4c5bd19c79671d782a5eb70bb
shiro-af0db3b18677752bf7104280d2a33f2d65ab0755
shiro-af440fa28785d39930619e68c8230c077400ce47
shiro-b0091dfef63288f957389bce42f5a8e85329a1aa
shiro-b0f035d5a7492828bf3e4f766007a490574b5454
shiro-b1228f73f65fbfefbbdd501e5626a960e74db4bc
shiro-b18f099fdbf2ff603b4e9b1062b54e614022b69c
shiro-b1bd9bad2fd058f399dd534f0ef176817bcf5338
shiro-b230ea9d0ac01a4e16dea30650bea9a59a057a54
shiro-b25505990190907c1afb1bdb4b2eb9cb850fe963
shiro-b294b3090c2a81c0158f42607db07a2812c247b7
shiro-b2cd1dfad0d993b06f053496eef605981ac4e28a
shiro-b31d3eb3a2e62edfba7ca958f73fdda2b39cad86
shiro-b39d07acd1efc0e5f8bcc09202dc01a903744b9a
shiro-b3ceac9324095c2562ccd09d82a431e26201c9c9
shiro-b3e98b0005b3cc7f3a3d63a382d07e5c5b1cfc43
shiro-b4778343f3c78b3b7718a12dab7f349e54fdd473
shiro-b500536f6234aa22d40d3a2d48f7aa53b73fa013
shiro-b527501fa7ab7dbc7ac86c128b5bb476f6513ea4
shiro-b597f48f6a669eb3012de6e4e5eb5de50a4499db
shiro-b5dae02be2cb51c70f9073e04f57b0dfc878ac18
shiro-b637c4676537dc49fd06a226bdd395615021da53
shiro-b6b5849bd8d0566759061cdab565bd0dbec4e9af
shiro-b78a95fb23ea4b8fb4d2a6c27a60e81905525f41
shiro-b7d99fd3ad69d06b6b94ae6dac92383f5d23bb46
shiro-b7f5bd6f52a7951d9665a45b787eae7748f1d74a
shiro-b82377a55f6a75076d6ca86969eccfc61ec3e62a
shiro-b8d6305acdcb8f04276f1f03debf73f8ec20b45f
shiro-b8de57feda60b152ab07262069ad483e6610df28
shiro-b9b2c920ed599d19bc428e2bbcf5b35b277c8948
shiro-bab861ee84482def274135a66edf67aae10847af
shiro-bad532171452aba5abfe7146bda9cacb07cb65d2
shiro-bb1a63a095763054d1e005c5ebb71df6176d7a8d
shiro-bb3173ac3695833f39d775fe5aaec871cb48f23e
shiro-bb7a2cb46a8224859244d75e5a0793b75c58a490
shiro-bb982449c4ce1410d8803e0ede4675732510dd0f
shiro-bc0fb939af88e58329aac4db0865b63bc284bf45
shiro-bc173f07b50a38ee2e2f6b07757901185a9f2deb
shiro-bcabc6bb336b21cfaca044647cca342ce1e6ef5e
shiro-bd135c57f69ed50e055b3ef5858de787123a63d6
shiro-bd5903941f34d4fd788fa57e2b58e0cdbb940596
shiro-bd81ec1f7ce7433c2a1ef35bf2f4ba341a29c066
shiro-bd9818561f8813979762e3d08f5e8a833b6a55fa
shiro-bdc7f4598b50a78a88403575032cc174d4590962
shiro-be4f526cdb578363a280f2412d303e1f7ebf87b7
shiro-beb089dac4dc4c44db8bcb46439689e3bfbc4c0b
shiro-bf78aca3187c88989ca99d2ce1158e25b80cc78e
shiro-bfc75e1b56fdbaa3d61b72693c3dcd160c11db6f
shiro-c00020c95f25810aaed144086370282511eaf506
shiro-c024474e4ca6a9dd8ec0b2d5b230992784988792
shiro-c0647f82782f5be8581c8b6467c10380a02e6cc8
shiro-c0ff831eec9c1fd9674f1076b578104c249c2558
shiro-c104ec50b9fd0f634dc133d1ad3f8cbe7060d90a
shiro-c204b70e2c94d0aeabcb48838d6d10b8d7767f1a
shiro-c205b5e2b329fdf11832093a8e4126f7fb1c204f
shiro-c222ce76ef1602b70d1cad9ed0f062243571e0b7
shiro-c2c6d78ad0024164d49d059ac575158f8ddbe71a
shiro-c3405abfd42dc8b04401b2362b5d45718f76d03e
shiro-c34b5b693be34da27f088a68a752f5e5b1a3eb6d
shiro-c3f3b317f2b6acb28ed06d149ca6d1ff7de32593
shiro-c4913c55f30ad9c262e1ac1c320f05ab2c417670
shiro-c496cf85f7e7ae4c03eca506326faa00d966d56d
shiro-c49dfe778786e68e08a8a755b7921ee24fcae528
shiro-c5d91d4f23375113998b8045e660b9007c02184c
shiro-c61c46fd6fe34ddfeb684d61988548d10ee0cd52
shiro-c632a62f345ca56a1ea0284dc83b2c63ddaaa328
shiro-c63855fd7205ba9ee4629f6ae3444bdc4134d355
shiro-c64a7981b0dd04047420ff1ff2cf9be82f6725ec
shiro-c6560561ee86265a9420c74fe6ac012de5875e1f
shiro-c6a700299a3a4e8226ec1db459a99f06bcc4d80e
shiro-c6a783853682bd6c4ffee4c839b856148cc40c32
shiro-c708f91003ff4ae2d822856dfb5f0156e2058af7
shiro-c736286f9223af958493badcd1c0d021e78feba2
shiro-c76b673d24a8204bf03f359c5e1a3c03a9ea6724
shiro-c7e0f854caa6e0ab7d9f0508fb580a59dce49436
shiro-c87d6bda92e6f659ac65742b209e5d2f06de35a8
shiro-c886b0b059c9c8a5dcb44a52d65a7d6f281b6548
shiro-c8bf9e5a37b3f5818789a1dc4c5e24a798509aa9
shiro-c8e2ddc34e39ca1b328175e447b47acbc1687d86
shiro-c9ea36d1f4c3bcb1fcdb94f1db49517659b5ae5e
shiro-c9f3d988273823febc51b87eeba28e3d6f473179
shiro-ca872256d45cf974d049c369afb62da030a1df0f
shiro-cb3a1b3c0dcd8b89cc8d51ee9ede086882921faa
shiro-cbd393ed59f67c7897f59a1728da664fefa9dd2a
shiro-cbfcfddce6351f5b8e27aac831db6fe213cf0598
shiro-cc13903fe1ba2fa6caee0209256312c06c2e7b7d
shiro-cc1933a7ff11e8206b076e2ed125f301be9a0095
shiro-cc5bfc974c065e7c90c0d12f377c15f405427999
shiro-cc63d396b3fb72d385684d6e759f82a51b9a554a
shiro-cc9423f1c81609ea126191b5c9eeae9ce6c577b8
shiro-cd88a85bf1e20f03651983f872044e75b5f6d0e2
shiro-ce31b1ed3485955d185a728895fbe2110b6338d4
shiro-ce545bdf60d715c066254396fc492a10b27f6376
shiro-ce874b166529c491961962f195ecb6b9359369ac
shiro-cebb0faf8fff1498a77ead2ab80a794e59ffe2e2
shiro-cf2d085d30d5d2035617fa9b6aa945ee5de4ebe0
shiro-cf8f43f5a783993d3f5c3b9c0401abcdc451b1a6
shiro-cfea5a85b0d125b9b18ab53361620e875ed0a41e
shiro-d0d53ef79cffb09c38305e0c135c71a87c4d35d3
shiro-d150f03a7b5620f17298e6633d5354ff60313c02
shiro-d16211ded8a2af398801e923f37f5821f0b11260
shiro-d17300688509f3af00a03c53b338de1473b16ac5
shiro-d1a0f52d1e37d52928ce004405766c468c99641d
shiro-d1d6f3ea3627a3255f60a82670db0f733b55ad74
shiro-d238928e5a08c73083c806d91eabb2a1eb62014f
shiro-d2b3c63277cc17fa50f61289970d6d9a752e2ae1
shiro-d2fbbdcb12b99ffae39377d137f413f7324a11ee
shiro-d30fb5ea271b3aebf1d1ca933fcde5b2b0121591
shiro-d3e0cb9744aaa6da8c67729a4a5cca801d372934
shiro-d437d83ed487b4dbe8ff2aa04ef9403dffaa2876
shiro-d477a0f4569ec8c6325d0975edc3a4a9944da71e
shiro-d49c0c9e1fadcd421e491d641311fda83f221958
shiro-d52b834c08306a7965e47f8fd6976a945956f5b1
shiro-d5a953cdf16fab193c636138f91ff675bf1f33ca
shiro-d63911b277da1fbad04abf0fa6577c0838e99594
shiro-d64f92a12d999d8bc1d6a229a9656c5aec2d58e7
shiro-d677288e0cb9829957c4aec12358abf6a6528e53
shiro-d743e3ddee79e76b894bf1ee2343ce5d673257a7
shiro-d7477737c49b05c2de77bd27161832eb22a8827a
shiro-d776fcdd046d52c6c2989ebcf4d4b4ce8d747fa2
shiro-d7d36a6daf0b1c3c848ec82adb41a7cc56c35e60
shiro-d7e3ed81cb0087d048a018e7e8e2af1ac571cb2d
shiro-d83377cc54b755f06c36a0f36fa0b7737d99b78c
shiro-d8b4e31fa7a478eb52b230ed9a0c52a5ca74e3e2
shiro-da0deddb19cff0744e2056c38c27b47843536fe5
shiro-da6d3c1063d1590319bce1f0035375236f66d415
shiro-da7448f0f97b6758d20d9ea83ce1f77dd669182a
shiro-daa33f505243ac29c76c6b4e9906465886466641
shiro-dac5e238792a866c701e59b9909efed029fbe809
shiro-dbe2a25118c90a5e8b535a55fea6b0d881aa7ca3
shiro-dc380036ddabec2ab0a935e3ae5a9ff0936cc401
shiro-dc3ffc16ffe00752e2537c09ed9371c946be1098
shiro-dd826a69eb6c2e951229fc0d0fecd789a6529431
shiro-de73559c8d66b230870e61b09d46acb83902c659
shiro-de8293fa3f9e130f7859aadce9dec0c03e332b78
shiro-de914a71298843c42fd8b53487154d71d8081be5
shiro-de93a4465d20bfb9d1f8c943ce24f680b0e500ee
shiro-df227aca34f851403bdbe8f810d3f7efc42cfb6b
shiro-df2f5481260bd778226473a658d237c047b7e840
shiro-df81077726b407f905ba16a9f57ba731b7736375
shiro-dfda698e744226c446b1a09ba7c4c26afc5540d4
shiro-e013ad2d17f108711f5e4de90fd5990e595cca11
shiro-e048b2caf22a285b130f287c695a6de0f2d7bedb
shiro-e0d0b0d89d7cbc9bd654b84cf7aa58e348b0c74c
shiro-e1df06bd93ac7e843600a31aec735e7dce42df7d
shiro-e1eca3c5ba8f758bc46b6e4d2f692da1eb87714e
shiro-e225c1084070043d2e1b3226349151e1b2461b9e
shiro-e2df3fa075fd51d8689616a8f2008e2714e3b474
shiro-e35a6694c8f428b71185800b4740eafd9fd7174f
shiro-e36ffa8a2a7f4d15d896a90e4d7e5c0ea310376a
shiro-e3c56b529ab2836e0428406547128ff083e1ec62
shiro-e3fd87f8a25fe6f4212e17630dec77061b4b6452
shiro-e4b14933746a0dfaa9fbea3cd1b393ef8cbc11fe
shiro-e5d8134d9457c87e63f97b441255012686a3056f
shiro-e610f6ba164918f10163f4bcfdf39ebdf9f833af
shiro-e63f0d0fcad9a648d2be1714c8e528200069b0eb
shiro-e646d89846d9742e3e3850f87bc4a0a3261d008e
shiro-e696281f02e84369d3ad13e5f02128ea37e0add3
shiro-e7447e41af70b5c7cc8c93c1df57c015e38d6079
shiro-e832bf9b823e6a7e95358151eb78d2e61b4c7635
shiro-e88bbf5722a344ec60d939eb6ce601ded2c3c93b
shiro-e8c144b63c7c4db8c59dc631efc0fda0b119ef73
shiro-e8dbb1e054e02637a89fec55dac328f09f75ac25
shiro-e9a77f1364704255eb1d2510786bb6d7f50c826b
shiro-e9f672a86816d2912119196a6a267be981896c60
shiro-ea36b923f16ae1a243ba142a447ce3a3cd0592c3
shiro-ea680b427a9e4eabd9d795497372a6434e5a34c9
shiro-eac02ca7178a51b5f4364fab8b8cee45a95ce031
shiro-eb17decffa5949203d1c725b7f9dccf916c4007c
shiro-eb2b8037e4e062dcb27e3700cbf48fe043671d50
shiro-ec28e8a6c9d5aea2bf9a6e3601678c59be8c457e
shiro-ecb57e450231746cb2e202c23d747a653dde1233
shiro-ed7d1b1b1d976ccb344eafa138e69ece312b0c0a
shiro-ede1998d7c2f20d9ecc3ef0954b731e093adb99a
shiro-eeafb81c46b364640e878596fc4391d42785996f
shiro-eeb7e9552e4d51828b4ee05b69f02c5071cbb9d6
shiro-ef32a40b06c0c2e93f77929af47d98a7fde93ac1
shiro-efa56541b2849066bce997723caded8c83aaf1c6
shiro-efbd28cbe72ec7fd06c7295b6b162a76544305b6
shiro-f0c30ca0c2318c2890a800cd2fadb1bc8ec12264
shiro-f0cc1477cf9fa4bf8f8069d07331417f6ba5accf
shiro-f12c7b65f6d0ba5796afed218eee20ae3a339a89
shiro-f227e89a37d0b28ebb0ffa02e084703303102971
shiro-f2aafb90c830eebc2d0718f1dc9dd1a61d85b09a
shiro-f2cd5f8b084eec0e9e86d39a7d6d0273493e816c
shiro-f2e62ca7ae3d9d9cf35c252fb1f18a73cc6a8628
shiro-f326fd3814f672464deb11c3dadadb27af618eec
shiro-f338ef5c72c2b8660d4b0a37a1ef8655d8e6641a
shiro-f35c7d34bcc445c58ee6373ec2156674176eb33d
shiro-f394807576ef0ee4eb701af42dd924ef71274933
shiro-f407ed2c8b9cf596704983434cce12fd92cc1a93
shiro-f421ba87d5bdfcdf953c3c7aa665d2594a18e0e3
shiro-f52c3a1e9681139b21785638ce42448a3f16936a
shiro-f59e7bb0cf62733746793cc64e0e14bd5d604408
shiro-f6d6cbaf8ab61118f933972115ce457b874bfc14
shiro-f710b9b308e354f718da2933a6d0332b645154e7
shiro-f750cf597b4141ecdbffe8fdc4dc6782e3d6d967
shiro-f75fdae35c5901668d65eee4fa1ded1df464600d
shiro-f782eb1084df73eff3e2ac0f9780cb4a4f429041
shiro-f79a606573e0d65eb0c8b1cb38476f8cbe1bbbba
shiro-f819f3282e53cefa29c6da5ee91506fdffb72151
shiro-f8722302e614c30cff7228fca549a882f98e6e6b
shiro-f938859af61d7498a9054992c9bc9c17e497a467
shiro-f99b5ff3a6b9c56bbe623bc131259ca118c006be
shiro-f9a00e9f281e16b3b56590e83fc8457c352c2463
shiro-f9ab0e7329c51a53a0fdbe808abf6a33a76b0520
shiro-f9fecba54adc00fffbc9b988cdfe4adc2889af54
shiro-fa1686d0a9fc5914e8dfc6eb92d82c6e4f12be41
shiro-fa73beb9a91ca017f30f7e619802ec7f58c4de04
shiro-faad5eaf9464dda367e757e6bbdd79970fb6057e
shiro-fabae55bbe22a8c80c1ee820dbd0841de5349080
shiro-fac85b8b7518d226c93995371464d092becc33c5
shiro-fb754295e40f9fe08c7cc361e9a79dec5a3ad934
shiro-fc4028e70c15ae7907e0f23cc47569fad143d33e
shiro-fcc4e6b5d38267c2db728cb9f6e42551413082b5
shiro-fcd9dea8353adcae8fd0e9c408dd16a32b33ab2b
shiro-fd76fa982618dc78103174eb6297b980bec8550d
shiro-fdb3c4133daacf40909f599ff46a2b878b860778
shiro-fea6aed14d5bd09f816ce82fde49ec3a3592a947
shiro-fed6b79694c976e63552908f452c6af4e8e3488e
shiro-fef71881b8a67e1c5e5efd87f469b507532ca01a
shiro-ff0ffb72beaeb7ebca5ca44852dd7b96d2b4741f
shiro-ff1520fdc6827b9ddaa7ba8a9bc06128cd5532af
shiro-ffdcf04e755fd9d5af60e78814d26fae1a2d4a3e
shiro-ffde5e8cb99ae70723b40b7e8ea70131773db333
shiro-ffebeb42a0821eef1747c34cd1a7d8abad52b1ea