,0,0,0,0,0,0,0,0,0,0,0,0,0,0,0,0,0,0,0,0,0,0,0,0,0,0,0,0,0,0,0,0,0,0,0,0,0,0,0,0,0,0,0,0,0,0,0,0,0,0,0,0,0,0,0,0,0,0,0,0,0,0,0,0,0,0,0,0,0,0,0,0,0,0,0,0,0,0,0,0,0,0,0,0,0,0,0,0,0,0,0,0,0,0,0,0,0,0,0,0,0,0,0,0,0,0,0,0,0,0,0,0,0,0,0,0,0,0,0,0,0,0,0,0,0,0,0,0,0,0,0,0,0,0,0,0,0,0,0,0,0,0,0,0,0,0,0,0
rule,java:S100,java:S101,java:S106,java:S1066,java:S1068,java:S107,java:S1075,java:S108,java:S110,java:S1104,java:S1110,java:S1116,java:S1117,java:S1118,java:S1119,java:S112,java:S1121,java:S1123,java:S1124,java:S1125,java:S1126,java:S1128,java:S1130,java:S1133,java:S1134,java:S1135,java:S1141,java:S1144,java:S1149,java:S115,java:S1155,java:S1157,java:S116,java:S1161,java:S1163,java:S1165,java:S1168,java:S117,java:S1170,java:S1171,java:S1172,java:S1181,java:S1185,java:S1186,java:S119,java:S1192,java:S1193,java:S1199,java:S1214,java:S1219,java:S125,java:S127,java:S128,java:S1301,java:S131,java:S1319,java:S135,java:S1444,java:S1450,java:S1452,java:S1479,java:S1481,java:S1488,java:S1596,java:S1602,java:S1604,java:S1610,java:S1611,java:S1612,java:S1640,java:S1643,java:S1659,java:S1700,java:S1845,java:S1854,java:S1871,java:S1874,java:S1905,java:S1940,java:S1948,java:S2062,java:S2065,java:S2093,java:S2094,java:S2112,java:S2129,java:S2130,java:S2139,java:S2140,java:S2147,java:S2160,java:S2176,java:S2178,java:S2185,java:S2209,java:S2274,java:S2293,java:S2326,java:S2386,java:S2387,java:S2440,java:S2447,java:S2589,java:S2629,java:S2681,java:S2696,java:S2786,java:S2864,java:S3008,java:S3011,java:S3012,java:S3014,java:S3038,java:S3066,java:S3252,java:S3358,java:S3398,java:S3416,java:S3457,java:S3516,java:S3626,java:S3740,java:S3776,java:S3824,java:S3864,java:S3878,java:S3973,java:S3985,java:S4042,java:S4065,java:S4144,java:S4165,java:S4201,java:S4274,java:S4276,java:S4719,java:S4738,java:S4838,java:S4929,java:S5361,java:S5411,java:S5413,java:S5803,java:S5869,java:S5993,java:S6213,java:S6244,java:S6353
project,,,,,,,,,,,,,,,,,,,,,,,,,,,,,,,,,,,,,,,,,,,,,,,,,,,,,,,,,,,,,,,,,,,,,,,,,,,,,,,,,,,,,,,,,,,,,,,,,,,,,,,,,,,,,,,,,,,,,,,,,,,,,,,,,,,,,,,,,,,,,,,,,,,,
seatunnel-0066affacf7deff81cd685387fd5ab81241b8fa5,0,0,9,8,60,15,3,0,6,42,0,1,27,74,0,250,0,4,0,0,0,2,4,4,0,106,2,3,4,4,17,0,0,4,2,1,10,1,5,3,19,3,6,87,124,29,0,0,0,0,2,2,0,3,1,1,5,9,19,23,0,5,24,1,27,42,1,0,13,3,0,0,4,27,13,0,97,2,2,61,0,4,1,0,8,4,0,5,0,0,3,0,3,0,0,1,11,4,1,0,0,0,3,7,0,1,0,2,15,10,0,1,1,1,7,2,0,5,5,0,1,55,32,7,0,0,0,0,4,0,2,1,1,1,0,3,0,0,0,7,8,1,0,0,35,65,1,0
seatunnel-0179fe2f6581b426a08d2ae0207ea32e5bb6dbe5,0,0,8,9,62,15,3,0,6,42,0,1,26,77,0,177,0,4,0,0,0,2,4,4,0,105,2,4,4,4,17,0,0,4,2,1,10,1,7,3,20,3,6,87,120,35,0,0,0,0,2,2,0,2,1,1,5,9,22,23,0,6,24,1,29,42,1,0,13,3,0,0,4,32,14,0,121,3,2,58,0,4,1,0,8,4,0,5,0,0,3,0,3,0,0,1,11,2,1,0,0,0,3,7,0,0,0,2,16,10,0,1,0,1,8,2,0,5,5,0,1,59,31,6,0,0,0,1,4,0,2,1,1,0,0,3,0,0,0,7,8,1,0,0,35,70,1,0
seatunnel-018ee0a3db5bc8cf0fa07ab6940e95f253bced4c,0,0,12,7,38,7,1,0,0,25,1,1,19,57,0,240,0,4,0,0,0,0,3,4,0,73,1,1,3,8,12,0,0,1,1,1,5,2,14,2,10,5,6,89,94,14,0,2,0,0,4,2,0,2,0,2,0,5,12,19,0,6,9,2,8,3,0,0,1,0,0,0,2,21,7,0,88,0,0,39,0,3,1,0,6,4,0,16,0,0,1,1,0,0,0,0,7,4,1,1,0,0,3,14,0,1,0,0,13,9,0,0,0,1,5,0,0,3,14,1,0,58,21,0,0,0,0,0,0,0,1,1,1,1,0,0,0,0,0,6,2,0,1,0,13,36,0,0
seatunnel-01cdc4e33600dc74244d8d2494880b8904939897,0,0,12,7,51,12,3,0,6,31,1,1,29,60,0,271,0,3,0,0,0,0,2,3,0,105,2,3,6,8,18,0,0,5,2,0,6,0,17,2,15,5,11,112,109,22,0,2,0,0,4,2,0,3,0,2,2,5,17,24,0,11,18,1,23,44,0,0,12,3,0,0,2,26,12,0,104,2,2,50,0,5,2,0,11,4,0,5,0,0,1,1,3,0,0,0,12,4,2,0,0,0,3,1,0,1,0,1,13,9,0,1,0,1,8,2,0,5,6,0,1,61,30,6,0,0,0,0,4,0,2,1,1,1,0,0,0,0,0,11,4,1,1,0,23,41,0,0
seatunnel-0295d0f58d8248902a458db53f976ac33c4336aa,0,0,1,0,1,0,0,0,0,3,0,0,8,7,0,25,0,3,0,0,1,0,3,3,0,3,1,0,1,0,5,0,0,6,0,0,0,0,1,3,2,0,0,26,8,3,0,2,2,0,2,8,0,0,0,0,2,0,4,2,0,0,1,0,0,0,0,0,0,0,0,0,2,13,0,0,72,0,0,6,0,0,1,0,0,0,0,1,1,0,0,1,0,0,0,0,1,0,0,0,0,0,2,9,0,0,0,1,2,2,0,0,0,0,5,1,0,0,6,0,1,12,12,0,0,0,0,0,0,0,0,0,0,0,0,0,0,0,0,1,0,0,1,0,0,4,0,0
seatunnel-029fa726b4461442d6ae3ca092d86ebaf7580895,0,0,21,5,0,0,0,0,4,0,0,6,13,22,0,6,0,4,186,0,6,0,2,8,1,4,1,0,4,9,2,1,1,0,0,0,1,0,2,2,5,0,0,16,11,10,0,0,0,0,14,13,1,0,0,0,10,0,1,1,0,0,6,0,0,4,0,0,0,0,0,0,4,5,2,3,8,0,0,3,1,0,1,0,0,0,0,0,1,6,1,0,0,0,0,0,147,0,0,0,0,0,2,5,1,0,3,0,2,5,1,0,0,0,5,1,4,0,1,0,8,52,43,0,0,0,1,1,0,1,0,0,7,0,0,0,0,0,0,1,2,0,0,0,0,4,0,2
seatunnel-02a41902a867586c5380de102127a928226d0c36,0,0,6,2,26,7,1,0,0,17,0,1,14,22,0,171,0,3,0,0,0,0,1,3,0,63,0,1,1,8,11,0,0,0,0,0,5,0,1,2,5,4,7,61,94,11,0,2,0,0,4,2,0,2,0,4,0,0,11,12,0,5,2,0,8,3,0,0,2,0,0,0,2,14,5,0,90,0,0,19,0,1,1,1,0,2,0,4,1,0,2,1,0,0,0,0,2,4,0,0,0,0,0,14,0,0,0,0,2,9,0,0,0,0,0,0,0,3,11,0,0,20,8,0,0,0,0,0,0,0,1,0,0,0,0,0,0,1,0,7,0,0,1,0,10,20,0,0
seatunnel-02ac35ff73ae5104edb6ad9937ec7ccdf1ce3d3b,0,0,10,9,61,15,4,0,6,46,0,1,32,79,0,125,2,4,0,0,0,0,6,4,1,108,6,4,4,4,19,0,0,4,2,0,10,1,7,3,22,2,6,89,120,47,0,0,1,0,4,2,0,3,1,1,8,8,24,21,0,7,26,1,32,42,1,0,16,3,0,0,4,36,15,0,122,4,2,60,0,10,1,0,8,5,0,5,0,0,3,0,3,0,0,1,10,2,2,0,0,0,4,7,0,0,0,2,20,10,0,1,0,1,8,2,0,5,9,0,1,61,35,6,0,1,0,1,4,0,4,1,1,0,0,3,0,0,0,8,14,1,0,0,37,84,1,0
seatunnel-02cdb4a4973ee7d2faeb1aa8598f44cb2ab4212c,0,0,1,0,1,0,0,0,0,3,0,0,8,7,0,18,0,2,0,0,1,0,3,2,0,3,1,0,1,0,6,0,0,0,0,0,0,0,1,4,2,0,0,33,12,5,0,0,0,0,2,8,0,0,0,0,2,0,1,0,0,0,2,0,0,0,0,0,0,0,0,0,3,13,1,0,70,0,0,5,0,0,1,0,0,0,0,1,1,0,0,0,0,0,0,0,0,0,0,0,0,0,2,9,0,0,0,1,2,2,0,0,0,0,5,1,0,0,6,0,1,46,8,0,0,0,0,0,0,0,0,0,0,0,0,0,0,0,0,1,1,0,1,0,0,4,0,0
seatunnel-02d0023e946c4ac01c6aae2da427de2fdce1011c,0,0,5,5,0,0,0,0,4,3,0,0,13,28,0,17,0,4,0,0,1,0,2,8,1,4,1,0,4,0,2,1,0,0,0,0,1,0,2,2,5,1,0,20,11,11,0,0,0,0,13,13,0,0,0,0,10,0,1,1,0,0,5,0,0,4,0,0,0,0,0,0,4,5,4,4,8,0,0,2,1,0,2,0,0,0,0,1,1,6,1,0,0,0,0,0,152,0,0,0,0,0,2,6,0,0,0,0,7,5,1,0,0,0,5,1,4,1,1,0,2,51,39,0,0,0,0,1,0,1,0,0,7,0,0,0,0,0,0,2,2,0,0,0,0,4,0,2
seatunnel-02ef38eb7adf75e28ffb727296b4db90e78a684d,0,0,9,8,59,15,3,0,6,42,0,1,27,74,0,249,0,4,0,0,0,2,4,4,0,105,2,3,5,4,16,0,0,4,2,1,10,1,5,3,20,3,6,85,124,27,0,0,0,0,2,2,0,3,1,1,5,9,19,23,0,7,24,1,28,42,1,0,13,3,0,0,4,27,15,0,97,2,2,61,0,4,1,0,8,4,0,5,0,0,3,0,3,0,0,1,11,4,1,0,0,0,3,7,0,1,0,2,15,10,0,1,1,1,7,2,0,5,5,0,1,54,31,7,0,0,0,0,4,0,2,1,1,1,0,3,0,0,0,7,8,1,0,0,35,65,1,0
seatunnel-02ff9608b95d536b4f4d86fa7d851432216fb9ba,0,0,6,2,22,4,1,0,0,17,0,1,14,20,0,144,0,3,0,0,0,0,1,3,0,57,0,1,1,8,11,0,0,0,0,0,5,0,1,2,5,4,7,59,94,11,0,2,0,0,4,2,0,2,0,3,0,0,9,10,0,5,2,0,6,4,0,0,2,0,0,0,2,14,5,0,90,0,0,19,0,1,1,1,0,2,0,4,1,0,2,1,0,0,0,0,2,4,0,0,0,0,0,10,0,0,0,0,2,9,0,0,0,0,0,0,0,3,9,0,0,20,8,0,0,0,0,0,0,0,0,0,0,0,0,0,0,1,0,5,0,0,1,0,10,18,0,0
seatunnel-031e8e263cd73b5ab4270aab614048aa8e86eb01,0,0,8,9,62,15,3,0,6,42,0,1,26,76,0,189,0,4,0,0,0,2,3,4,0,105,2,4,4,4,17,0,0,4,2,1,10,1,7,3,20,3,6,87,120,34,0,0,0,0,2,2,0,2,1,1,5,9,22,23,0,6,24,1,29,42,1,0,13,3,0,0,4,32,14,0,121,3,2,58,0,4,1,0,8,4,0,5,0,0,3,0,3,0,0,1,11,2,1,0,0,0,3,7,0,0,0,2,15,10,0,1,0,1,8,2,0,5,5,0,1,59,31,6,0,0,0,0,4,0,2,1,1,0,0,3,0,0,0,7,8,1,0,0,35,70,1,0
seatunnel-032906fdd925c96438fc42cf01604dc5ab866637,0,0,6,2,27,7,1,0,0,17,0,1,14,22,0,171,0,3,0,0,0,0,1,3,0,63,0,1,1,8,11,0,0,0,0,0,5,0,1,2,5,4,7,61,95,11,0,2,0,0,4,2,0,2,0,4,0,0,12,12,0,5,2,0,8,3,0,0,2,0,0,0,2,14,5,0,90,0,0,19,0,1,1,1,0,2,0,4,1,0,2,1,0,0,0,0,2,4,0,0,0,0,0,14,0,0,0,0,2,9,0,0,0,0,0,0,0,3,11,0,0,20,8,0,0,0,0,0,0,0,1,0,0,0,0,0,0,1,0,7,0,0,1,0,10,20,0,0
seatunnel-033acd2f88f99feeb053275d553f652374b693db,0,0,12,7,51,12,3,0,6,31,1,1,28,61,0,268,0,3,0,0,0,0,2,3,0,103,2,3,6,8,18,0,0,5,2,0,6,0,17,2,15,5,10,112,109,21,0,2,0,0,4,2,0,3,0,2,2,5,14,23,0,11,18,1,23,44,0,0,12,3,0,0,2,26,12,0,104,2,2,50,0,5,2,0,10,4,0,5,0,0,1,1,3,0,0,0,12,4,2,0,0,0,3,1,0,1,0,0,13,9,0,1,0,1,8,2,0,4,6,0,1,57,27,6,0,0,0,0,4,0,2,1,1,1,0,0,0,0,0,9,4,1,1,0,21,41,0,0
seatunnel-0360e7e5185bd016458a20d3b597b4ccee83dfeb,0,0,8,16,65,26,4,5,6,55,0,2,44,117,2,150,2,20,0,1,3,0,7,21,2,142,9,4,4,10,27,0,1,3,3,0,15,1,7,3,25,2,6,106,140,66,2,0,9,1,7,16,4,4,4,3,16,17,28,24,1,11,33,1,31,43,1,3,18,3,0,1,5,25,26,0,129,4,2,77,0,10,3,0,14,4,2,18,0,0,5,0,3,1,1,1,24,7,3,0,1,1,8,9,0,0,0,4,35,8,0,1,0,1,15,6,0,6,9,0,2,79,88,7,0,1,0,1,4,0,2,2,1,0,1,6,0,0,1,11,13,0,1,2,42,106,1,0
seatunnel-03f8c53098241f46daa82eabd90a8238957592bc,0,0,8,16,57,25,4,1,6,55,0,1,44,114,2,149,2,20,0,1,3,0,6,21,2,142,9,4,4,10,29,0,1,3,3,0,15,1,8,3,25,2,6,101,140,64,2,0,9,1,7,16,3,4,4,3,15,17,26,24,1,11,33,1,31,43,1,3,17,3,0,1,5,33,26,0,127,4,2,72,0,10,3,0,14,4,2,18,0,0,5,0,3,0,1,1,24,7,3,0,1,1,8,9,0,0,0,3,35,8,0,1,0,1,15,5,0,6,9,0,2,79,78,7,0,1,0,1,4,0,2,2,1,0,0,6,0,0,1,11,11,1,1,2,42,107,1,0
seatunnel-044f62ef32cd0d195bc4bb6c8492d48d15379ff4,0,0,12,7,64,11,3,0,6,30,1,1,26,64,0,270,1,4,0,0,0,0,2,4,0,105,2,2,4,8,17,0,0,3,2,1,6,2,15,2,15,5,8,106,109,18,0,2,0,0,4,2,0,4,0,2,2,5,15,23,0,7,11,2,21,44,0,0,23,3,0,0,2,22,8,0,85,0,0,43,0,5,1,0,10,4,0,17,0,0,1,1,0,0,0,0,11,4,1,1,0,0,3,14,0,1,0,0,13,9,0,1,0,1,5,2,0,3,13,1,1,85,25,5,0,0,0,0,0,0,2,1,1,1,0,0,0,0,0,6,3,1,1,0,21,46,0,0
seatunnel-0467ba7372be740dff0c7b64dd125e8afbb25a9d,0,0,8,5,35,9,1,0,0,18,1,1,14,34,0,215,0,3,0,0,0,0,3,3,0,66,1,1,1,8,14,0,0,1,0,1,5,0,1,2,6,4,6,76,95,11,0,2,0,0,4,2,0,2,0,2,0,1,16,19,0,5,6,0,7,3,0,0,6,0,0,0,2,14,5,0,78,0,0,24,0,1,1,1,6,2,0,6,0,0,2,1,0,0,0,0,4,4,1,0,0,0,2,17,0,0,0,0,6,9,0,0,0,0,1,0,0,3,15,0,0,24,8,0,0,0,0,0,4,0,1,0,0,0,0,0,0,0,0,6,2,0,1,0,12,21,0,0
seatunnel-0483cbc2df2458db24beec61d71b6d62520b4dea,0,0,8,5,44,11,1,0,0,24,1,1,14,40,0,250,0,3,0,0,0,0,4,3,0,68,1,1,2,8,14,0,0,1,0,1,5,1,3,2,8,4,6,84,95,10,0,2,0,0,4,2,0,2,0,2,0,1,18,19,0,5,6,0,7,3,0,0,4,0,0,0,2,16,5,0,79,0,0,31,0,1,1,1,6,3,0,15,0,0,2,1,0,0,0,0,5,4,1,0,0,0,2,16,0,0,0,0,6,9,0,0,0,0,4,0,0,3,17,0,0,42,11,0,0,0,0,0,4,0,1,1,0,0,0,0,0,0,0,6,2,0,1,0,12,26,0,0
seatunnel-04877366bdf09f25c53a4bebafb23e5a280fd5bf,0,0,21,5,0,0,0,0,4,0,0,6,13,22,0,6,0,4,186,0,6,0,2,8,1,4,1,0,4,9,2,1,1,0,0,0,1,0,2,2,5,0,0,16,11,10,0,0,0,0,14,13,1,0,0,0,10,0,1,1,0,0,6,0,0,4,0,0,0,0,0,0,4,5,2,3,8,0,0,3,1,0,1,0,0,0,0,0,1,6,1,0,0,0,0,0,147,0,0,0,0,0,2,5,1,0,3,0,2,5,1,0,0,0,5,1,4,0,1,0,8,52,43,0,0,0,1,1,0,1,0,0,7,0,0,0,0,0,0,1,2,0,0,0,0,4,0,2
seatunnel-0491a33edca0a804a9c244cf9c60bb9df5580980,0,0,10,6,46,12,2,0,0,24,1,1,14,48,0,281,0,3,0,0,0,0,4,3,0,73,1,1,3,8,15,0,0,1,0,1,5,2,4,2,9,4,6,91,95,10,0,2,0,0,4,2,0,2,0,2,0,1,21,19,0,6,7,0,8,3,0,0,5,0,2,0,2,19,7,0,80,0,0,35,0,1,1,1,6,3,0,15,0,1,2,1,0,0,0,0,7,4,1,1,0,0,2,18,0,0,0,0,11,9,0,0,0,0,5,0,0,3,20,0,0,42,17,0,0,0,0,0,4,0,1,1,0,1,0,2,0,0,0,6,2,0,1,0,12,31,0,0
seatunnel-04addef64bbd2567d47acbb7f434245fba7ac8a5,0,0,0,0,2,0,0,0,0,0,0,0,3,2,0,2,0,0,0,0,0,0,0,0,0,1,0,0,0,0,0,0,0,0,0,0,0,0,1,0,0,0,0,3,15,0,0,0,0,0,3,0,0,0,0,0,0,0,0,0,0,0,1,0,0,0,0,0,0,0,0,0,1,0,0,0,0,0,0,0,0,0,0,0,0,0,0,0,0,0,0,0,0,0,0,0,0,0,0,0,0,0,0,1,0,0,0,0,0,0,0,0,0,0,1,0,0,0,1,0,0,9,0,0,0,0,0,0,0,0,0,0,0,0,0,0,0,0,0,0,0,0,0,0,0,0,0,0
seatunnel-04b49e6d73f81bcb8cbdf911696fcacf67b87209,0,0,8,11,55,23,4,0,6,53,0,0,32,93,0,147,2,4,0,0,0,0,8,5,1,119,8,5,4,10,20,0,0,2,3,0,15,1,6,3,22,2,6,96,144,53,0,0,1,0,7,4,0,3,1,1,12,15,27,22,0,13,28,1,22,42,1,0,16,3,0,0,3,34,21,0,119,3,2,70,0,10,1,0,12,5,0,5,0,0,5,0,3,0,3,1,15,4,2,0,3,0,5,8,0,0,0,2,31,8,0,1,0,1,9,2,0,5,10,0,0,72,42,6,0,1,0,1,4,0,4,1,1,0,0,0,0,0,1,13,11,1,0,1,38,96,1,0
seatunnel-04b586f2b81648ac9cc88b70a09f979280555606,0,0,8,5,40,11,1,0,0,18,1,1,14,38,0,226,0,3,0,0,0,0,4,3,0,67,1,1,2,8,14,0,0,1,0,1,5,1,3,2,8,4,6,77,95,10,0,2,0,0,4,2,0,2,0,2,0,1,17,19,0,5,6,0,7,3,0,0,4,0,0,0,2,15,5,0,78,0,0,25,0,1,1,1,6,2,0,8,0,0,2,1,0,0,0,0,4,4,1,0,0,0,2,16,0,0,0,0,6,9,0,0,0,0,4,0,0,3,15,0,0,42,9,0,0,0,0,0,4,0,1,0,0,0,0,0,0,0,0,6,2,0,1,0,12,26,0,0
seatunnel-04e1743d9e9f9675bed5f0813b4c50ab9cba9d15,0,0,8,9,62,15,3,0,6,47,0,1,26,78,0,149,0,4,0,0,0,2,5,4,0,107,3,4,4,4,17,0,0,4,2,1,10,1,7,3,20,3,6,87,120,35,0,0,1,0,4,2,0,2,1,1,7,9,23,23,0,6,24,1,29,42,1,0,14,3,0,0,4,32,14,0,121,3,2,58,0,4,1,0,8,4,0,5,0,0,3,0,3,0,0,1,11,2,1,0,0,0,4,7,0,0,0,2,18,10,0,1,0,1,8,2,0,5,5,0,1,62,30,6,0,0,0,1,4,0,2,1,1,0,0,3,0,0,0,7,8,1,0,0,35,70,1,0
seatunnel-04f167d08430544a4b87744ac127ffec17c0f565,0,0,8,5,38,11,1,0,0,18,1,1,14,38,0,224,0,3,0,0,0,0,3,3,0,67,1,1,1,8,14,0,0,1,0,1,5,1,1,2,8,4,6,76,95,10,0,2,0,0,4,2,0,2,0,2,0,1,16,19,0,5,6,0,7,3,0,0,6,0,0,0,2,15,5,0,78,0,0,24,0,1,1,1,6,2,0,6,0,0,2,1,0,0,0,0,4,4,1,0,0,0,2,16,0,0,0,0,6,9,0,0,0,0,4,0,0,3,15,0,0,42,8,0,0,0,0,0,4,0,1,0,0,0,0,0,0,0,0,6,2,0,1,0,12,26,0,0
seatunnel-0526b80de696f08ac55960233bd529994405feda,0,0,1,0,0,0,0,0,0,3,0,0,8,18,0,16,0,2,0,0,1,0,2,2,0,3,1,0,1,0,5,0,0,0,0,0,0,0,1,3,2,0,0,26,11,5,0,0,0,0,2,8,0,0,0,0,2,0,1,0,0,0,2,0,0,0,0,0,0,0,0,0,3,13,1,0,8,0,0,2,0,0,1,0,0,0,0,1,1,0,0,0,0,0,0,0,0,0,0,0,0,0,2,7,0,0,0,1,2,2,0,0,0,0,5,1,0,0,5,0,1,46,8,0,0,0,0,0,0,0,0,0,0,0,0,0,0,0,0,2,1,0,1,0,0,4,0,0
seatunnel-055ad9d8369947f935fc743def6f8df52550b090,0,0,9,11,50,17,4,0,6,53,0,0,27,84,0,121,2,4,0,0,0,0,6,5,1,107,8,5,4,6,18,0,0,2,2,0,12,1,6,3,24,3,6,88,113,47,0,0,1,0,10,3,0,6,1,1,10,15,27,22,0,11,26,1,22,42,1,0,14,3,0,0,3,32,19,0,103,3,2,61,0,10,1,0,8,5,0,5,0,0,3,0,3,0,0,1,11,3,2,0,0,0,4,7,0,0,0,2,29,10,0,1,0,1,9,2,0,5,9,0,0,62,38,6,0,1,0,1,4,0,4,1,1,0,0,0,0,0,0,10,12,1,0,0,35,86,1,0
seatunnel-0567e2af27461bed76b1658da290225efcefbafd,0,0,12,7,40,7,1,0,0,25,1,1,19,57,0,246,0,4,0,0,0,0,2,4,0,76,1,1,3,8,13,0,0,1,1,1,5,2,14,2,11,3,6,89,94,15,0,2,0,0,5,2,0,2,0,2,0,5,13,19,0,6,9,2,8,4,0,0,1,3,0,0,2,21,7,0,88,0,0,39,0,3,1,0,6,4,0,17,0,0,1,1,0,0,0,0,9,4,1,2,0,0,3,15,0,1,0,0,13,9,0,0,0,1,5,0,0,3,13,1,0,62,21,0,0,0,0,0,0,0,1,1,1,1,0,0,0,0,0,6,3,0,1,0,14,36,0,0
seatunnel-05733d73e4201ebc2d22fe6ef473c8f078ad299d,0,0,5,5,0,0,0,0,4,0,0,0,13,27,0,8,0,4,0,0,1,0,2,8,1,4,1,0,4,0,3,1,0,0,0,0,1,0,2,2,4,0,0,17,11,10,0,0,0,0,13,13,0,0,0,0,10,0,1,1,0,0,5,0,0,4,0,0,0,0,0,0,4,5,4,4,8,0,0,3,1,0,1,0,0,0,0,0,1,6,1,0,0,0,0,0,147,0,0,0,0,0,2,6,0,0,0,0,7,5,1,0,0,0,5,1,4,0,1,0,2,48,38,0,0,0,0,1,0,1,0,0,7,0,0,0,0,0,0,1,2,0,0,0,0,4,0,2
seatunnel-059f9561acf3fd022fcd88147d03b756ca4f18a0,0,0,1,0,0,0,0,0,0,3,0,0,8,18,0,16,0,0,0,0,1,0,2,0,0,4,1,0,1,0,4,0,0,0,0,0,0,0,1,3,3,0,0,26,11,5,0,0,0,0,2,8,0,0,0,0,2,0,1,0,0,0,2,0,0,0,0,0,0,0,0,0,3,11,1,0,6,0,0,2,0,0,1,0,0,0,0,1,1,0,0,0,0,0,0,0,0,0,0,0,0,0,2,7,0,0,0,1,2,2,0,0,0,0,5,1,0,1,5,0,0,45,8,0,0,0,0,0,0,0,0,0,0,0,0,0,0,0,0,2,1,0,1,0,0,4,0,0
seatunnel-05ccf9d68c1f6c1d9de1d15d8253e70afe82a118,0,0,12,6,46,12,2,0,0,24,1,1,14,48,0,281,0,3,0,0,0,0,4,3,0,73,1,1,3,8,15,0,0,1,0,1,5,2,4,2,9,4,7,91,95,12,0,2,0,0,4,2,0,2,0,2,0,1,22,19,0,6,7,0,8,3,0,0,5,0,2,0,2,21,7,0,80,0,0,35,0,3,1,1,6,3,0,15,0,1,2,1,0,0,0,0,7,4,1,1,0,0,2,18,0,0,0,0,11,9,0,0,0,0,5,0,0,3,20,0,0,42,18,0,0,0,0,0,4,0,1,1,0,1,0,2,0,0,0,6,2,0,1,0,12,31,0,0
seatunnel-05d105dea3ee53b9d001adbfcf2ec87ea06f8aba,0,0,12,7,64,11,3,0,6,30,1,1,26,64,0,270,1,4,0,0,0,0,2,4,0,105,2,2,4,8,17,0,0,3,2,1,6,2,15,2,15,5,9,106,109,18,0,2,0,0,4,2,0,4,0,2,2,5,15,23,0,7,11,2,21,44,0,0,23,3,0,0,2,22,8,0,85,0,0,43,0,5,1,0,10,4,0,17,0,0,1,1,0,0,0,0,11,4,1,1,0,0,3,14,0,1,0,0,13,9,0,1,0,1,5,2,0,3,13,1,1,85,25,5,0,0,0,0,0,0,2,1,1,1,0,0,0,0,0,6,3,1,1,0,21,46,0,0
seatunnel-061f9b587212fc5854443eec25113ee8c78c9014,0,0,8,12,52,23,4,0,6,53,0,0,36,93,0,151,2,4,0,0,0,0,7,5,1,155,8,5,4,10,20,0,0,2,3,0,16,1,6,3,23,3,6,100,148,61,0,0,7,0,7,4,0,3,1,1,12,15,26,27,0,15,29,1,25,42,1,0,16,3,0,0,4,30,26,0,119,3,2,72,0,10,1,0,16,5,0,5,0,0,5,0,3,0,3,1,15,5,2,0,3,0,5,9,0,0,0,3,31,8,0,1,0,1,9,2,0,6,11,0,1,74,42,6,0,1,0,1,4,0,2,1,1,0,0,0,0,0,1,13,14,1,0,2,39,102,1,0
seatunnel-06359ea76a094c586c70d7a060778156e580f8e1,0,0,9,8,61,15,3,0,6,42,0,1,27,72,0,243,0,4,0,0,0,2,4,4,0,106,1,3,5,4,17,0,0,4,2,1,10,1,5,3,19,5,6,85,124,27,0,0,0,0,2,2,0,3,1,1,5,9,19,23,0,7,24,1,28,42,1,0,13,3,0,0,4,27,14,0,95,2,2,61,0,4,1,0,8,4,0,5,0,0,3,0,3,0,0,1,11,4,1,0,0,0,3,7,0,1,0,2,15,10,0,1,1,1,7,2,0,5,5,0,1,54,30,7,0,0,0,0,4,0,2,1,1,1,0,3,0,0,0,7,8,1,0,0,35,65,1,0
seatunnel-063e21e7edd08ee5e2b98dc321d3f5a7050d7860,0,0,1,0,0,0,0,0,0,3,0,0,8,18,0,16,0,2,0,0,1,0,2,2,0,4,1,0,1,0,5,0,0,0,0,0,0,0,1,3,2,0,0,26,11,5,0,0,0,0,2,8,0,0,0,0,2,0,1,0,0,0,2,0,0,0,0,0,0,0,0,0,3,12,1,0,8,0,0,2,0,0,1,0,0,0,0,1,1,0,0,0,0,0,0,0,0,0,0,0,0,0,2,7,0,0,0,1,2,2,0,0,0,0,5,1,0,0,5,0,1,46,8,0,0,0,0,0,0,0,0,0,0,0,0,0,0,0,0,2,1,0,1,0,0,4,0,0
seatunnel-0645d111800c1653684b0d3779dc11f891aa05a9,0,0,14,8,54,12,3,0,6,40,1,1,29,74,0,292,0,4,0,0,0,2,3,4,0,105,2,3,6,8,18,0,0,5,2,1,8,1,9,5,18,5,11,116,108,27,0,2,0,0,4,2,0,3,0,2,3,12,17,26,0,10,24,1,27,44,0,0,11,3,0,0,2,38,11,0,105,2,2,56,0,5,2,0,11,4,0,5,0,0,1,1,3,0,0,0,12,4,2,0,0,0,4,2,0,1,0,2,18,10,0,1,0,1,8,2,0,5,7,0,1,63,33,6,0,0,0,0,4,0,2,1,1,1,0,0,0,0,0,11,4,1,1,0,23,45,1,0
seatunnel-0656b5025d074b3ab41ac3ee319b7032b7036c24,0,0,6,2,27,7,1,0,0,17,0,1,14,22,0,171,0,3,0,0,0,0,1,3,0,63,0,1,1,8,11,0,0,0,0,0,5,0,1,2,5,4,7,61,95,11,0,2,0,0,4,2,0,2,0,4,0,0,12,12,0,5,2,0,8,3,0,0,2,0,0,0,2,14,5,0,90,0,0,19,0,1,1,1,0,2,0,4,1,0,2,1,0,0,0,0,2,4,0,0,0,0,0,14,0,0,0,0,2,9,0,0,0,0,0,0,0,3,11,0,0,20,8,0,0,0,0,0,0,0,1,0,0,0,0,0,0,1,0,7,0,0,1,0,10,20,0,0
seatunnel-0674f10a5300e9c337b1b979fca710799f10fe6a,0,0,8,12,52,23,4,0,6,53,0,0,36,93,0,151,2,4,0,0,0,0,7,5,1,155,8,5,4,10,20,0,0,2,3,0,16,1,6,3,23,3,6,100,148,61,0,0,7,0,7,4,0,3,1,1,12,15,26,27,0,15,29,1,25,42,1,0,16,3,0,0,4,30,26,0,119,3,2,71,0,10,1,0,16,5,0,5,0,0,5,0,3,0,3,1,15,5,2,0,3,0,5,9,0,0,0,3,31,8,0,1,0,1,9,2,0,6,11,0,1,74,42,6,0,1,0,1,4,0,2,1,1,0,0,0,0,0,1,13,14,1,0,2,39,102,1,0
seatunnel-06c59a25f3e8d49841fa49aa8ca8b8254e135080,0,0,8,16,62,26,4,2,6,55,0,1,44,117,2,148,2,20,0,1,3,0,5,21,2,142,9,4,4,10,30,0,1,3,3,0,15,1,8,3,25,2,6,106,140,65,2,0,9,1,7,16,4,4,4,3,15,17,28,24,1,10,33,1,31,43,1,3,20,3,0,1,5,25,25,0,129,4,2,77,0,10,3,0,14,4,2,18,0,0,5,0,3,1,1,1,24,7,3,0,1,1,8,9,0,0,0,4,35,8,0,1,0,1,15,6,0,6,9,0,2,79,84,7,0,1,0,1,4,0,2,2,1,0,1,6,0,0,1,11,13,1,1,2,42,106,1,0
seatunnel-06e6607f85b05b4a46634a85b1237b92d2075c88,0,0,17,0,0,0,0,0,0,0,0,0,7,9,0,4,0,0,28,0,0,1,1,0,0,3,0,0,0,0,1,1,0,0,0,0,0,0,1,2,5,0,0,17,11,5,0,0,0,0,1,0,1,0,0,0,0,0,0,0,0,0,0,0,0,0,0,0,0,0,0,0,2,1,0,0,6,0,0,3,0,0,0,0,0,0,0,0,1,0,0,0,0,0,0,0,0,0,0,0,0,0,0,0,0,0,0,0,0,2,1,0,0,0,5,1,0,0,0,0,0,40,3,0,0,0,0,0,0,0,0,0,0,0,0,0,0,0,0,1,1,0,0,0,0,4,0,0
seatunnel-06e74eb5bdccad5e1ecbcb07e7096c066efa7802,0,0,3,1,4,1,0,0,0,4,0,0,6,9,0,69,0,4,0,0,0,0,0,4,0,8,0,0,1,4,5,0,0,0,0,0,1,0,1,2,3,1,1,37,26,5,0,2,0,0,3,0,0,1,0,1,0,0,4,12,0,1,0,0,1,2,0,0,0,3,0,0,2,13,1,0,69,0,0,9,0,0,1,2,0,0,0,1,1,0,0,1,0,0,0,0,0,4,0,0,0,0,0,7,0,0,0,0,2,3,0,0,0,0,6,0,0,0,4,0,0,18,6,0,0,0,0,0,0,0,0,0,0,0,0,0,0,0,0,4,0,0,1,0,0,7,0,0
seatunnel-06e8df11a5dc9a75fcb80d0d530dfe534936c715,0,0,12,7,51,12,3,0,6,31,1,1,28,61,0,268,0,3,0,0,0,0,2,3,0,103,2,3,6,8,18,0,0,5,2,0,6,0,17,2,15,5,10,112,109,21,0,2,0,0,4,2,0,3,0,2,2,5,14,23,0,11,18,1,23,44,0,0,12,3,0,0,2,26,12,0,104,2,2,50,0,5,2,0,10,4,0,5,0,0,1,1,3,0,0,0,12,4,2,0,0,0,3,1,0,1,0,0,13,9,0,1,0,1,8,2,0,4,6,0,1,57,27,6,0,0,0,0,4,0,2,1,1,1,0,0,0,0,0,9,4,1,1,0,21,41,0,0
seatunnel-06fa850da937b797d5981d42b3f0b533575a5cb5,0,0,10,15,56,25,4,1,6,55,0,0,45,112,2,149,2,20,0,1,3,0,6,21,2,143,9,4,4,10,28,0,1,3,3,0,15,1,8,3,25,2,6,99,138,63,0,0,9,1,7,16,3,4,4,3,16,17,27,24,1,11,33,1,28,43,1,3,15,3,0,1,5,33,26,0,127,4,2,71,0,10,2,0,14,4,2,18,0,0,5,0,3,0,1,1,25,5,4,0,1,1,7,8,0,0,0,3,35,8,0,1,0,1,15,5,0,4,10,0,3,74,73,7,0,1,0,1,4,0,2,1,1,0,0,6,0,0,1,11,11,1,1,2,42,105,1,2
seatunnel-0713a28b9b607eaea7af6eba3dcefe94216eff5d,0,0,2,1,2,1,0,0,0,4,0,0,8,6,0,59,0,3,0,0,1,0,0,3,0,5,0,0,1,4,5,0,0,0,0,0,0,0,1,2,3,0,1,31,12,4,0,2,0,0,2,8,0,1,0,1,2,0,4,2,0,1,1,0,1,2,0,0,0,3,0,0,2,13,1,0,68,0,0,3,0,0,1,0,0,0,0,0,1,0,0,1,0,0,0,0,0,0,0,0,0,0,2,4,0,0,0,0,3,2,0,0,0,0,5,0,0,0,2,0,1,17,12,0,0,0,0,0,0,0,0,0,0,0,0,0,0,0,0,4,0,0,1,0,0,6,0,0
seatunnel-071f9aa05531124e87afc2853fc45e530f53fc2f,0,0,14,8,54,12,3,0,6,40,1,1,31,74,0,299,0,4,0,0,0,2,4,4,0,108,2,3,6,8,18,0,0,5,2,1,8,1,6,5,19,5,11,117,122,27,0,2,0,0,4,2,0,3,0,2,3,10,18,26,0,9,24,1,29,44,1,0,11,3,0,0,3,38,9,0,105,2,2,61,0,5,2,0,11,4,0,5,0,0,1,1,3,0,0,1,12,5,2,0,0,0,3,2,0,1,0,2,16,10,0,1,0,1,8,2,0,5,7,0,1,62,33,6,0,0,0,0,4,0,2,1,1,1,0,0,0,0,0,11,5,1,1,0,31,47,1,0
seatunnel-07435ec7c4beff72073af89573d9114ba5dada24,0,0,8,11,52,23,4,0,6,53,0,0,36,92,0,151,2,4,0,0,0,0,7,5,1,158,8,5,4,10,20,0,0,2,3,0,16,1,6,3,23,3,6,100,148,61,0,0,7,0,7,4,0,3,1,1,12,15,26,27,0,15,29,1,25,42,1,0,16,3,0,0,4,30,26,0,119,3,2,72,0,10,1,0,16,5,0,5,0,0,5,0,3,0,3,1,15,5,2,0,3,0,5,9,0,0,0,2,31,8,0,1,0,1,9,2,0,6,11,0,1,74,42,6,0,1,0,1,4,0,2,1,1,0,0,0,0,0,1,13,14,1,0,1,39,102,1,0
seatunnel-074cbbedcab7a7e38e499695a1c69f63c3e072e3,0,0,5,5,0,0,0,0,4,3,0,0,13,27,0,17,0,4,0,0,1,0,2,8,1,4,1,0,4,0,3,1,0,0,0,0,1,0,2,2,4,0,0,20,11,10,0,0,0,0,13,13,0,0,0,0,10,0,1,1,0,0,5,0,0,4,0,0,0,0,0,0,4,5,4,4,8,0,0,3,1,0,2,0,0,0,0,1,1,6,1,0,0,0,0,0,147,0,0,0,0,0,2,6,0,0,0,0,7,5,1,0,0,0,5,1,4,1,1,0,2,51,39,0,0,0,0,1,0,1,0,0,7,0,0,0,0,0,0,2,2,0,0,0,0,4,0,2
seatunnel-07643bc9c08a20b0a9bb6e12f311326e2a7ab129,0,0,1,0,1,0,0,0,0,4,0,0,7,4,0,27,0,3,0,0,1,0,0,3,0,4,0,0,1,4,5,0,0,6,0,0,0,0,1,2,2,0,0,25,12,3,0,2,0,0,2,8,0,1,0,0,2,0,3,2,0,1,1,0,0,0,0,0,0,3,0,0,2,14,1,0,64,0,0,6,0,0,1,0,0,0,0,0,1,0,0,1,0,0,0,0,0,0,0,0,0,0,2,4,0,0,0,1,2,2,0,0,0,0,5,0,0,0,2,0,1,12,12,0,0,0,0,0,0,0,0,0,0,0,0,0,0,0,0,1,0,0,1,0,0,4,0,0
seatunnel-077a8d27a7ce94cfa3150c233caa8c3d3e7b8a60,0,0,10,14,54,25,4,0,6,53,0,0,39,97,0,152,2,9,0,0,2,0,8,10,2,163,9,5,4,10,21,0,0,2,3,0,17,1,5,3,24,3,6,100,148,64,0,0,8,0,8,4,0,3,1,1,13,15,29,23,0,14,29,1,27,42,1,0,15,3,0,0,5,34,27,0,122,3,2,77,0,10,1,0,16,5,0,5,0,0,5,0,3,0,3,1,16,5,4,0,3,0,7,9,0,0,0,3,31,8,0,1,0,1,14,2,0,5,13,0,1,73,48,6,0,1,0,1,4,0,2,1,1,0,0,0,0,0,1,13,11,1,0,2,38,102,1,2
seatunnel-07c2a11f1eccd09aabd39529f138be14c55e7a42,0,0,12,7,53,12,3,0,6,31,1,1,28,61,0,271,1,3,0,0,0,0,2,3,0,104,2,3,4,8,16,0,0,3,2,0,6,0,16,2,13,5,10,112,109,19,0,2,0,0,4,2,0,3,0,2,2,5,13,23,0,8,9,0,21,44,0,0,11,3,0,0,2,26,9,0,104,0,2,50,0,5,2,0,9,4,0,5,0,0,1,1,0,0,0,0,7,4,2,0,0,0,3,0,0,1,0,0,13,9,0,1,0,1,5,2,0,3,5,0,1,57,25,5,0,0,0,0,4,0,2,1,1,1,0,0,0,0,0,6,5,1,1,0,21,41,0,0
seatunnel-07d78c56c559483a3f7637eb02dba764ff9fa4dc,0,0,21,5,2,0,0,0,4,0,0,6,13,21,0,6,0,4,186,0,6,2,1,8,1,4,0,0,4,9,2,1,1,0,0,0,1,0,2,2,8,0,0,17,11,12,0,0,0,0,14,13,1,0,0,0,10,0,1,0,0,0,6,0,0,4,0,0,0,0,0,0,3,5,2,3,8,0,0,26,1,0,1,0,0,0,0,0,1,6,1,0,0,0,0,0,146,0,0,0,0,0,2,0,1,0,3,0,2,5,1,0,0,0,5,1,4,0,1,0,8,64,43,0,0,0,1,1,0,1,0,0,7,0,0,0,0,0,0,1,2,0,0,0,0,4,0,2
seatunnel-07da889d287566f82a9505b6fa4772950c5aae61,0,0,10,10,58,16,4,0,6,46,0,1,32,84,0,127,2,4,0,0,0,0,6,4,1,112,7,5,4,4,19,0,0,4,2,0,12,1,7,3,24,2,6,88,120,47,0,0,1,0,9,2,0,6,1,1,8,8,28,21,0,8,25,1,30,42,1,0,16,3,0,0,4,36,16,0,125,3,2,60,0,10,1,0,8,5,0,5,0,0,3,0,3,0,0,1,10,2,2,0,0,0,4,7,0,0,0,2,20,10,0,1,0,1,9,2,0,5,9,0,0,61,35,6,0,1,0,1,4,0,4,1,1,0,0,0,0,0,0,8,13,1,0,0,37,85,1,0
seatunnel-085e77729b7b0ed3be30fb1364f375e640ad6d2b,0,0,12,7,52,12,3,0,6,33,1,1,29,65,0,273,0,4,0,0,0,0,2,4,0,106,2,3,6,8,18,0,0,5,2,0,6,0,18,5,15,5,11,114,108,23,0,2,0,0,4,2,0,3,0,2,2,5,17,24,0,10,24,1,25,44,0,0,11,3,0,0,2,26,11,0,104,2,2,52,0,5,2,0,11,4,0,5,0,0,1,1,3,0,0,0,13,4,2,0,0,0,3,1,0,1,0,2,11,9,0,1,0,1,8,2,0,5,6,0,1,61,32,6,0,0,0,0,4,0,2,1,1,1,0,0,0,0,0,11,4,1,1,0,23,41,1,0
seatunnel-087f3ae09160c3a1221369ab6baea486456709fe,0,0,12,7,51,12,3,0,6,31,1,1,29,60,0,271,0,3,0,0,0,0,2,3,0,105,2,3,6,8,18,0,0,5,2,0,6,0,17,2,15,5,11,112,109,22,0,2,0,0,4,2,0,3,0,2,2,5,17,24,0,11,18,1,23,44,0,0,12,3,0,0,2,26,12,0,104,2,2,50,0,5,2,0,11,4,0,5,0,0,1,1,3,0,0,0,12,4,2,0,0,0,3,1,0,1,0,1,13,9,0,1,0,1,8,2,0,5,6,0,1,61,30,6,0,0,0,0,4,0,2,1,1,1,0,0,0,0,0,11,4,1,1,0,23,41,0,0
seatunnel-089382e3a6a4678a04baf94d248e3c9dd705b899,0,0,8,11,55,23,4,0,6,53,0,0,32,93,0,147,2,4,0,0,0,0,8,5,1,119,8,5,4,10,20,0,0,2,3,0,15,1,6,3,22,2,6,96,144,53,0,0,1,0,7,4,0,3,1,1,12,15,27,22,0,13,28,1,22,42,1,0,16,3,0,0,3,34,21,0,119,3,2,70,0,10,1,0,12,5,0,5,0,0,5,0,3,0,3,1,15,4,2,0,3,0,5,8,0,0,0,2,31,8,0,1,0,1,9,2,0,5,10,0,0,72,42,6,0,1,0,1,4,0,4,1,1,0,0,0,0,0,1,13,11,1,0,1,38,96,1,0
seatunnel-08b6f992aac166e192f6cfceabbc65ca710b06f1,0,0,8,16,57,25,4,1,6,55,0,1,44,114,2,149,2,20,0,1,3,0,6,21,2,142,9,4,4,10,29,0,1,3,3,0,15,1,8,3,25,2,6,101,140,64,2,0,9,1,7,16,3,4,4,3,15,17,26,24,1,11,33,1,31,43,1,3,17,3,0,1,5,33,26,0,127,4,2,72,0,10,3,0,14,4,2,18,0,0,5,0,3,0,1,1,24,7,3,0,1,1,8,9,0,0,0,3,35,8,0,1,0,1,15,5,0,6,9,0,2,79,78,7,0,1,0,1,4,0,2,2,1,0,0,6,0,0,1,11,11,1,1,2,42,107,1,0
seatunnel-08deae5b6e272f5a5ce9622d4888632f83bb3562,0,0,5,5,0,0,0,0,4,0,0,0,13,23,0,6,0,4,0,0,1,0,2,8,1,4,1,0,4,0,2,1,0,0,0,0,1,0,2,2,5,0,0,17,11,10,0,0,0,0,13,13,0,0,0,0,10,0,1,1,0,0,5,0,0,4,0,0,0,0,0,0,4,5,3,4,8,0,0,3,1,0,1,0,0,0,0,0,1,6,1,0,0,0,0,0,147,0,0,0,0,0,2,6,0,0,0,0,6,5,1,0,0,0,5,1,4,0,1,0,2,52,38,0,0,0,0,1,0,1,0,0,7,0,0,0,0,0,0,1,2,0,0,0,0,4,0,2
seatunnel-08f8615078cf0a96c8b0241308a066ee10e43e4b,0,0,8,9,62,15,3,0,6,41,0,1,26,71,0,250,0,4,0,0,0,2,4,4,0,108,2,4,4,4,17,0,0,4,2,1,10,1,7,3,20,3,6,87,120,28,0,0,0,0,2,2,0,2,1,1,5,9,22,23,0,6,25,1,29,42,1,0,13,3,0,0,4,32,14,0,121,2,2,59,0,4,1,0,8,4,0,5,0,0,3,0,3,0,0,1,11,2,1,0,0,0,3,7,0,1,0,2,15,10,0,1,0,1,7,2,0,5,5,0,1,57,31,6,0,0,0,0,4,0,2,1,1,0,0,3,0,0,0,7,8,1,0,0,35,70,1,0
seatunnel-090419de8f1b4d6437a7de001ed899fac78f7fc0,0,0,8,5,38,11,1,0,0,18,1,1,14,38,0,224,0,3,0,0,0,0,4,3,0,67,1,1,1,8,14,0,0,1,0,1,5,1,1,2,8,4,6,76,95,10,0,2,0,0,4,2,0,2,0,2,0,1,16,19,0,5,6,0,7,3,0,0,4,0,0,0,2,15,5,0,78,0,0,24,0,1,1,1,6,2,0,6,0,0,2,1,0,0,0,0,4,4,1,0,0,0,2,16,0,0,0,0,6,9,0,0,0,0,4,0,0,3,15,0,0,42,9,0,0,0,0,0,4,0,1,0,0,0,0,0,0,0,0,6,2,0,1,0,12,26,0,0
seatunnel-092d8461df91bd7d3011b1ac9af25e2ce63dd624,0,0,8,6,53,11,2,0,6,20,0,1,15,36,0,229,0,3,0,0,0,0,3,3,0,91,1,2,1,8,16,0,0,1,1,1,5,0,1,2,10,5,7,89,108,15,0,2,0,0,5,2,0,3,0,2,1,1,17,15,0,8,7,0,12,3,0,0,9,0,0,0,2,15,8,1,77,0,0,31,0,1,1,1,10,2,0,6,0,0,2,1,0,0,0,0,3,4,1,0,0,0,2,17,0,0,0,0,7,9,0,0,0,0,1,2,0,3,15,1,0,26,10,0,1,0,0,0,4,0,2,0,0,0,0,0,0,0,0,6,0,0,1,0,16,26,0,0
seatunnel-09300d4bb4fcd024c4280df3f2a157a69fc6dab3,0,0,12,7,51,12,3,0,6,31,1,1,28,61,0,269,0,3,0,0,0,0,2,3,0,103,2,3,6,8,18,0,0,5,2,0,6,0,17,2,15,5,11,112,109,21,0,2,0,0,4,2,0,3,0,2,2,5,14,23,0,11,18,1,23,44,0,0,12,3,0,0,2,26,12,0,104,2,2,50,0,5,2,0,11,4,0,5,0,0,1,1,3,0,0,0,12,4,2,0,0,0,3,1,0,1,0,0,13,9,0,1,0,1,8,2,0,5,6,0,1,57,28,6,0,0,0,0,4,0,2,1,1,1,0,0,0,0,0,9,4,1,1,0,21,41,0,0
seatunnel-093add27b915670e5dbf7712eae639fe673ea14e,0,0,8,6,46,11,1,0,0,24,1,1,14,47,0,278,0,3,0,0,0,0,4,3,0,73,1,1,3,8,15,0,0,1,0,1,5,2,3,2,9,4,6,91,95,10,0,2,0,0,4,2,0,2,0,2,0,1,17,19,0,6,6,0,8,3,0,0,4,0,0,0,2,18,7,0,80,0,0,34,0,1,1,1,6,3,0,15,0,0,2,1,0,0,0,0,7,4,1,1,0,0,2,16,0,0,0,0,6,9,0,0,0,0,5,0,0,3,17,0,0,42,14,0,0,0,0,0,4,0,1,1,0,0,0,0,0,0,0,6,2,0,1,0,12,31,0,0
seatunnel-09ddbbda75fd71d516ea5e1a05a43e8e6aeec6a1,0,0,5,5,0,0,0,0,4,3,0,0,13,28,0,17,0,4,0,0,1,0,2,8,1,4,1,0,4,0,2,1,0,0,0,0,1,0,2,2,5,1,0,20,11,11,0,0,0,0,13,13,0,0,0,0,10,0,1,1,0,0,5,0,0,4,0,0,0,0,0,0,4,5,4,4,8,0,0,2,1,0,2,0,0,0,0,1,1,6,1,0,0,0,0,0,152,0,0,0,0,0,2,6,0,0,0,0,7,5,1,0,0,0,5,1,4,1,1,0,2,51,39,0,0,0,0,1,0,1,0,0,7,0,0,0,0,0,0,2,2,0,0,0,0,4,0,2
seatunnel-0a095625159dd5cf106637ff5d47f1e3615ba867,0,0,8,9,61,15,3,0,6,47,0,1,29,78,0,124,2,4,0,0,0,0,5,4,1,109,3,4,4,4,19,0,0,4,2,0,9,1,7,3,20,2,6,86,120,39,0,0,1,0,4,2,0,3,1,1,7,9,25,21,0,6,24,1,32,42,1,0,14,3,0,0,4,32,14,0,122,3,2,57,0,4,1,0,8,4,0,5,0,0,3,0,3,0,0,1,10,2,2,0,0,0,4,7,0,0,0,2,19,10,0,1,0,1,8,2,0,5,5,0,1,61,32,6,0,0,0,1,4,0,5,1,1,0,0,3,0,0,0,7,10,1,0,0,37,73,1,0
seatunnel-0a10c40de4daa95ffd411cdcff112d7f0026c1d2,0,0,10,16,54,25,4,0,6,53,0,0,40,101,2,152,2,9,0,0,2,0,8,10,2,164,9,5,4,10,22,0,0,2,3,0,17,1,5,3,26,3,6,101,148,72,0,0,8,1,9,8,3,4,4,1,13,15,29,23,1,14,29,1,28,42,1,0,15,3,0,1,5,34,27,0,122,5,2,77,0,10,1,0,16,5,0,5,0,0,5,0,3,0,3,1,16,5,4,0,3,1,7,9,0,0,0,3,33,8,0,1,0,1,15,5,0,5,13,0,1,77,63,6,0,1,0,1,4,0,2,1,1,0,0,0,0,0,1,13,11,1,0,2,38,103,1,2
seatunnel-0a3b6f3a803b4b7edff41696c7c724ea9f96281b,0,0,1,0,1,0,0,0,0,3,0,0,8,7,0,18,0,2,0,0,1,0,3,2,0,3,1,0,1,0,6,0,0,0,0,0,0,0,1,4,2,0,0,33,12,5,0,0,0,0,2,8,0,0,0,0,2,0,1,0,0,0,2,0,0,0,0,0,0,0,0,0,3,13,1,0,70,0,0,5,0,0,1,0,0,0,0,1,1,0,0,0,0,0,0,0,0,0,0,0,0,0,2,9,0,0,0,1,2,2,0,0,0,0,5,1,0,0,6,0,1,46,8,0,0,0,0,0,0,0,0,0,0,0,0,0,0,0,0,1,1,0,1,0,0,4,0,0
seatunnel-0a611da786b8d72bcfbc49f56dd81bdf8d76a837,0,0,2,1,4,1,0,0,0,4,0,0,7,5,0,61,0,3,0,0,0,0,0,3,0,5,0,0,1,4,5,0,0,0,0,0,0,0,1,2,3,0,1,37,12,5,0,2,0,0,3,0,0,1,0,1,0,0,4,2,0,1,0,0,1,2,0,0,0,3,0,0,2,13,1,0,68,0,0,8,0,0,1,0,0,0,0,0,1,0,0,1,0,0,0,0,0,0,0,0,0,0,0,7,0,0,0,0,2,3,0,0,0,0,5,0,0,0,4,0,0,15,6,0,0,0,0,0,0,0,0,0,0,0,0,0,0,0,0,4,0,0,1,0,0,6,0,0
seatunnel-0b07b20838470432627e9c616114fd7a95bcb745,0,0,1,0,0,0,0,0,0,3,0,0,8,18,0,16,0,0,0,0,1,0,2,0,0,4,1,0,1,0,4,0,0,0,0,0,0,0,1,3,3,0,0,26,11,5,0,0,0,0,2,8,0,0,0,0,2,0,1,0,0,1,2,0,0,0,0,0,0,0,0,0,3,11,2,0,6,0,0,2,0,0,1,0,0,0,0,1,1,0,0,0,0,0,0,0,0,0,0,0,0,0,2,7,0,0,0,1,2,2,0,0,0,0,5,1,0,1,5,0,0,46,8,0,0,0,0,0,0,0,0,0,0,0,0,0,0,0,0,2,1,0,1,0,0,4,0,0
seatunnel-0b1bdb745b2196a798b3192887e69b24baafdcde,0,0,8,9,62,15,3,0,6,47,0,1,27,77,0,134,2,4,0,0,0,1,5,4,0,107,3,4,4,4,18,0,0,4,2,0,9,1,7,3,20,2,6,88,120,38,0,0,1,0,4,2,0,3,1,1,7,9,25,21,0,6,24,1,32,42,1,0,14,3,0,0,4,32,14,0,121,3,2,59,0,4,1,0,8,4,0,5,0,0,3,0,3,0,0,1,11,2,1,0,0,0,4,7,0,0,0,2,19,10,0,1,0,1,8,2,0,5,5,0,1,61,32,6,0,0,0,1,4,0,5,1,1,0,0,3,0,0,0,7,8,1,0,0,35,70,1,0
seatunnel-0b5a2852fbd1bec8c0c882f93ac5ebbd6af08c11,0,0,12,7,39,7,1,0,0,25,1,1,19,57,0,244,0,4,0,0,0,0,2,4,0,72,1,1,3,8,12,0,0,1,1,1,5,2,14,2,10,3,6,86,94,14,0,2,0,0,4,2,0,2,0,2,0,5,12,19,0,6,9,2,8,3,0,0,1,3,0,0,2,21,7,0,87,0,0,39,0,3,1,0,6,4,0,17,0,0,1,1,0,0,0,0,9,4,1,1,0,0,3,14,0,1,0,0,13,9,0,0,0,1,5,0,0,3,13,1,0,58,21,0,0,0,0,0,0,0,1,1,1,1,0,0,0,0,0,6,2,0,1,0,13,36,0,0
seatunnel-0b62512cc453f9d96399c5963e0ab469590585f3,0,0,1,0,0,0,0,0,0,3,0,0,8,18,0,16,0,1,0,0,1,0,2,1,0,4,1,0,1,0,4,0,0,0,0,0,0,0,1,3,2,0,0,26,11,5,0,0,0,0,2,8,0,0,0,0,2,0,1,0,0,0,2,0,0,0,0,0,0,0,0,0,3,12,1,0,8,0,0,2,0,0,1,0,0,0,0,1,1,0,0,0,0,0,0,0,0,0,0,0,0,0,2,7,0,0,0,1,2,2,0,0,0,0,5,1,0,1,5,0,1,46,8,0,0,0,0,0,0,0,0,0,0,0,0,0,0,0,0,2,1,0,1,0,0,4,0,0
seatunnel-0b73b5fe100a4724f0560c722a163306cef02711,0,0,12,7,51,12,3,0,6,31,1,1,28,61,0,269,0,3,0,0,0,0,2,3,0,103,2,3,6,8,18,0,0,5,2,0,6,0,17,2,15,5,11,112,109,21,0,2,0,0,4,2,0,3,0,2,2,5,14,23,0,11,18,1,23,44,0,0,12,3,0,0,2,26,12,0,104,2,2,50,0,5,2,0,11,4,0,5,0,0,1,1,3,0,0,0,12,4,2,0,0,0,3,1,0,1,0,0,13,9,0,1,0,1,8,2,0,5,6,0,1,57,28,6,0,0,0,0,4,0,2,1,1,1,0,0,0,0,0,9,4,1,1,0,21,41,0,0
seatunnel-0bc12085c248880ef616eb802400e95ff2982b1b,0,0,12,7,56,12,3,0,6,31,1,1,28,60,0,271,1,3,0,1,0,0,2,3,0,103,2,3,4,8,16,0,0,3,2,0,6,0,15,2,13,5,10,113,109,18,0,2,0,0,4,2,0,4,0,2,2,5,13,23,0,8,9,0,20,44,0,0,13,3,0,0,2,27,9,0,104,0,2,48,0,5,2,0,10,4,0,5,0,0,1,1,0,0,0,0,8,4,2,0,0,0,3,0,0,1,0,0,13,9,0,1,0,1,5,2,0,3,5,0,1,60,25,5,0,0,0,0,4,0,2,1,1,1,0,0,0,0,0,6,5,1,1,0,21,41,0,0
seatunnel-0be2622cdc60885d5f6a1108573515636a4589e9,0,0,1,0,1,0,0,0,0,3,0,0,8,7,0,18,0,2,0,0,1,0,3,2,0,3,1,0,1,0,6,0,0,0,0,0,0,0,1,4,2,0,0,33,12,5,0,0,0,0,2,8,0,0,0,0,2,0,1,0,0,0,1,0,0,0,0,0,0,0,0,0,3,13,0,0,70,0,0,5,0,0,1,0,0,0,0,1,1,0,0,0,0,0,0,0,0,0,0,0,0,0,2,9,0,0,0,1,2,2,0,0,0,0,5,1,0,0,6,0,1,43,8,0,0,0,0,0,0,0,0,0,0,0,0,0,0,0,0,1,1,0,1,0,0,4,0,0
seatunnel-0bebef9c8bf5abff5bee0b974d6846effd3d32f7,0,0,6,11,50,19,4,0,6,53,0,0,28,83,0,120,2,4,0,0,0,0,6,5,1,106,8,5,4,6,18,0,0,2,3,0,12,1,6,3,24,2,6,88,113,50,0,0,1,0,10,4,0,3,1,1,10,15,27,21,0,12,26,1,22,42,1,0,14,3,0,0,3,31,19,0,100,3,2,61,0,10,1,0,8,5,0,5,0,0,4,0,3,0,0,1,14,3,2,0,0,0,4,7,0,0,0,2,29,10,0,1,0,1,9,2,0,5,9,0,0,69,39,6,0,1,0,1,4,0,4,1,1,0,0,0,0,0,0,9,11,1,0,0,35,86,1,0
seatunnel-0bfd6259338720246a47c179409fbca0880f0159,0,0,6,1,15,4,0,0,0,5,0,0,12,14,0,105,0,3,0,0,0,0,0,3,0,51,0,0,1,8,6,0,0,0,0,0,4,0,1,2,4,1,3,55,106,9,0,2,0,0,4,0,0,2,0,3,0,0,6,5,0,2,1,0,5,4,0,0,0,0,0,0,2,14,2,0,87,0,0,14,0,0,1,2,0,0,0,1,1,0,2,1,0,0,0,0,1,5,0,0,0,0,0,8,0,0,0,0,2,3,0,0,0,0,1,0,0,0,3,0,0,18,6,0,0,0,0,0,0,0,0,0,0,0,0,0,0,1,0,4,0,0,1,0,4,11,0,0
seatunnel-0c0e5f978e54283b20878fc73bef08d299d0fe0f,0,0,10,16,56,25,4,0,6,53,0,0,41,103,2,154,2,14,0,0,2,0,5,15,2,160,8,4,4,10,25,0,1,2,3,0,15,1,5,3,24,3,6,101,148,65,0,0,8,1,7,8,3,4,4,1,13,15,26,23,1,13,31,1,27,42,1,0,14,3,0,1,5,32,25,0,123,4,2,84,0,10,2,0,16,4,0,18,0,0,5,0,3,0,1,1,16,5,4,0,1,1,5,9,0,0,0,3,33,8,0,1,0,1,15,5,0,5,10,0,1,79,63,6,0,1,0,1,4,0,2,1,1,0,0,0,0,0,1,13,10,1,1,2,38,102,1,2
seatunnel-0c3dccb82be7561651a1fa270ecc4e91f5dfce1e,0,0,5,5,0,0,0,0,4,0,0,0,13,22,0,6,0,4,0,0,1,0,2,8,1,4,1,0,4,0,2,1,0,0,0,0,1,0,2,2,5,0,0,17,11,10,0,0,0,0,13,13,0,0,0,0,10,0,1,1,0,0,5,0,0,4,0,0,0,0,0,0,4,5,3,4,8,0,0,3,1,0,1,0,0,0,0,0,1,6,1,0,0,0,0,0,147,0,0,0,0,0,2,6,0,0,0,0,6,5,1,0,0,0,5,1,4,0,1,0,2,52,38,0,0,0,0,1,0,1,0,0,7,0,0,0,0,0,0,1,2,0,0,0,0,4,0,2
seatunnel-0c491efe48629f475ae52b489cc24dfc867c01c6,0,0,12,7,64,11,3,0,6,30,1,1,27,64,0,270,1,4,0,0,0,0,2,4,0,105,2,2,4,8,17,0,0,3,2,1,6,2,15,2,15,5,9,106,109,18,0,2,0,0,4,2,0,4,0,2,2,5,15,23,0,7,11,2,21,44,0,0,23,3,0,0,2,22,8,0,85,0,0,43,0,5,1,0,10,4,0,17,0,0,1,1,0,0,0,0,11,4,1,1,0,0,3,14,0,1,0,0,13,9,0,1,0,1,5,2,0,3,13,1,1,85,25,5,0,0,0,0,0,0,2,1,1,1,0,0,0,0,0,6,3,1,1,0,21,46,0,0
seatunnel-0c5986fbecdbfb61306099af2bb170d7f7bc78d7,0,0,10,9,61,15,4,0,6,46,0,1,32,79,0,125,2,4,0,0,0,0,6,4,1,108,6,4,4,4,19,0,0,4,2,0,10,1,7,3,22,2,6,89,120,47,0,0,1,0,4,2,0,3,1,1,8,8,24,21,0,7,26,1,32,42,1,0,16,3,0,0,4,36,15,0,122,4,2,60,0,10,1,0,8,5,0,5,0,0,3,0,3,0,0,1,10,2,2,0,0,0,4,7,0,0,0,2,20,10,0,1,0,1,8,2,0,5,9,0,1,61,35,6,0,1,0,1,4,0,4,1,1,0,0,3,0,0,0,8,14,1,0,0,37,84,1,0
seatunnel-0c8ede51a894415ed19d03453ac0d58b9ad1fa63,0,0,5,5,0,0,0,0,4,3,0,0,14,28,0,17,0,4,0,0,1,0,2,8,1,4,1,0,4,0,4,1,0,0,0,0,1,0,2,3,5,1,0,22,11,11,0,0,0,0,13,13,0,0,0,0,10,0,1,1,0,0,5,0,0,4,0,0,0,0,0,0,4,5,4,4,8,0,0,3,1,0,2,0,0,0,0,1,1,6,1,0,0,0,0,0,152,0,0,0,0,0,2,6,0,0,0,0,7,5,1,0,0,0,5,1,4,1,4,0,2,53,40,0,0,0,0,1,0,1,0,0,7,0,0,0,0,0,0,2,2,0,0,0,0,4,0,2
seatunnel-0cab86e0b013862635d5a7df1f2ef07d0ea99396,0,0,1,0,1,0,0,0,0,3,0,0,8,7,0,18,0,2,0,0,1,0,3,2,0,3,1,0,1,0,6,0,0,0,0,0,0,0,1,4,2,0,0,33,12,5,0,0,0,0,2,8,0,0,0,0,2,0,1,0,0,0,1,0,0,0,0,0,0,0,0,0,3,13,0,0,70,0,0,5,0,0,1,0,0,0,0,1,1,0,0,0,0,0,0,0,0,0,0,0,0,0,2,9,0,0,0,1,2,2,0,0,0,0,5,1,0,0,6,0,1,43,8,0,0,0,0,0,0,0,0,0,0,0,0,0,0,0,0,1,1,0,1,0,0,4,0,0
seatunnel-0d1078e0bf5d95db9c6e899326d0853839e6b0ca,0,0,1,0,1,0,0,0,0,3,0,0,6,7,0,22,0,2,0,0,1,0,3,2,0,3,1,0,1,0,5,0,0,6,0,0,0,0,1,3,2,0,0,27,8,3,0,2,2,0,2,8,0,0,0,0,2,0,2,2,0,0,1,0,0,0,0,0,0,0,0,0,2,13,0,0,72,0,0,6,0,0,1,0,0,0,0,1,1,0,0,1,0,0,0,0,1,0,0,0,0,0,2,9,0,0,0,1,2,2,0,0,0,0,5,1,0,0,6,0,1,12,12,0,0,0,0,0,0,0,0,0,0,0,0,0,0,0,0,1,0,0,1,0,0,4,0,0
seatunnel-0d1332806021f796a50b470a39b0081df079fa2c,0,0,5,5,0,0,0,0,4,3,0,0,13,28,0,17,0,4,0,0,1,0,2,8,1,4,1,0,4,0,2,1,0,0,0,0,1,0,2,2,5,1,0,20,11,11,0,0,0,0,13,13,0,0,0,0,10,0,1,1,0,0,5,0,0,4,0,0,0,0,0,0,4,5,4,4,8,0,0,2,1,0,2,0,0,0,0,1,1,6,1,0,0,0,0,0,152,0,0,0,0,0,2,6,0,0,0,0,7,5,1,0,0,0,5,1,4,1,1,0,2,51,39,0,0,0,0,1,0,1,0,0,7,0,0,0,0,0,0,2,2,0,0,0,0,4,0,2
seatunnel-0d2f6f4d7c02489bf640b22b9c5480a935e40474,0,0,8,5,38,11,1,0,0,18,1,1,14,38,0,224,0,3,0,0,0,0,3,3,0,67,1,1,1,8,14,0,0,1,0,1,5,1,1,2,8,4,6,76,95,10,0,2,0,0,4,2,0,2,0,2,0,1,16,19,0,5,6,0,7,3,0,0,4,0,0,0,2,15,5,0,78,0,0,24,0,1,1,1,6,2,0,6,0,0,2,1,0,0,0,0,4,4,1,0,0,0,2,16,0,0,0,0,6,9,0,0,0,0,4,0,0,3,15,0,0,42,8,0,0,0,0,0,4,0,1,0,0,0,0,0,0,0,0,6,2,0,1,0,12,26,0,0
seatunnel-0d8d927521bbe573b559c9da692f106b23c02189,0,0,8,8,60,15,3,0,6,41,0,1,26,71,0,251,0,4,0,0,0,2,4,4,0,107,2,4,4,4,17,0,0,4,2,1,10,1,6,3,19,3,6,87,120,28,0,0,0,0,2,2,0,2,1,1,5,9,19,23,0,6,24,1,27,42,1,0,13,3,0,0,4,27,14,0,121,2,2,59,0,4,1,0,8,4,0,5,0,0,3,0,3,0,0,1,11,2,1,0,0,0,3,7,0,1,0,2,15,10,0,1,0,1,7,2,0,5,5,0,1,55,31,6,0,0,0,0,4,0,2,1,1,1,0,3,0,0,0,7,8,1,0,0,34,70,1,0
seatunnel-0db318bc93858d3a7e74f6633e425d8593df91f2,0,0,3,1,4,1,0,0,0,4,0,0,6,8,0,69,0,3,0,0,0,0,0,3,0,12,0,0,1,4,5,0,0,0,0,0,1,0,1,2,3,1,1,39,43,5,0,2,0,0,3,0,0,1,0,1,0,0,4,12,0,1,0,0,2,2,0,0,0,3,0,0,2,13,1,0,68,0,0,11,0,0,1,2,0,0,0,1,1,0,0,1,0,0,0,0,0,4,0,0,0,0,0,7,0,0,0,0,2,3,0,0,0,0,6,0,0,0,4,0,0,27,6,0,0,0,0,0,0,0,0,0,0,0,0,0,0,0,0,4,0,0,1,0,0,7,0,0
seatunnel-0dca879c046136efda143643d0577d3d6c5675c2,0,0,12,7,50,11,2,0,0,25,1,1,15,50,0,303,0,3,0,0,0,0,5,3,0,74,1,1,3,8,17,0,0,1,0,1,5,2,11,2,11,4,7,93,95,13,0,2,0,0,4,2,0,2,0,2,0,2,23,19,0,7,8,0,8,3,0,0,3,0,2,0,2,21,9,0,88,0,0,40,0,3,1,1,6,3,0,15,0,1,2,1,0,0,0,0,8,4,1,1,0,0,2,20,0,1,0,0,12,9,0,0,0,0,6,0,0,3,22,0,0,42,18,0,0,0,0,0,4,0,1,1,0,1,0,2,0,0,0,6,2,0,1,0,13,34,0,0
seatunnel-0df8e836a45fb11afa589fad0c9778d1b00bd5be,0,0,12,7,51,12,3,0,6,31,1,1,29,60,0,271,0,3,0,0,0,0,2,3,0,105,2,3,6,8,18,0,0,5,2,0,6,0,17,3,15,5,11,112,109,22,0,2,0,0,4,2,0,3,0,2,2,5,17,24,0,11,18,1,23,44,0,0,12,3,0,0,2,26,12,0,104,2,2,50,0,5,2,0,11,4,0,5,0,0,1,1,3,0,0,0,12,4,2,0,0,0,3,1,0,1,0,2,13,9,0,1,0,1,8,2,0,5,6,0,1,61,30,6,0,0,0,0,4,0,2,1,1,1,0,0,0,0,0,11,4,1,1,0,23,41,0,0
seatunnel-0e05db444d3aa7ab71d94bd3015c0ba86035a51b,0,0,12,7,54,10,2,0,0,25,1,1,15,50,0,284,0,3,0,0,0,0,4,3,0,73,1,1,3,8,17,0,0,1,0,1,5,2,12,2,11,4,6,93,95,13,0,2,0,0,4,2,0,2,0,2,0,2,26,19,0,8,7,0,8,3,0,0,3,0,2,0,2,21,11,0,89,0,0,37,0,3,1,1,6,4,0,15,0,1,1,1,0,0,0,0,8,4,1,1,0,0,0,18,0,1,0,0,12,9,0,0,0,0,8,0,0,3,19,1,0,46,18,0,0,0,0,0,0,0,1,1,0,1,0,2,0,0,0,6,2,0,1,0,13,33,0,0
seatunnel-0e1e9e82279cee472d37ae5a6c865e4426a4f9bf,0,0,1,0,0,0,0,0,0,3,0,0,8,18,0,15,0,0,0,0,1,0,2,0,0,4,1,0,1,0,4,0,0,0,0,0,0,0,1,3,3,0,0,24,11,5,0,0,0,0,2,8,0,0,0,0,2,0,1,0,0,0,2,0,0,0,0,0,0,0,0,0,3,7,1,0,6,0,0,1,0,0,1,0,0,0,0,1,1,0,0,0,0,0,0,0,0,0,0,0,0,0,2,7,0,0,0,1,2,2,0,0,0,0,5,1,0,1,5,0,0,45,8,0,0,0,0,0,0,0,0,0,0,0,0,0,0,0,0,2,1,0,1,0,0,4,0,0
seatunnel-0e30dc29cb724d8b38e11d9ee60a68f4fef5f975,0,0,5,5,0,0,0,0,4,3,0,0,13,27,0,17,0,4,0,0,1,0,2,8,1,4,1,0,4,0,3,1,0,0,0,0,1,0,2,2,4,0,0,20,11,10,0,0,0,0,13,13,0,0,0,0,10,0,1,1,0,0,5,0,0,4,0,0,0,0,0,0,4,5,4,4,8,0,0,3,1,0,2,0,0,0,0,1,1,6,1,0,0,0,0,0,147,0,0,0,0,0,2,6,0,0,0,0,7,5,1,0,0,0,5,1,4,1,1,0,2,51,39,0,0,0,0,1,0,1,0,0,7,0,0,0,0,0,0,2,2,0,0,0,0,4,0,2
seatunnel-0e4e2b1230c019c6a11ec927b6cd47af4b1cfa4e,0,0,8,5,45,11,1,0,0,24,1,1,14,44,0,262,0,3,0,0,0,0,4,3,0,72,1,1,2,8,14,0,0,1,0,1,5,2,3,2,8,4,6,84,95,10,0,2,0,0,4,2,0,2,0,2,0,1,18,19,0,5,6,0,8,3,0,0,4,0,0,0,2,16,5,0,79,0,0,31,0,1,1,1,6,3,0,15,0,0,2,1,0,0,0,0,5,4,1,0,0,0,2,16,0,0,0,0,6,9,0,0,0,0,4,0,0,3,17,0,0,41,14,0,0,0,0,0,4,0,1,1,0,0,0,0,0,0,0,6,2,0,1,0,12,26,0,0
seatunnel-0e69d0292b101364fdabb26ba877231a038db789,0,0,12,7,58,11,3,0,6,31,1,1,27,58,0,272,1,4,0,1,0,0,2,4,0,103,2,2,4,8,16,0,0,3,2,0,6,0,15,2,13,5,10,108,109,18,0,2,0,0,4,2,0,4,0,2,2,5,14,23,0,8,8,2,20,44,0,0,13,3,0,0,2,22,9,0,106,0,2,45,0,5,2,0,10,4,0,5,0,0,1,1,0,0,0,0,8,4,2,1,0,0,3,0,0,1,0,0,13,9,0,1,0,1,5,2,0,3,5,0,1,60,24,5,0,0,0,0,1,0,2,1,1,1,0,0,0,0,0,6,5,1,1,0,21,41,0,0
seatunnel-0e731052da444451c59893734e68559c415a7924,0,0,2,1,2,1,0,0,0,4,0,0,8,6,0,59,0,3,0,0,1,0,0,3,0,5,0,0,1,4,5,0,0,0,0,0,0,0,1,2,3,0,1,31,12,4,0,2,0,0,2,8,0,1,0,1,2,0,4,2,0,1,1,0,1,2,0,0,0,3,0,0,2,13,1,0,68,0,0,3,0,0,1,0,0,0,0,0,1,0,0,1,0,0,0,0,0,0,0,0,0,0,2,4,0,0,0,0,3,2,0,0,0,0,5,0,0,0,2,0,1,17,12,0,0,0,0,0,0,0,0,0,0,0,0,0,0,0,0,4,0,0,1,0,0,6,0,0
seatunnel-0e8351d56facf36681ea001594d0855156350ccc,0,0,12,7,51,12,3,0,6,31,1,1,28,61,0,269,0,3,0,0,0,0,2,3,0,103,2,3,6,8,18,0,0,5,2,0,6,0,17,2,15,5,11,112,109,21,0,2,0,0,4,2,0,3,0,2,2,5,14,23,0,11,18,1,23,44,0,0,12,3,0,0,2,26,12,0,104,2,2,50,0,5,2,0,11,4,0,5,0,0,1,1,3,0,0,0,12,4,2,0,0,0,3,1,0,1,0,0,13,9,0,1,0,1,8,2,0,5,6,0,1,57,28,6,0,0,0,0,4,0,2,1,1,1,0,0,0,0,0,9,4,1,1,0,21,41,0,0
seatunnel-0e85e1c57d1b7645a90661bbf2ebda4fe0a9c83c,0,0,12,7,51,12,3,0,6,31,1,1,28,61,0,268,0,3,0,0,0,0,2,3,0,103,2,3,6,8,18,0,0,5,2,0,6,0,17,2,15,5,11,112,109,21,0,2,0,0,4,2,0,3,0,2,2,5,14,23,0,11,18,1,23,44,0,0,12,3,0,0,2,26,12,0,104,2,2,50,0,5,2,0,10,4,0,5,0,0,1,1,3,0,0,0,12,4,2,0,0,0,3,1,0,1,0,0,13,9,0,1,0,1,8,2,0,5,6,0,1,57,28,6,0,0,0,0,4,0,2,1,1,1,0,0,0,0,0,9,4,1,1,0,21,41,0,0
seatunnel-0ea325e4cb5f09d7de69b9caf21be49fea112b70,0,0,5,5,0,0,0,0,4,3,0,0,13,28,0,17,0,4,0,0,1,0,2,8,1,4,1,0,4,0,2,1,0,0,0,0,1,0,2,2,5,1,0,20,11,11,0,0,0,0,13,13,0,0,0,0,10,0,1,1,0,0,5,0,0,4,0,0,0,0,0,0,4,5,4,4,8,0,0,2,1,0,2,0,0,0,0,1,1,6,1,0,0,0,0,0,152,0,0,0,0,0,2,6,0,0,0,0,7,5,1,0,0,0,5,1,4,1,1,0,2,51,39,0,0,0,0,1,0,1,0,0,7,0,0,0,0,0,0,2,2,0,0,0,0,4,0,2
seatunnel-0ecd7906c2791e2f8b9e6e85c126db7d1ea33700,0,0,12,7,58,11,3,0,6,31,1,1,27,59,0,273,1,4,0,1,0,0,2,4,0,103,2,2,4,8,16,0,0,3,2,0,6,0,15,2,13,5,10,108,109,18,0,2,0,0,4,2,0,4,0,2,2,5,14,23,0,8,8,2,20,44,0,0,13,3,0,0,2,22,9,0,106,0,2,45,0,5,2,0,10,4,0,5,0,0,1,1,0,0,0,0,8,4,2,1,0,0,3,0,0,1,0,0,13,9,0,1,0,1,5,2,0,3,5,0,1,60,24,5,0,0,0,0,1,0,2,1,1,1,0,0,0,0,0,6,5,1,1,0,21,41,0,0
seatunnel-0eff3aeed0b0654284d767d3122ea63d8bd0e7ac,0,0,8,16,62,26,4,2,6,55,0,1,44,117,2,148,2,20,0,1,3,0,5,21,2,142,9,4,4,10,30,0,1,3,3,0,15,1,8,3,25,2,6,106,140,65,2,0,9,1,7,16,4,4,4,3,15,17,28,24,1,10,33,1,31,43,1,3,20,3,0,1,5,25,25,0,129,4,2,77,0,10,3,0,14,4,2,18,0,0,5,0,3,1,1,1,24,7,3,0,1,1,8,9,0,0,0,4,35,8,0,1,0,1,15,6,0,6,9,0,2,79,84,7,0,1,0,1,4,0,2,2,1,0,1,6,0,0,1,11,13,1,1,2,42,106,1,0
seatunnel-0f0afb58af7ecb04aa7fce9562488685a78f071c,0,0,10,10,58,16,4,0,6,46,0,1,32,83,0,127,2,4,0,0,0,0,6,4,1,111,7,4,4,4,19,0,0,4,2,0,12,1,7,3,24,2,6,90,120,47,0,0,1,0,4,2,0,3,1,1,8,8,28,21,0,8,25,1,30,42,1,0,16,3,0,0,4,36,16,0,124,4,2,60,0,10,1,0,8,5,0,5,0,0,3,0,3,0,0,1,10,2,2,0,0,0,4,7,0,0,0,2,20,10,0,1,0,1,9,2,0,5,9,0,1,62,35,6,0,1,0,1,4,0,4,1,1,0,0,0,0,0,0,8,14,1,0,0,37,85,1,0
seatunnel-0f0b7e98a5be009ca6baa9cf10903d51952be329,0,0,3,0,0,0,0,0,0,0,0,0,5,8,0,4,0,0,24,0,0,1,1,0,0,3,0,0,0,0,1,1,0,0,0,0,0,0,2,1,4,0,0,9,11,1,0,0,0,0,0,0,2,0,0,0,0,0,1,0,0,0,0,0,0,0,0,0,0,0,0,0,2,1,0,0,6,0,0,2,0,0,0,0,0,0,0,0,1,1,0,0,0,0,0,0,0,0,0,0,0,0,0,0,0,0,0,0,0,2,0,0,0,0,4,1,0,0,0,0,0,35,2,0,0,0,0,0,0,0,0,0,0,0,0,0,0,0,0,1,0,0,0,0,0,3,0,0
seatunnel-0f2b6b8817a68b124b3b81dd10b1a565faaeb01d,0,0,12,7,51,12,3,0,6,31,1,1,28,61,0,268,0,3,0,0,0,0,2,3,0,103,2,3,6,8,18,0,0,5,2,0,6,0,17,2,15,5,10,112,109,21,0,2,0,0,4,2,0,3,0,2,2,5,14,23,0,11,18,1,23,44,0,0,12,3,0,0,2,26,12,0,104,2,2,50,0,5,2,0,10,4,0,5,0,0,1,1,3,0,0,0,12,4,2,0,0,0,3,1,0,1,0,0,13,9,0,1,0,1,8,2,0,4,6,0,1,57,27,6,0,0,0,0,4,0,2,1,1,1,0,0,0,0,0,9,4,1,1,0,21,41,0,0
seatunnel-0f45b63cb8ada88f12daa4a8fe131fa192f01c44,0,0,5,5,0,0,0,0,4,3,0,0,14,28,0,17,0,4,0,0,1,0,2,8,1,4,1,0,4,0,4,1,0,0,0,0,1,0,2,3,5,1,0,22,11,11,0,0,0,0,13,13,0,0,0,0,10,0,1,1,0,0,5,0,0,4,0,0,0,0,0,0,4,5,4,4,8,0,0,3,1,0,2,0,0,0,0,1,1,6,1,0,0,0,0,0,152,0,0,0,0,0,2,6,0,0,0,0,7,5,1,0,0,0,5,1,4,1,4,0,2,53,40,0,0,0,0,1,0,1,0,0,7,0,0,0,0,0,0,2,2,0,0,0,0,4,0,2
seatunnel-0f65db08efcca7aa8d852977ef6ed196f44fb018,0,0,8,14,55,23,4,0,6,54,0,0,33,95,0,147,2,4,0,0,0,0,8,5,1,120,8,5,4,10,20,0,0,2,3,0,16,1,6,3,23,2,6,96,144,54,0,0,1,0,7,4,0,3,1,1,12,15,28,22,0,13,28,1,26,42,1,0,16,3,0,0,3,34,21,0,119,3,2,70,0,10,1,0,12,5,0,5,0,0,5,0,3,0,3,1,15,4,2,0,3,0,5,8,0,0,0,2,31,8,0,1,0,1,9,2,0,5,10,0,0,72,43,6,0,1,0,1,4,0,4,1,1,0,0,0,0,0,1,13,11,1,0,1,38,96,1,0
seatunnel-0fce8a58786f02c04bbe6d7fdca5539c9a40d1be,0,0,1,0,1,0,0,0,0,3,0,0,8,7,0,18,0,2,0,0,1,0,3,2,0,3,1,0,1,0,6,0,0,0,0,0,0,0,1,4,2,0,0,33,12,5,0,0,0,0,2,8,0,0,0,0,2,0,1,0,0,0,2,0,0,0,0,0,0,0,0,0,3,13,1,0,70,0,0,5,0,0,1,0,0,0,0,1,1,0,0,0,0,0,0,0,0,0,0,0,0,0,2,9,0,0,0,1,2,2,0,0,0,0,5,1,0,0,6,0,1,46,8,0,0,0,0,0,0,0,0,0,0,0,0,0,0,0,0,1,1,0,1,0,0,4,0,0
seatunnel-0fd8da9c1c414576dc4f9a164e3b862639f23965,0,0,12,7,53,12,3,0,6,31,1,1,28,61,0,271,1,3,0,0,0,0,2,3,0,104,2,3,4,8,16,0,0,3,2,0,6,0,16,2,13,5,10,112,109,19,0,2,0,0,4,2,0,3,0,2,2,5,13,23,0,8,9,0,21,44,0,0,11,3,0,0,2,26,9,0,104,0,2,50,0,5,2,0,9,4,0,5,0,0,1,1,0,0,0,0,7,4,2,0,0,0,3,0,0,1,0,0,13,9,0,1,0,1,5,2,0,3,5,0,1,57,25,5,0,0,0,0,4,0,2,1,1,1,0,0,0,0,0,6,5,1,1,0,21,41,0,0
seatunnel-0fec8ca4383100ecab2de5e7e7f38bb256520fa3,0,0,8,5,44,11,1,0,0,24,1,1,14,41,0,250,0,3,0,0,0,0,4,3,0,69,1,1,2,8,14,0,0,1,0,1,5,2,3,2,8,4,6,84,95,10,0,2,0,0,4,2,0,2,0,2,0,1,18,19,0,5,6,0,8,3,0,0,4,0,0,0,2,16,5,0,79,0,0,31,0,1,1,1,6,3,0,15,0,0,2,1,0,0,0,0,5,4,1,0,0,0,2,16,0,0,0,0,6,9,0,0,0,0,4,0,0,3,17,0,0,41,12,0,0,0,0,0,4,0,1,1,0,0,0,0,0,0,0,6,2,0,1,0,12,26,0,0
seatunnel-0ffc40fe8456cc5e5646e708f47567a06b2539b0,0,0,8,5,58,10,3,0,6,23,0,1,17,37,0,239,1,3,0,0,0,0,3,3,0,103,1,2,1,8,16,0,0,1,1,1,5,0,2,2,9,6,8,89,108,16,0,2,0,0,4,2,0,4,0,2,2,1,19,17,0,8,9,0,17,3,0,0,29,0,0,0,2,15,8,0,77,0,0,28,0,3,1,1,10,2,0,6,0,0,2,1,0,0,0,0,4,4,1,0,0,0,2,17,0,0,0,0,7,9,0,1,0,0,1,2,0,3,15,0,0,28,12,0,0,0,0,0,4,0,2,0,0,0,0,0,0,0,0,6,1,0,1,0,20,29,0,0
seatunnel-10046b0d9090385252a4018d271286a077352b8b,0,0,14,8,54,12,3,0,6,40,1,1,31,74,0,299,0,4,0,0,0,2,4,4,0,108,2,3,6,8,18,0,0,5,2,1,8,1,6,5,19,5,11,117,122,27,0,2,0,0,4,2,0,3,0,2,3,10,18,26,0,9,24,1,29,44,1,0,11,3,0,0,3,38,9,0,105,2,2,61,0,5,2,0,11,4,0,5,0,0,1,1,3,0,0,1,12,5,2,0,0,0,3,2,0,1,0,2,16,10,0,1,0,1,8,2,0,5,7,0,1,62,32,6,0,0,0,0,4,0,2,1,1,1,0,0,0,0,0,11,4,1,1,0,31,47,1,0
seatunnel-100f65aae7347cdf91784b6724f2efa05bff5879,0,0,1,0,1,0,0,0,0,3,0,0,8,7,0,19,0,2,0,0,1,0,3,2,0,3,1,0,1,0,6,0,0,0,0,0,0,0,1,4,2,0,0,33,12,5,0,0,0,0,2,8,0,0,0,0,2,0,1,1,0,0,1,0,0,0,0,0,0,0,0,0,3,13,0,0,70,0,0,5,0,0,1,0,0,0,0,1,1,0,0,0,0,0,0,0,1,0,0,0,0,0,2,9,0,0,0,1,2,2,0,0,0,0,5,1,0,0,6,0,1,38,8,0,0,0,0,0,0,0,0,0,0,0,0,0,0,0,0,1,1,0,1,0,0,4,0,0
seatunnel-1058a20053567f35c6e777ecef192d4fd78708b0,0,0,14,8,54,12,3,0,6,40,1,1,31,74,0,299,0,4,0,0,0,2,4,4,0,108,2,3,6,8,18,0,0,5,2,1,8,1,6,5,19,5,11,117,122,27,0,2,0,0,4,2,0,3,0,2,3,10,18,26,0,10,24,1,29,44,1,0,11,3,0,0,3,38,11,0,105,2,2,61,0,5,2,0,11,4,0,5,0,0,1,1,3,0,0,1,12,5,2,0,0,0,3,2,0,1,0,2,16,10,0,1,0,1,8,2,0,5,7,0,1,62,32,6,0,0,0,0,4,0,2,1,1,1,0,0,0,0,0,11,4,1,1,0,31,47,1,0
seatunnel-1060c978a68c94e7dc48312f5a79b0af6d7ef0c8,0,0,2,1,2,1,0,0,0,4,0,0,7,4,0,60,0,3,0,0,0,0,0,3,0,4,0,0,1,4,5,0,0,0,0,0,0,0,1,2,3,0,1,31,12,4,0,2,0,0,1,0,0,1,0,1,0,0,4,2,0,1,0,0,1,2,0,0,0,3,0,0,2,13,1,0,68,0,0,7,0,0,1,0,0,0,0,0,1,0,0,1,0,0,0,0,0,0,0,0,0,0,0,5,0,0,0,0,2,2,0,0,0,0,5,0,0,0,2,0,0,15,5,0,0,0,0,0,0,0,0,0,0,0,0,0,0,0,0,4,0,0,1,0,0,6,0,0
seatunnel-10e7b452ae0ba5ae0bb90decc12f04e4b5ae539a,0,0,9,11,50,17,4,0,6,53,0,0,27,83,0,120,2,4,0,0,0,0,6,5,1,107,8,5,4,6,18,0,0,2,2,0,12,1,6,3,24,3,6,88,113,50,0,0,1,0,10,3,0,3,1,1,10,15,27,21,0,11,26,1,22,42,1,0,14,3,0,0,3,31,19,0,103,3,2,61,0,10,1,0,8,5,0,5,0,0,4,0,3,0,0,1,14,3,2,0,0,0,4,7,0,0,0,2,29,10,0,1,0,1,9,2,0,5,9,0,0,70,38,6,0,1,0,1,4,0,4,1,1,0,0,0,0,0,0,10,11,1,0,0,35,86,1,0
seatunnel-1113cb9c3aac6a40a3e491ca04f34fd07ca65ee1,0,0,6,3,21,4,1,0,0,5,0,1,13,20,0,132,0,3,0,0,0,0,0,3,0,53,0,1,1,8,10,0,0,0,0,0,4,0,1,2,5,2,6,86,107,11,0,2,0,0,5,2,0,2,0,3,0,0,9,11,0,2,2,0,6,4,0,0,2,0,0,0,2,14,2,0,88,0,0,19,0,1,1,3,0,0,0,3,1,0,2,1,0,0,0,0,2,4,0,0,0,0,0,10,0,0,0,0,2,9,0,0,0,0,1,0,0,0,6,0,0,21,6,0,0,0,0,0,0,0,0,0,0,0,0,0,0,1,0,5,0,0,1,0,5,18,0,0
seatunnel-1118c8317b18d047abce3253a1b47777b595d6a8,0,0,10,10,58,16,4,0,6,46,0,1,32,84,0,127,2,4,0,0,0,0,6,5,1,112,7,5,4,6,19,0,0,4,2,0,12,1,7,3,24,2,6,88,120,47,0,0,1,0,9,2,0,6,1,1,8,8,28,21,0,8,26,1,27,42,1,0,16,3,0,0,4,36,16,0,125,3,2,60,0,10,1,0,8,5,0,5,0,0,3,0,3,0,0,1,10,2,2,0,0,0,4,7,0,0,0,2,20,10,0,1,0,1,9,2,0,5,9,0,0,62,35,6,0,1,0,1,4,0,4,1,1,0,0,0,0,0,0,8,13,1,0,0,37,85,1,0
seatunnel-111edfc33554d449036adc479a9b6512ed89f938,0,0,21,5,0,0,0,0,4,0,0,6,13,22,0,6,0,4,186,0,6,0,2,8,1,4,1,0,4,9,2,1,1,0,0,0,1,0,2,2,5,0,0,16,11,10,0,0,0,0,14,13,1,0,0,0,10,0,1,1,0,0,6,0,0,4,0,0,0,0,0,0,4,5,2,3,8,0,0,3,1,0,1,0,0,0,0,0,1,6,1,0,0,0,0,0,147,0,0,0,0,0,2,5,1,0,3,0,2,5,1,0,0,0,5,1,4,0,1,0,8,52,43,0,0,0,1,1,0,1,0,0,7,0,0,0,0,0,0,1,2,0,0,0,0,4,0,2
seatunnel-11395bef929febde00067ba78f7ee761a0944629,0,0,10,16,57,25,4,1,6,55,0,1,44,115,2,149,2,20,0,1,3,0,6,21,2,142,9,4,4,10,29,0,1,3,3,0,15,1,8,3,25,2,6,101,140,64,2,0,9,1,7,16,3,4,4,3,16,17,26,24,1,11,33,1,31,43,1,3,17,3,0,1,5,33,26,0,127,4,2,72,0,10,2,0,14,4,2,18,0,0,5,0,3,0,1,1,25,7,4,0,1,1,8,9,0,0,0,3,35,8,0,1,0,1,15,5,0,6,9,0,2,79,77,7,0,1,0,1,4,0,2,2,1,0,0,6,0,0,1,11,11,1,1,2,42,107,1,2
seatunnel-1148412b1926b07071875b662a0536fbd7aeb726,0,0,12,7,39,7,1,0,0,25,1,1,20,57,0,244,0,4,0,0,0,0,2,4,0,72,1,1,3,8,12,0,0,1,1,1,5,2,14,2,10,3,6,86,94,14,0,2,0,0,4,2,0,2,0,2,0,5,12,19,0,6,9,2,8,3,0,0,1,3,0,0,2,21,7,0,85,0,0,39,0,3,1,0,6,4,0,17,0,0,1,1,0,0,0,0,9,4,1,1,0,0,3,14,0,1,0,0,13,9,0,0,0,1,5,0,0,3,13,1,0,58,21,0,0,0,0,0,0,0,1,1,1,1,0,0,0,0,0,6,2,0,1,0,13,36,0,0
seatunnel-11709d0967983f4fe08234ce51d1cda595110007,0,0,1,0,0,0,0,0,0,3,0,0,8,18,0,16,0,0,0,0,1,0,2,0,0,4,1,0,1,0,4,0,0,0,0,0,0,0,1,3,3,0,0,26,11,5,0,0,0,0,2,8,0,0,0,0,2,0,1,0,0,0,2,0,0,0,0,0,0,0,0,0,3,11,1,0,6,0,0,2,0,0,1,0,0,0,0,1,1,0,0,0,0,0,0,0,0,0,0,0,0,0,2,7,0,0,0,1,2,2,0,0,0,0,5,1,0,1,5,0,0,46,8,0,0,0,0,0,0,0,0,0,0,0,0,0,0,0,0,2,1,0,1,0,0,4,0,0
seatunnel-11b1d1832affd3ef3663a494c9bf7a696af2ac5c,0,0,1,0,1,0,0,0,0,3,0,0,8,6,0,25,0,3,0,0,1,0,1,3,0,3,1,0,1,0,5,0,0,6,0,0,0,0,1,2,2,0,0,25,8,2,0,2,1,0,2,8,0,0,0,0,2,0,5,2,0,0,1,0,0,0,0,0,0,0,0,0,2,14,0,0,72,0,0,6,0,0,1,0,0,0,0,0,1,0,0,1,0,0,0,0,0,0,0,0,0,0,2,4,0,0,0,1,2,2,0,0,0,0,5,0,0,0,3,0,1,12,12,0,0,0,0,0,0,0,0,0,0,0,0,0,0,0,0,1,0,0,1,0,0,4,0,0
seatunnel-11de68a0b113f1a8adffdb10c0c65764bc4ca4a3,0,0,12,7,51,12,3,0,6,31,1,1,29,60,0,271,0,3,0,0,0,0,2,3,0,105,2,3,6,8,18,0,0,5,2,0,6,0,17,3,15,5,11,112,109,22,0,2,0,0,4,2,0,3,0,2,2,5,17,24,0,11,18,1,23,44,0,0,12,3,0,0,2,26,12,0,104,2,2,50,0,5,2,0,11,4,0,5,0,0,1,1,3,0,0,0,12,4,2,0,0,0,3,1,0,1,0,2,13,9,0,1,0,1,8,2,0,5,6,0,1,61,30,6,0,0,0,0,4,0,2,1,1,1,0,0,0,0,0,11,4,1,1,0,23,41,0,0
seatunnel-11e94b216fc62a073fe42de9df7cb18f687de855,0,0,10,16,56,25,4,0,6,53,0,0,41,104,2,154,2,14,0,0,2,0,5,15,2,160,8,4,4,10,25,0,1,2,3,0,15,1,5,3,24,3,6,101,148,65,0,0,8,1,7,8,3,4,4,1,13,15,26,23,1,13,31,1,27,42,1,0,14,3,0,1,5,32,25,0,123,4,2,84,0,10,2,0,16,4,0,18,0,0,5,0,3,0,1,1,16,5,4,0,1,1,5,9,0,0,0,3,33,8,0,1,0,1,15,5,0,5,10,0,1,79,63,6,0,1,0,1,4,0,2,1,1,0,0,0,0,0,1,13,10,1,1,2,38,102,1,2
seatunnel-12200a5c5ca465ae69f099129122df431b869d87,0,0,10,11,57,17,4,0,6,53,0,1,30,84,0,121,2,4,0,0,0,0,6,5,1,107,8,5,4,6,18,0,0,2,2,0,12,1,6,3,24,3,6,88,113,48,0,0,1,0,9,2,0,6,1,1,10,15,27,22,0,11,26,1,23,42,1,0,14,3,0,0,3,32,19,0,103,3,2,61,0,10,1,0,8,5,0,5,0,0,3,0,3,0,0,1,11,3,2,0,0,0,4,7,0,0,0,2,29,10,0,1,0,1,9,2,0,5,9,0,0,62,38,6,0,1,0,1,4,0,4,1,1,0,0,0,0,0,0,10,12,1,0,0,35,86,1,0
seatunnel-12268a6f4b6fd47f7bb797a13b788cbac33bbce4,0,0,14,7,54,12,3,0,6,40,1,1,29,72,0,290,0,4,0,0,0,2,3,4,0,105,2,3,6,8,18,0,0,5,2,1,8,0,9,5,18,5,11,116,108,27,0,2,0,0,4,2,0,3,0,2,3,12,17,26,0,10,24,1,27,44,0,0,11,3,0,0,2,38,11,0,105,2,2,54,0,5,2,0,11,4,0,5,0,0,1,1,3,0,0,0,12,4,2,0,0,0,3,2,0,1,0,2,18,10,0,1,0,1,8,2,0,5,7,0,1,61,33,6,0,0,0,0,4,0,2,1,1,1,0,0,0,0,0,11,4,1,1,0,23,45,1,0
seatunnel-12c0fb91d2f195e07abeab48a9e408659d46e485,0,0,8,9,62,15,3,0,6,41,0,1,26,71,0,243,0,4,0,0,0,2,4,4,0,108,2,4,4,4,17,0,0,4,2,1,10,1,7,3,20,3,6,87,120,30,0,0,0,0,2,2,0,2,1,1,5,9,22,23,0,6,25,1,29,42,1,0,13,3,0,0,4,32,14,0,121,2,2,59,0,4,1,0,8,4,0,5,0,0,3,0,3,0,0,1,11,2,1,0,0,0,3,7,0,1,0,2,15,10,0,1,0,1,7,2,0,5,5,0,1,57,31,6,0,0,0,0,4,0,2,1,1,0,0,3,0,0,0,7,8,1,0,0,35,70,1,0
seatunnel-12d66b42476db54862d0d54854d2a6a87c3c0432,0,0,14,8,59,15,3,0,6,44,0,1,31,76,0,293,0,4,0,0,0,2,4,4,0,110,2,3,6,8,20,0,0,5,2,1,8,1,6,5,20,5,12,121,124,28,0,2,0,0,4,2,0,3,1,2,5,10,18,25,0,9,26,1,29,44,1,0,11,3,0,0,4,36,16,0,105,2,2,67,0,5,2,0,11,4,0,5,0,0,3,1,3,0,0,1,12,4,2,0,0,0,3,4,0,1,0,2,18,10,0,1,0,1,8,2,0,5,7,0,1,62,33,7,0,0,0,0,4,0,2,1,1,1,0,0,0,0,0,11,7,1,1,0,35,67,1,0
seatunnel-12e1e1b71b1c957761fe8c6f7b359549978f6728,0,0,5,5,0,0,0,0,4,0,0,0,13,23,0,6,0,4,0,0,1,0,2,8,1,4,1,0,4,0,2,1,0,0,0,0,1,0,2,2,5,0,0,17,11,10,0,0,0,0,13,13,0,0,0,0,10,0,1,1,0,0,5,0,0,4,0,0,0,0,0,0,4,5,3,4,8,0,0,3,1,0,1,0,0,0,0,0,1,6,1,0,0,0,0,0,147,0,0,0,0,0,2,6,0,0,0,0,6,5,1,0,0,0,5,1,4,0,1,0,2,52,38,0,0,0,0,1,0,1,0,0,7,0,0,0,0,0,0,1,2,0,0,0,0,4,0,2
seatunnel-12ebcb4a0d1f2644a635f3972b7f43a3e3d4d155,0,0,8,5,38,11,1,0,0,18,1,1,14,38,0,224,0,3,0,0,0,0,3,3,0,67,1,1,1,8,14,0,0,1,0,1,5,1,1,2,8,4,6,76,95,10,0,2,0,0,4,2,0,2,0,2,0,1,16,19,0,5,6,0,7,3,0,0,6,0,0,0,2,15,5,0,78,0,0,24,0,1,1,1,6,2,0,6,0,0,2,1,0,0,0,0,4,4,1,0,0,0,2,16,0,0,0,0,6,9,0,0,0,0,4,0,0,3,15,0,0,42,8,0,0,0,0,0,4,0,1,0,0,0,0,0,0,0,0,6,2,0,1,0,12,26,0,0
seatunnel-12fa644c2c86f24bb3b9f202ae68fdf2b5b50e4e,0,0,12,7,38,7,1,0,0,25,1,1,19,57,0,239,0,4,0,0,0,0,2,4,0,73,1,1,3,8,12,0,0,1,1,1,5,2,14,2,10,3,6,89,94,14,0,2,0,0,4,2,0,2,0,2,0,5,12,19,0,6,9,2,8,3,0,0,1,3,0,0,2,21,7,0,87,0,0,39,0,3,1,0,6,4,0,17,0,0,1,1,0,0,0,0,9,4,1,1,0,0,3,14,0,1,0,0,13,9,0,0,0,1,5,0,0,3,13,1,0,58,21,0,0,0,0,0,0,0,1,1,1,1,0,0,0,0,0,6,2,0,1,0,13,36,0,0
seatunnel-13028f4b1d4d035594b77d6d9aa742b4a911cd0d,0,0,1,0,0,0,0,0,0,3,0,0,8,18,0,16,0,0,0,0,1,0,2,0,0,4,1,0,1,0,4,0,0,0,0,0,0,0,1,3,3,0,0,26,11,5,0,0,0,0,2,8,0,0,0,0,2,0,1,0,0,0,2,0,0,0,0,0,0,0,0,0,3,11,1,0,6,0,0,2,0,0,1,0,0,0,0,1,1,0,0,0,0,0,0,0,0,0,0,0,0,0,2,7,0,0,0,1,2,2,0,0,0,0,5,1,0,1,5,0,0,45,8,0,0,0,0,0,0,0,0,0,0,0,0,0,0,0,0,2,1,0,1,0,0,4,0,0
seatunnel-131ebb42b6581ff762368b7808e00f03c21793ce,0,0,10,17,56,25,4,0,6,53,0,0,42,107,2,152,2,14,0,0,3,0,5,15,2,161,8,4,4,10,26,0,1,2,3,0,15,1,5,3,24,3,6,101,148,66,0,0,8,1,8,16,3,4,4,1,15,15,26,22,1,13,32,1,28,43,1,0,14,3,0,1,5,32,27,0,123,4,2,82,0,10,2,0,16,4,0,18,0,0,5,0,3,0,1,1,24,5,4,0,1,1,8,9,0,0,0,3,34,8,0,1,0,1,15,5,0,5,10,0,2,78,71,6,0,1,0,1,4,0,2,1,1,0,0,0,0,0,1,13,11,1,1,2,38,102,1,2
seatunnel-134e0b1aa554aa8856ed81857d00c80c7192325f,0,0,1,0,1,0,0,0,0,3,0,0,8,7,0,18,0,2,0,0,1,0,3,2,0,3,1,0,1,0,5,0,0,0,0,0,0,0,1,4,2,0,0,33,12,5,0,0,0,0,2,8,0,0,0,0,2,0,1,0,0,0,2,0,0,0,0,0,0,0,0,0,3,13,1,0,68,0,0,5,0,0,1,0,0,0,0,1,1,0,0,0,0,0,0,0,0,0,0,0,0,0,2,9,0,0,0,1,2,2,0,0,0,0,5,1,0,0,6,0,1,46,8,0,0,0,0,0,0,0,0,0,0,0,0,0,0,0,0,2,1,0,1,0,0,4,0,0
seatunnel-1351ee9e292a26b4deda065677c227b998156aae,0,0,3,1,2,1,0,0,0,4,0,0,6,6,0,60,0,3,0,0,0,0,0,3,0,5,0,0,1,4,5,0,0,0,0,0,0,0,1,2,3,0,1,37,12,5,0,2,0,0,3,0,0,1,0,1,0,0,4,2,0,1,0,0,1,2,0,0,0,3,0,0,2,13,1,0,68,0,0,8,0,0,1,0,0,0,0,0,1,0,0,1,0,0,0,0,0,1,0,0,0,0,0,7,0,0,0,0,2,3,0,0,0,0,5,0,0,0,4,0,0,15,6,0,0,0,0,0,0,0,0,0,0,0,0,0,0,0,0,4,0,0,1,0,0,6,0,0
seatunnel-13643149885db942a28999316136614400bd492a,0,0,8,16,64,26,4,3,6,55,0,1,44,117,2,148,2,20,0,1,3,0,5,21,2,142,9,4,4,10,27,0,1,3,3,0,15,1,7,3,25,2,6,106,140,65,2,0,9,1,7,16,4,4,4,3,15,17,28,24,1,11,33,1,31,43,1,3,20,3,0,1,5,25,26,0,129,4,2,77,0,10,3,0,14,4,2,18,0,0,5,0,3,1,1,1,24,7,3,0,1,1,8,9,0,0,0,4,35,8,0,1,0,1,15,6,0,6,9,0,2,79,86,7,0,1,0,1,4,0,2,2,1,0,1,6,0,0,1,11,13,0,1,2,42,106,1,0
seatunnel-13846f45d1334c94e185a95c9f7a0d0fe22b47bd,0,0,3,1,2,1,0,0,0,4,0,0,4,8,0,62,0,3,0,0,0,0,0,3,0,5,1,0,1,4,4,0,0,0,0,0,0,0,1,2,3,0,1,37,12,5,0,2,0,0,3,0,0,1,0,1,0,0,3,2,0,1,0,0,1,2,0,0,0,3,0,0,2,13,1,0,68,0,0,8,0,0,1,0,0,0,0,1,1,0,0,1,0,0,0,0,0,1,0,0,0,0,0,7,0,0,0,0,3,3,0,0,0,0,5,0,0,0,5,0,0,20,6,0,0,0,0,0,0,0,0,0,0,0,0,0,0,0,0,4,0,0,1,0,0,5,0,0
seatunnel-139256741ad0e86d4c097fab50378591bd1ad586,0,0,10,10,58,16,4,0,6,46,0,1,32,84,0,127,2,4,0,0,0,0,6,4,1,112,7,5,4,4,19,0,0,4,2,0,12,1,7,3,24,2,6,88,120,47,0,0,1,0,9,2,0,3,1,1,8,8,28,21,0,8,25,1,30,42,1,0,16,3,0,0,4,36,16,0,125,4,2,60,0,10,1,0,8,5,0,5,0,0,3,0,3,0,0,1,10,2,2,0,0,0,4,7,0,0,0,2,20,10,0,1,0,1,9,2,0,5,9,0,0,62,35,6,0,1,0,1,4,0,4,1,1,0,0,0,0,0,0,8,13,1,0,0,37,85,1,0
seatunnel-139a0aacd52811902677ffd4ab80be6e13d29108,0,0,3,1,2,1,0,0,0,4,0,0,4,8,0,64,0,3,0,0,0,0,0,3,0,5,1,0,1,4,4,0,0,0,0,0,0,0,1,2,3,0,1,37,12,5,0,2,0,0,3,0,0,1,0,1,0,0,3,2,0,1,0,0,1,2,0,0,0,3,0,0,2,13,1,0,68,0,0,8,0,0,1,0,0,0,0,2,1,0,0,1,0,0,0,0,0,1,0,0,0,0,0,7,0,0,0,0,3,3,0,0,0,0,5,0,0,0,5,0,0,20,6,0,0,0,0,0,0,0,0,0,0,0,0,0,0,0,0,4,0,0,1,0,0,5,0,0
seatunnel-13baee2765aee5b6f13071fbb7af4f3f34374d4e,0,0,14,8,54,12,3,0,6,40,1,1,29,72,0,292,0,4,0,0,0,2,3,4,0,105,2,3,6,8,18,0,0,5,2,1,8,1,9,5,18,5,11,116,108,27,0,2,0,0,4,2,0,3,0,2,3,10,17,26,0,10,24,1,27,44,0,0,11,3,0,0,2,38,11,0,105,2,2,56,0,5,2,0,11,4,0,5,0,0,1,1,3,0,0,0,12,4,2,0,0,0,4,2,0,1,0,2,16,10,0,1,0,1,8,2,0,5,7,0,1,63,33,6,0,0,0,0,4,0,2,1,1,1,0,0,0,0,0,11,4,1,1,0,23,45,1,0
seatunnel-13e64d44147acc648c00e6ab5de7def67586ae8d,0,0,10,15,57,25,4,1,6,54,0,0,44,112,2,152,2,21,0,0,3,0,6,22,2,160,9,4,4,10,28,0,1,2,3,0,15,1,5,3,25,2,6,101,150,65,0,0,9,1,8,16,3,4,4,3,16,16,27,26,1,13,33,1,27,43,1,3,14,3,0,1,5,33,28,0,131,4,2,81,0,10,2,0,17,4,2,18,0,0,5,0,3,0,1,1,24,5,4,0,1,1,7,9,0,0,0,3,35,8,0,1,0,1,15,5,0,4,10,0,3,75,73,6,0,1,0,1,4,0,2,1,1,0,0,6,0,0,1,13,11,1,1,2,42,106,1,2
seatunnel-1400f6b443cf6c1481a3187bd829d27179f6f73d,0,0,8,5,39,9,1,0,1,18,0,1,14,34,0,215,0,3,0,0,0,0,3,3,0,71,1,2,1,8,14,0,0,1,0,1,5,0,1,2,7,4,7,81,95,12,0,2,0,0,4,2,0,3,0,2,0,1,18,13,0,6,6,0,7,3,0,0,6,0,0,0,2,14,6,0,77,0,0,24,0,1,1,2,6,2,0,6,0,0,2,1,0,0,0,0,3,4,1,0,0,0,2,17,0,0,0,0,7,9,0,0,0,0,1,0,0,3,15,0,0,24,8,0,0,0,0,0,4,0,2,0,0,0,0,0,2,0,0,6,0,0,1,0,12,19,0,0
seatunnel-1401ede5252083f6c517cbc32c86825d445bc59e,0,0,5,5,0,0,0,0,4,3,0,0,13,28,0,17,0,4,0,0,1,0,2,8,1,4,1,0,4,0,2,1,0,0,0,0,1,0,2,2,5,1,0,20,11,11,0,0,0,0,13,13,0,0,0,0,10,0,1,1,0,0,5,0,0,4,0,0,0,0,0,0,4,5,4,4,8,0,0,2,1,0,2,0,0,0,0,1,1,6,1,0,0,0,0,0,152,0,0,0,0,0,2,6,0,0,0,0,7,5,1,0,0,0,5,1,4,1,1,0,2,51,39,0,0,0,0,1,0,1,0,0,7,0,0,0,0,0,0,2,2,0,0,0,0,4,0,2
seatunnel-14703feb8a320997a704e47d1994b510de9033e5,0,0,10,9,61,15,4,0,6,46,0,1,32,79,0,125,2,4,0,0,0,0,6,4,1,108,6,4,4,4,19,0,0,4,2,0,10,1,7,3,22,2,6,89,120,47,0,0,1,0,4,2,0,3,1,1,8,8,24,21,0,7,26,1,32,42,1,0,16,3,0,0,4,36,15,0,122,4,2,60,0,10,1,0,8,5,0,5,0,0,3,0,3,0,0,1,10,2,2,0,0,0,4,7,0,0,0,2,20,10,0,1,0,1,8,2,0,5,9,0,1,61,35,6,0,1,0,1,4,0,4,1,1,0,0,3,0,0,0,8,14,1,0,0,37,84,1,0
seatunnel-14d3b92a546fa150f3463550360b3b5f23164b91,0,0,8,6,54,11,1,0,6,20,0,1,15,36,0,229,0,3,0,0,0,0,3,3,0,91,1,4,1,8,16,0,0,1,1,1,5,0,1,2,10,5,7,89,108,13,0,2,0,0,5,2,0,3,0,2,1,1,17,15,0,8,7,0,12,3,0,0,9,0,0,0,2,15,8,1,77,0,0,31,0,1,1,1,10,2,0,6,0,0,2,1,0,0,0,0,3,4,1,0,0,0,2,17,0,0,0,0,7,9,0,0,0,0,1,2,0,3,15,1,0,26,10,1,1,0,0,0,4,0,2,0,0,0,0,0,0,0,0,6,0,0,1,0,16,26,0,0
seatunnel-14e4d2425d45f08e2e59dbee96aefd2f708b514c,0,0,5,1,3,1,0,0,0,5,0,0,5,9,0,76,0,3,0,0,0,0,1,3,0,8,1,1,1,4,5,0,0,0,0,0,0,0,1,2,4,0,0,37,12,5,0,2,0,0,3,0,0,1,0,1,0,1,3,3,0,1,0,0,1,2,0,0,0,3,0,0,2,13,1,0,69,0,0,9,0,0,1,0,0,0,0,2,0,0,0,1,0,0,0,0,0,1,1,0,0,0,0,7,0,0,0,0,5,3,0,0,0,0,1,0,0,0,5,0,0,20,6,0,0,0,0,0,0,0,0,0,0,0,0,0,0,1,0,4,0,0,1,0,0,5,0,0
seatunnel-14e6066119b2ad2bdcf2da20efe2eb5048f005ea,0,0,5,1,3,1,0,0,0,5,0,0,5,9,0,76,0,3,0,0,0,0,1,3,0,8,1,1,1,4,5,0,0,1,0,0,0,0,1,2,4,0,0,38,12,5,0,2,0,0,3,0,0,1,0,1,0,1,3,3,0,1,0,0,1,2,0,0,0,3,0,0,2,13,1,0,71,0,0,9,0,0,1,0,0,0,0,2,0,0,0,1,0,0,0,0,0,1,1,0,0,0,0,7,0,0,0,0,5,3,0,0,0,0,1,0,0,0,5,0,0,17,6,0,0,0,0,0,0,0,0,0,0,0,0,0,0,0,0,4,0,0,1,0,0,5,0,0
seatunnel-14f30f1927279e71fe4762fc675e328f160cb539,0,0,1,0,0,0,0,0,0,3,0,0,8,18,0,16,0,2,0,0,1,0,2,2,0,3,1,0,1,0,5,0,0,0,0,0,0,0,1,3,2,0,0,26,11,5,0,0,0,0,2,8,0,0,0,0,2,0,1,0,0,0,2,0,0,0,0,0,0,0,0,0,3,12,1,0,8,0,0,2,0,0,1,0,0,0,0,1,1,0,0,0,0,0,0,0,0,0,0,0,0,0,2,7,0,0,0,1,2,2,0,0,0,0,5,1,0,0,5,0,1,46,8,0,0,0,0,0,0,0,0,0,0,0,0,0,0,0,0,2,1,0,1,0,0,4,0,0
seatunnel-15377583d6fc91c833022f455a89485e6a2ded55,0,0,1,0,1,0,0,0,0,4,0,0,7,4,0,25,0,3,0,0,1,0,0,3,0,4,0,0,1,4,5,0,0,6,0,0,0,0,1,2,2,0,0,25,12,2,0,2,1,0,2,8,0,1,0,0,2,0,3,2,0,1,1,0,0,1,0,0,0,3,0,0,2,14,1,0,67,0,0,6,0,0,1,0,0,0,0,0,1,0,0,1,0,0,0,0,1,0,0,0,0,0,2,5,0,0,0,1,2,2,0,0,0,0,5,0,0,0,3,0,1,12,12,0,0,0,0,0,0,0,0,0,0,0,0,0,0,0,0,1,0,0,1,0,0,4,0,0
seatunnel-15530d2785ff98e8560951f59876104e7d6f321c,0,0,10,15,56,25,4,1,6,55,0,0,45,112,2,152,2,21,0,1,3,0,6,22,2,161,9,4,4,10,28,0,1,2,3,0,15,1,5,3,25,2,6,101,150,65,0,0,9,1,8,16,3,4,4,3,16,17,26,26,1,13,33,1,27,43,1,3,14,3,0,1,5,33,28,0,131,4,2,81,0,10,2,0,17,4,2,18,0,0,5,0,3,0,1,1,26,5,4,0,1,1,7,9,0,0,0,3,36,8,0,1,0,1,15,5,0,4,10,0,3,75,73,6,0,1,0,1,4,0,2,1,1,0,0,6,0,0,1,13,11,1,1,2,43,106,1,2
seatunnel-155e1e8e52723d0c600f9f3057e2b8929c825204,0,0,8,9,62,15,3,0,6,47,0,1,27,77,0,125,2,4,0,0,0,1,5,4,1,107,3,4,4,4,18,0,0,4,2,0,9,1,7,3,20,2,6,88,120,38,0,0,1,0,4,2,0,3,1,1,7,9,25,21,0,6,24,1,32,42,1,0,14,3,0,0,4,32,14,0,121,3,2,59,0,4,1,0,8,4,0,5,0,0,3,0,3,0,0,1,11,2,1,0,0,0,4,7,0,0,0,2,19,10,0,1,0,1,8,2,0,5,5,0,1,61,32,6,0,0,0,1,4,0,5,1,1,0,0,3,0,0,0,7,8,1,0,0,35,70,1,0
seatunnel-15636bdea1580196118b942d2d3587e0262d2b8f,0,0,12,7,38,7,1,0,0,25,1,1,20,57,0,243,0,4,0,0,0,0,2,4,0,72,1,1,3,8,12,0,0,1,1,1,5,2,14,2,12,3,6,87,94,14,0,2,0,0,4,2,0,2,0,2,0,5,12,19,0,6,9,2,8,44,0,0,1,3,0,0,2,21,7,0,85,0,0,39,0,3,1,0,6,4,0,17,0,0,1,1,0,0,0,0,9,4,1,1,0,0,3,14,0,1,0,0,13,9,0,0,0,1,5,0,0,3,13,1,0,58,21,0,0,0,0,0,0,0,1,1,1,1,0,0,0,0,0,6,2,0,1,0,13,36,0,0
seatunnel-159eb8423c99f21f951abe1a37753bafa206c4dc,0,0,1,0,1,0,0,0,0,3,0,0,8,7,0,22,0,2,0,0,1,0,3,2,0,3,1,0,1,0,6,0,0,0,0,0,0,0,1,3,2,0,0,33,12,2,0,2,2,0,2,8,0,0,0,0,2,0,2,2,0,0,1,0,0,0,0,0,0,0,0,0,2,13,0,0,72,0,0,5,0,0,1,0,0,0,0,1,1,0,0,1,0,0,0,0,1,0,0,0,0,0,2,9,0,0,0,1,2,2,0,0,0,0,5,1,0,0,6,0,1,36,9,0,0,0,0,0,0,0,0,0,0,0,0,0,0,0,0,1,1,0,1,0,0,4,0,0
seatunnel-15e889052a4564bcc2daa6e6ea2dca9b8a4872d0,0,0,1,0,1,0,0,0,0,3,0,0,8,7,0,25,0,3,0,0,1,0,1,3,0,3,1,0,1,0,4,0,0,6,0,0,0,0,1,3,2,0,0,26,8,2,0,2,2,0,2,8,0,0,0,0,2,0,4,2,0,0,1,0,0,0,0,0,0,0,0,0,2,14,0,0,72,0,0,6,0,0,1,0,0,0,0,1,1,0,0,1,0,0,0,0,0,0,0,0,0,0,2,4,0,0,0,1,2,2,0,0,0,0,5,0,0,0,3,0,1,12,12,0,0,0,0,0,0,0,0,0,0,0,0,0,0,0,0,1,0,0,1,0,0,4,0,0
seatunnel-15f41bff082aaf547b2dceec3718e08c832fe7c8,0,0,5,1,2,1,0,0,0,5,0,0,5,9,0,67,0,3,0,0,0,0,1,3,0,6,1,1,1,4,5,0,0,0,0,0,0,0,1,2,3,0,0,37,12,5,0,2,0,0,3,0,0,1,0,1,0,1,3,3,0,1,0,0,1,2,0,0,0,3,0,0,2,13,1,0,68,0,0,9,0,0,1,0,0,0,0,2,0,0,0,1,0,0,0,0,0,1,1,0,0,0,0,7,0,0,0,0,5,3,0,0,0,0,6,0,0,0,5,0,0,20,6,0,0,0,0,0,0,0,0,0,0,0,0,0,0,0,0,4,0,0,1,0,0,5,0,0
seatunnel-1636afad078d012342ad5ed729356cf27d58ebd2,0,0,8,11,54,23,4,0,6,53,0,0,37,93,0,151,2,4,0,0,0,0,7,5,1,149,8,5,4,10,20,0,0,2,3,0,16,1,6,3,23,3,6,96,148,59,0,0,2,0,7,4,0,3,1,1,12,15,27,23,0,15,28,1,25,42,1,0,16,3,0,0,4,34,26,0,119,3,2,72,0,10,1,0,12,5,0,5,0,0,5,0,3,0,3,1,15,5,2,0,3,0,5,9,0,0,0,2,31,8,0,1,0,1,9,2,0,5,11,0,1,73,42,6,0,1,0,1,4,0,2,1,1,0,0,0,0,0,1,13,14,1,0,1,38,102,1,0
seatunnel-1648132615f534f7534d868c6e818cdb88404055,0,0,1,0,1,0,0,0,0,3,0,0,8,7,0,18,0,2,0,0,1,0,3,2,0,3,1,0,1,0,6,0,0,0,0,0,0,0,1,4,2,0,0,33,12,5,0,0,0,0,2,8,0,0,0,0,2,0,1,0,0,0,1,0,0,0,0,0,0,0,0,0,3,13,0,0,70,0,0,5,0,0,1,0,0,0,0,1,1,0,0,0,0,0,0,0,0,0,0,0,0,0,2,9,0,0,0,1,2,2,0,0,0,0,5,1,0,0,6,0,1,43,8,0,0,0,0,0,0,0,0,0,0,0,0,0,0,0,0,1,1,0,1,0,0,4,0,0
seatunnel-16639d7c60cc67495ee3d24243676f05254fe75c,0,0,8,5,35,9,1,0,0,18,1,1,14,34,0,215,0,3,0,0,0,0,3,3,0,66,1,1,1,8,14,0,0,1,0,1,5,0,1,2,6,4,6,76,95,11,0,2,0,0,4,2,0,2,0,2,0,1,16,19,0,5,6,0,7,3,0,0,6,0,0,0,2,14,5,0,78,0,0,24,0,1,1,1,6,2,0,6,0,0,2,1,0,0,0,0,4,4,1,0,0,0,2,17,0,0,0,0,6,9,0,0,0,0,1,0,0,3,15,0,0,24,8,0,0,0,0,0,4,0,1,0,0,0,0,0,0,0,0,6,2,0,1,0,12,21,0,0
seatunnel-1673dcebb5d31a721cbe47fd1f4c8af7e9de6de2,0,0,6,3,20,4,1,0,0,5,0,1,13,17,0,128,0,3,0,0,0,0,0,3,0,49,0,1,1,8,10,0,0,0,0,0,4,0,1,2,5,2,6,69,107,11,0,2,0,0,4,2,0,2,0,3,0,0,9,11,0,2,2,0,6,4,0,0,0,0,0,0,2,14,2,0,88,0,0,19,0,1,1,3,0,0,0,3,1,0,2,1,0,0,0,0,2,4,0,0,0,0,0,10,0,0,0,0,2,9,0,0,0,0,1,0,0,0,6,0,0,21,6,0,0,0,0,0,0,0,0,0,0,0,0,0,0,1,0,5,0,0,1,0,5,16,0,0
seatunnel-167e62c3b38a4bb8b72351b81bf0e947894af4ab,0,0,5,1,2,1,0,0,0,5,0,0,5,9,0,68,0,3,0,0,0,0,1,3,0,7,1,1,1,4,5,0,0,0,0,0,0,0,1,2,3,0,0,37,12,5,0,2,0,0,3,0,0,1,0,1,0,1,3,3,0,1,0,0,1,2,0,0,0,3,0,0,2,13,1,0,68,0,0,9,0,0,1,0,0,0,0,2,0,0,0,1,0,0,0,0,0,1,1,0,0,0,0,7,0,0,0,0,5,3,0,0,0,0,6,0,0,0,5,0,0,20,6,0,0,0,0,0,0,0,0,0,0,0,0,0,0,0,0,4,0,0,1,0,0,5,0,0
seatunnel-169a89828abb5b5bdd4383ff9cb5786d0067be5d,0,0,8,16,62,26,4,2,6,55,0,1,44,117,2,148,2,20,0,1,3,0,5,21,2,142,9,4,4,10,30,0,1,3,3,0,15,1,8,3,25,2,6,106,140,65,2,0,9,1,7,16,4,4,4,3,15,17,28,24,1,10,33,1,31,43,1,3,20,3,0,1,5,25,25,0,129,4,2,77,0,10,3,0,14,4,2,18,0,0,5,0,3,1,1,1,24,7,3,0,1,1,8,9,0,0,0,4,35,8,0,1,0,1,15,6,0,6,9,0,2,79,84,7,0,1,0,1,4,0,2,2,1,0,1,6,0,0,1,11,13,1,1,2,42,106,1,0
seatunnel-16cabe6a35d60a12535a43736d9c52fa878e9cbe,0,0,12,6,46,12,2,0,0,24,1,1,14,48,0,281,0,3,0,0,0,0,4,3,0,73,1,1,3,8,15,0,0,1,0,1,5,2,4,2,9,4,7,91,95,12,0,2,0,0,4,2,0,2,0,2,0,1,22,19,0,6,8,0,8,3,0,0,5,0,2,0,2,21,7,0,80,0,0,35,0,3,1,1,6,3,0,15,0,1,2,1,0,0,0,0,7,4,1,1,0,0,2,18,0,0,0,0,11,9,0,0,0,0,5,0,0,3,20,0,0,42,18,0,0,0,0,0,4,0,1,1,0,1,0,2,0,0,0,6,2,0,1,0,12,33,0,0
seatunnel-16e0994605e7faba182ab225b21604f5b2e8bbb9,0,0,12,7,51,11,2,0,0,25,1,1,15,50,0,303,0,3,0,0,0,0,5,3,0,74,1,1,3,8,17,0,0,1,0,1,5,2,11,2,11,4,7,93,95,13,0,2,0,0,4,2,0,2,0,2,0,2,24,19,0,7,8,0,8,3,0,0,3,0,2,0,2,21,9,0,89,0,0,40,0,3,1,1,6,3,0,15,0,1,2,1,0,0,0,0,8,4,1,1,0,0,2,20,0,1,0,0,12,9,0,0,0,0,6,0,0,3,22,1,0,42,18,0,0,0,0,0,4,0,1,1,0,1,0,2,0,0,0,6,2,0,1,0,13,34,0,0
seatunnel-16e39a506b61ca2bf3c0ec53fb77beed43133a7f,0,0,10,10,58,16,4,0,6,46,0,1,32,86,0,127,2,4,0,0,0,0,6,5,1,112,7,5,4,6,19,0,0,2,2,0,12,1,7,3,24,2,6,88,120,47,0,0,1,0,9,2,0,6,1,1,8,8,28,21,0,8,26,1,23,42,1,0,16,3,0,0,4,36,16,0,125,3,2,60,0,10,1,0,8,5,0,5,0,0,3,0,3,0,0,1,10,3,2,0,0,0,4,7,0,0,0,2,20,10,0,1,0,1,9,2,0,5,9,0,0,62,35,6,0,1,0,1,4,0,4,1,1,0,0,0,0,0,0,8,12,1,0,0,37,85,1,0
seatunnel-175b7b57fa4749c22575e96f325bc21d5dc19b46,0,0,1,0,1,0,0,0,0,3,0,0,6,7,0,22,0,2,0,0,1,0,3,2,0,3,1,0,1,0,6,0,0,6,0,0,0,0,1,3,2,0,0,33,8,2,0,2,2,0,2,8,0,0,0,0,2,0,2,2,0,0,1,0,0,0,0,0,0,0,0,0,2,13,0,0,72,0,0,6,0,0,1,0,0,0,0,1,1,0,0,1,0,0,0,0,1,0,0,0,0,0,2,9,0,0,0,1,2,2,0,0,0,0,5,1,0,0,6,0,1,12,12,0,0,0,0,0,0,0,0,0,0,0,0,0,0,0,0,1,0,0,1,0,0,4,0,0
seatunnel-17692bbe840e5bc16126fe59e70595dbff264768,0,0,21,5,0,0,0,0,4,0,0,6,13,22,0,6,0,4,186,0,6,0,2,8,1,4,1,0,4,9,2,1,1,0,0,0,1,0,2,2,5,0,0,16,11,10,0,0,0,0,14,13,1,0,0,0,10,0,1,1,0,0,6,0,0,4,0,0,0,0,0,0,4,5,2,3,8,0,0,3,1,0,1,0,0,0,0,0,1,6,1,0,0,0,0,0,147,0,0,0,0,0,2,5,1,0,3,0,2,5,1,0,0,0,5,1,4,0,1,0,8,52,43,0,0,0,1,1,0,1,0,0,7,0,0,0,0,0,0,1,2,0,0,0,0,4,0,2
seatunnel-176e4ac753ce9803f1c634593a6f7bb827ce775a,0,0,8,5,66,10,3,0,6,23,0,1,17,37,0,239,1,3,0,0,0,0,3,3,0,94,2,2,1,8,18,0,0,1,1,1,5,0,2,2,9,5,8,88,108,16,0,2,0,0,4,2,0,4,0,2,1,1,17,13,0,9,9,0,13,3,0,0,18,0,0,0,2,15,9,0,77,0,0,30,0,1,1,2,10,2,0,6,0,0,2,1,0,0,0,0,4,4,1,0,0,0,2,17,0,0,0,0,7,9,0,1,0,0,1,2,0,3,15,0,0,27,10,0,1,0,0,0,4,0,2,0,0,0,0,0,0,0,0,6,0,1,1,0,19,26,0,0
seatunnel-17720b5d2941043140f28de8eeb0795da88676d7,0,0,10,15,55,25,4,1,6,55,0,0,45,112,2,152,2,21,0,1,3,0,6,22,2,161,9,4,4,10,28,0,1,2,3,0,15,1,5,3,25,2,6,101,150,65,0,0,9,1,8,16,3,4,4,3,16,17,26,26,1,13,33,1,27,43,1,3,14,3,0,1,5,33,28,0,131,4,2,81,0,10,2,0,17,4,2,18,0,0,5,0,3,0,1,1,26,5,4,0,1,1,7,9,0,0,0,3,36,8,0,1,0,1,15,5,0,4,10,0,3,75,73,6,0,1,0,1,4,0,2,1,1,0,0,6,0,0,1,13,11,1,1,2,43,106,1,2
seatunnel-17bc5adcefb9331158fef9a52bffa066c256c692,0,0,14,8,59,14,3,0,6,42,1,1,31,76,0,292,0,4,0,0,0,2,4,4,0,110,2,3,6,8,18,0,0,5,2,1,8,1,6,5,19,5,11,121,124,28,0,2,0,0,4,2,0,3,0,2,5,10,18,26,0,9,24,1,29,44,1,0,11,3,0,0,4,36,16,0,105,2,2,65,0,5,2,0,11,4,0,5,0,0,3,1,3,0,0,1,12,4,2,0,0,0,3,4,0,1,0,2,16,10,0,1,0,1,8,2,0,5,7,0,1,62,33,6,0,0,0,0,4,0,2,1,1,1,0,0,0,0,0,11,5,1,1,0,33,62,1,0
seatunnel-1807eb6c9587f5342583c885a3a22d2e4d987d40,0,0,8,9,62,15,3,0,6,47,0,1,26,77,0,149,0,4,0,0,0,2,5,4,0,107,3,4,4,4,18,0,0,4,2,1,10,1,7,3,20,3,6,87,120,36,0,0,1,0,4,2,0,2,1,1,7,9,23,24,0,6,24,1,29,42,1,0,14,3,0,0,4,32,14,0,121,3,2,58,0,4,1,0,8,4,0,5,0,0,3,0,3,0,0,1,11,2,1,0,0,0,4,7,0,0,0,2,18,10,0,1,0,1,8,2,0,5,5,0,1,61,32,6,0,0,0,1,4,0,5,1,1,0,0,3,0,0,0,7,8,1,0,0,35,70,1,0
seatunnel-1829ddc6627b1e8a6fd3ff422805ca3b287ecb67,0,0,8,6,45,11,1,0,0,24,1,1,14,45,0,275,0,3,0,0,0,0,4,3,0,72,1,1,2,8,14,0,0,1,0,1,5,2,3,2,9,4,6,90,95,10,0,2,0,0,4,2,0,2,0,2,0,1,18,19,0,5,6,0,8,3,0,0,4,0,0,0,2,16,5,0,80,0,0,32,0,1,1,1,6,3,0,15,0,0,2,1,0,0,0,0,5,4,1,0,0,0,2,16,0,0,0,0,6,9,0,0,0,0,5,0,0,3,17,0,0,41,14,0,0,0,0,0,4,0,1,1,0,0,0,0,0,0,0,6,2,0,1,0,12,28,0,0
seatunnel-183274f60e6edcb1fa9b80cb1437ef1c8063ff2f,0,0,8,5,38,11,1,0,0,18,1,1,14,38,0,224,0,3,0,0,0,0,3,3,0,67,1,1,1,8,14,0,0,1,0,1,5,1,1,2,8,4,6,76,95,10,0,2,0,0,4,2,0,2,0,2,0,1,16,19,0,5,6,0,7,3,0,0,6,0,0,0,2,15,5,0,78,0,0,24,0,1,1,1,6,2,0,6,0,0,2,1,0,0,0,0,4,4,1,0,0,0,2,16,0,0,0,0,6,9,0,0,0,0,4,0,0,3,15,0,0,42,8,0,0,0,0,0,4,0,1,0,0,0,0,0,0,0,0,6,2,0,1,0,12,26,0,0
seatunnel-18385c17e7812d4bde1e0791b835c54e752ef301,0,0,8,9,62,15,3,0,6,47,0,1,26,78,0,177,0,4,0,0,0,2,5,4,0,107,3,4,4,4,17,0,0,4,2,1,10,1,7,3,20,3,6,87,120,35,0,0,1,0,4,2,0,2,1,1,7,9,23,23,0,6,24,1,29,42,1,0,14,3,0,0,4,32,14,0,121,3,2,58,0,4,1,0,8,4,0,5,0,0,3,0,3,0,0,1,11,2,1,0,0,0,4,7,0,0,0,2,18,10,0,1,0,1,8,2,0,5,5,0,1,62,30,6,0,0,0,1,4,0,2,1,1,0,0,3,0,0,0,7,8,1,0,0,35,70,1,0
seatunnel-183bac02f0c57401d74ee3da604c3b9bf68cf827,0,0,12,7,52,12,3,0,6,33,1,1,29,65,0,273,0,4,0,0,0,0,2,4,0,106,2,3,6,8,18,0,0,5,2,0,6,0,18,5,15,5,11,114,108,23,0,2,0,0,4,2,0,3,0,2,2,5,17,24,0,10,24,1,25,44,0,0,11,3,0,0,2,26,11,0,104,2,2,52,0,5,2,0,11,4,0,5,0,0,1,1,3,0,0,0,13,4,2,0,0,0,3,1,0,1,0,2,11,9,0,1,0,1,8,2,0,5,6,0,1,61,32,6,0,0,0,0,4,0,2,1,1,1,0,0,0,0,0,11,4,1,1,0,23,41,1,0
seatunnel-1844a7a175066f1a7fb5052a622c791968dc1844,0,0,4,1,9,1,0,0,0,4,0,0,10,10,0,76,0,3,0,0,0,0,0,3,0,37,0,0,1,4,6,0,0,2,0,0,1,0,2,2,5,1,2,57,98,7,0,2,0,0,4,0,0,1,0,3,0,0,4,5,0,4,0,0,1,4,0,0,0,0,0,0,3,13,4,0,68,0,0,12,0,0,1,2,0,0,0,1,1,0,1,1,0,0,0,0,1,4,0,0,0,0,0,7,0,0,0,0,2,3,0,0,0,0,6,0,0,1,4,0,0,18,5,0,0,0,0,0,0,0,0,0,0,0,0,0,0,0,0,4,0,0,1,0,2,9,0,0
seatunnel-185621ae9314971a9f55f7b36444b115b88c2570,0,0,12,7,51,12,3,0,6,31,1,1,28,61,0,268,0,3,0,0,0,0,2,3,0,103,2,3,6,8,18,0,0,5,2,0,6,0,17,2,15,5,11,112,109,21,0,2,0,0,4,2,0,3,0,2,2,5,14,23,0,11,18,1,23,44,0,0,12,3,0,0,2,26,12,0,104,2,2,50,0,5,2,0,10,4,0,5,0,0,1,1,3,0,0,0,12,4,2,0,0,0,3,1,0,1,0,0,13,9,0,1,0,1,8,2,0,5,6,0,1,57,28,6,0,0,0,0,4,0,2,1,1,1,0,0,0,0,0,9,4,1,1,0,21,41,0,0
seatunnel-1861c0b5cd772f9f0f93d5140d80e70f2fbdc34b,0,0,1,0,0,0,0,0,0,3,0,0,8,18,0,15,0,0,0,0,1,0,2,0,0,4,1,0,1,0,4,0,0,0,0,0,0,0,1,3,3,0,0,24,11,5,0,0,0,0,2,8,0,0,0,0,2,0,1,0,0,0,2,0,0,0,0,0,0,0,0,0,3,7,1,0,6,0,0,1,0,0,1,0,0,0,0,1,1,0,0,0,0,0,0,0,0,0,0,0,0,0,2,7,0,0,0,1,2,2,0,0,0,0,5,1,0,1,5,0,0,45,8,0,0,0,0,0,0,0,0,0,0,0,0,0,0,0,0,2,1,0,1,0,0,4,0,0
seatunnel-187624f0c0c90f40c49e41ab4f350051e63df210,0,0,14,8,54,12,3,0,6,40,1,1,31,74,0,299,0,4,0,0,0,2,4,4,0,108,2,3,6,8,18,0,0,5,2,1,8,1,6,5,19,5,11,117,122,27,0,2,0,0,4,2,0,3,0,2,3,10,18,26,0,10,24,1,29,44,1,0,11,3,0,0,3,38,11,0,105,2,2,61,0,5,2,0,11,4,0,5,0,0,1,1,3,0,0,1,12,5,2,0,0,0,3,2,0,1,0,2,16,10,0,1,0,1,8,2,0,5,7,0,1,62,32,6,0,0,0,0,4,0,2,1,1,1,0,0,0,0,0,11,4,1,1,0,31,47,1,0
seatunnel-18b14c8ae731cad23589c51a2432abb7326c37a2,0,0,5,5,0,0,0,0,4,0,0,0,13,25,0,7,0,4,0,0,1,0,2,8,1,4,1,0,4,0,3,1,0,0,0,0,1,0,2,2,5,0,0,17,11,10,0,0,0,0,13,13,0,0,0,0,10,0,1,1,0,0,5,0,0,4,0,0,0,0,0,0,4,5,4,4,8,0,0,3,1,0,1,0,0,0,0,0,1,6,1,0,0,0,0,0,147,0,0,0,0,0,2,6,0,0,0,0,7,5,1,0,0,0,5,1,4,0,1,0,2,48,38,0,0,0,0,1,0,1,0,0,7,0,0,0,0,0,0,1,2,0,0,0,0,4,0,2
seatunnel-192d90415401bc75e2d996e126636bcb635aca4e,0,0,10,14,55,23,4,0,6,54,0,0,34,96,0,147,2,4,0,0,0,0,8,5,1,120,8,5,4,10,19,0,0,2,3,0,16,1,6,3,23,2,6,96,144,54,0,0,1,0,7,4,0,3,1,1,13,15,28,22,0,13,28,1,26,42,1,0,16,3,0,0,3,34,21,0,119,3,2,71,0,10,1,0,12,5,0,5,0,0,5,0,3,0,3,1,16,4,3,0,3,0,5,8,0,0,0,2,31,8,0,1,0,1,9,2,0,5,10,0,0,72,44,6,0,1,0,1,4,0,4,1,1,0,0,0,0,0,1,13,11,1,0,1,38,96,1,2
seatunnel-1935d712456319bee07d7f18c6e7d9e0262c601e,0,0,3,1,4,1,0,0,0,4,0,0,6,8,0,69,0,4,0,0,0,0,0,4,0,9,0,0,1,4,5,0,0,0,0,0,1,0,1,2,3,1,1,38,26,5,0,2,0,0,3,0,0,1,0,1,0,0,4,9,0,1,0,0,1,2,0,0,0,3,0,0,2,13,1,0,69,0,0,9,0,0,1,2,0,0,0,1,1,0,0,1,0,0,0,0,0,3,0,0,0,0,0,7,0,0,0,0,2,3,0,0,0,0,5,0,0,0,4,0,0,31,6,0,0,0,0,0,0,0,0,0,0,0,0,0,0,0,0,4,0,0,1,0,0,7,0,0
seatunnel-1943af4494d1fce8b01dc9be8c286c8e3463e526,0,0,1,0,1,0,0,0,0,3,0,0,8,4,0,25,0,3,0,0,1,0,1,3,0,3,0,0,1,0,5,0,0,6,0,0,0,0,1,2,2,0,0,25,8,2,0,2,1,0,2,8,0,0,0,0,2,0,5,2,0,0,1,0,0,0,0,0,0,0,0,0,2,14,0,0,72,0,0,6,0,0,1,0,0,0,0,0,1,0,0,1,0,0,0,0,0,0,0,0,0,0,2,4,0,0,0,1,2,2,0,0,0,0,5,0,0,0,2,0,1,12,12,0,0,0,0,0,0,0,0,0,0,0,0,0,0,0,0,1,0,0,1,0,0,4,0,0
seatunnel-19523fe8e919443a5c1582978976fdc7da234d5c,0,0,8,5,53,10,1,0,5,20,0,1,15,36,0,219,0,3,0,0,0,0,3,3,0,81,1,7,1,8,16,0,0,1,1,1,6,0,1,2,10,5,8,87,106,13,0,2,0,0,4,2,0,3,0,2,1,1,20,14,0,9,8,0,9,3,0,0,8,0,0,0,2,14,9,0,77,0,0,29,0,1,1,1,9,2,0,6,0,0,2,1,0,0,0,0,5,4,1,0,0,0,2,17,0,0,0,0,7,9,0,0,0,0,1,2,0,3,15,0,0,25,9,3,1,0,0,0,4,0,2,0,0,0,0,0,0,0,0,6,0,0,1,0,15,19,0,0
seatunnel-195dee31b08c95a771152d8a446992c800292be6,0,0,10,14,54,25,4,0,6,53,0,0,39,97,0,152,2,9,0,0,2,0,8,10,2,163,9,5,4,10,21,0,0,2,3,0,17,1,5,3,24,3,6,100,148,64,0,0,8,0,8,4,0,3,1,1,13,15,29,23,0,14,29,1,27,42,1,0,15,3,0,0,5,34,27,0,122,3,2,77,0,10,1,0,16,5,0,5,0,0,5,0,3,0,3,1,16,5,4,0,3,0,7,9,0,0,0,3,31,8,0,1,0,1,14,2,0,5,13,0,1,73,48,6,0,1,0,1,4,0,2,1,1,0,0,0,0,0,1,13,11,1,0,2,38,102,1,2
seatunnel-19792e6091426c245c3196bb90634997189b79d7,0,0,8,16,57,25,4,1,6,55,0,1,44,114,2,149,2,20,0,1,3,0,6,21,2,142,9,4,4,10,29,0,1,3,3,0,15,1,8,3,25,2,6,101,140,64,2,0,9,1,7,16,3,4,4,3,15,17,26,24,1,11,33,1,31,43,1,3,17,3,0,1,5,33,26,0,127,4,2,72,0,10,2,0,14,4,2,18,0,0,5,0,3,0,1,1,24,7,3,0,1,1,8,9,0,0,0,3,35,8,0,1,0,1,15,5,0,6,9,0,2,79,76,7,0,1,0,1,4,0,2,2,1,0,0,6,0,0,1,11,11,1,1,2,42,107,1,0
seatunnel-19867ee6ad8139f0529ac7a49b782aab7f58ee56,0,0,8,2,27,7,1,0,0,18,0,1,13,25,0,180,0,3,0,0,0,0,1,3,0,65,1,1,1,8,11,0,0,1,0,0,5,0,1,2,5,4,6,62,95,11,0,2,0,0,4,2,0,2,0,4,0,1,11,13,0,6,2,0,8,3,0,0,2,0,0,0,2,14,6,0,92,0,0,20,0,1,1,1,0,2,0,6,0,0,2,1,0,0,0,0,2,4,1,0,0,0,0,14,0,0,0,0,5,9,0,0,0,0,1,0,0,3,12,0,0,22,8,0,0,0,0,0,0,0,1,0,0,0,0,0,0,0,0,7,0,0,1,0,10,19,0,0
seatunnel-19c0d134579367de2d955ca4a2fd1f53e37da9a8,0,0,5,5,0,0,0,0,4,3,0,0,13,28,0,17,0,4,0,0,1,0,2,8,1,4,1,0,4,0,2,1,0,0,0,0,1,0,2,2,5,1,0,20,11,11,0,0,0,0,13,13,0,0,0,0,10,0,1,1,0,0,5,0,0,4,0,0,0,0,0,0,4,5,4,4,8,0,0,2,1,0,2,0,0,0,0,1,1,6,1,0,0,0,0,0,152,0,0,0,0,0,2,6,0,0,0,0,7,5,1,0,0,0,5,1,4,1,1,0,2,51,39,0,0,0,0,1,0,1,0,0,7,0,0,0,0,0,0,2,2,0,0,0,0,4,0,2
seatunnel-19d8c442fcf6894780d202ca5220bd1dbe77fd27,0,0,8,5,35,9,1,0,0,18,1,1,14,34,0,215,0,3,0,0,0,0,3,3,0,66,1,1,1,8,14,0,0,1,0,1,5,0,1,2,6,4,6,76,95,11,0,2,0,0,4,2,0,2,0,2,0,1,16,19,0,5,6,0,7,3,0,0,6,0,0,0,2,14,5,0,78,0,0,24,0,1,1,1,6,2,0,6,0,0,2,1,0,0,0,0,4,4,1,0,0,0,2,17,0,0,0,0,6,9,0,0,0,0,1,0,0,3,15,0,0,24,8,0,0,0,0,0,4,0,1,0,0,0,0,0,0,0,0,6,2,0,1,0,12,21,0,0
seatunnel-19e4f7d126326db856fe4114b630ca204085586e,0,0,21,5,0,0,0,0,4,0,0,6,13,21,0,6,0,4,186,0,6,0,1,8,1,5,0,0,4,9,2,1,1,0,0,0,1,0,2,2,8,0,0,17,11,12,0,0,0,0,14,13,1,0,0,0,10,0,1,0,0,0,6,0,0,4,0,0,0,0,0,0,3,5,2,3,8,0,0,26,1,0,1,0,0,0,0,0,1,6,1,0,0,0,0,0,146,0,0,0,0,0,2,0,1,0,3,0,2,5,1,0,0,0,5,1,4,0,1,0,8,64,43,0,0,0,1,1,0,1,0,0,7,0,0,0,0,0,0,1,2,0,0,0,0,4,0,2
seatunnel-1a368dc04469b7c95366539b0b143304684735e6,0,0,3,1,2,1,0,0,0,4,0,0,4,7,0,60,0,3,0,0,0,0,0,3,0,5,1,0,1,4,4,0,0,0,0,0,0,0,1,2,3,0,1,37,12,5,0,2,0,0,3,0,0,1,0,1,0,0,2,2,0,1,0,0,1,2,0,0,0,3,0,0,2,13,1,0,68,0,0,8,0,0,1,0,0,0,0,0,1,0,0,1,0,0,0,0,0,1,0,0,0,0,0,7,0,0,0,0,2,3,0,0,0,0,5,0,0,0,5,0,0,15,6,0,0,0,0,0,0,0,0,0,0,0,0,0,0,0,0,4,0,0,1,0,0,5,0,0
seatunnel-1a44d3d01862898807aaa486f96faf2e294b2919,0,0,12,7,51,12,3,0,6,31,1,1,28,61,0,268,0,3,0,0,0,0,2,3,0,103,2,3,6,8,18,0,0,5,2,0,6,0,17,2,15,5,10,112,109,21,0,2,0,0,4,2,0,3,0,2,2,5,14,23,0,11,18,1,23,44,0,0,12,3,0,0,2,26,12,0,104,2,2,50,0,5,2,0,10,4,0,5,0,0,1,1,3,0,0,0,12,4,2,0,0,0,3,1,0,1,0,0,13,9,0,1,0,1,8,2,0,4,6,0,1,57,27,6,0,0,0,0,4,0,2,1,1,1,0,0,0,0,0,9,4,1,1,0,21,41,0,0
seatunnel-1a92b8369b500271de34a3d7419a2d045e04ce14,0,0,12,7,38,7,1,0,0,25,1,1,20,57,0,243,0,4,0,0,0,0,2,4,0,72,1,1,3,8,12,0,0,1,1,1,5,2,14,2,12,3,6,87,94,14,0,2,0,0,4,2,0,2,0,2,0,5,12,19,0,6,9,2,8,44,0,0,1,3,0,0,2,21,7,0,85,0,0,39,0,3,1,0,6,4,0,17,0,0,1,1,0,0,0,0,9,4,1,1,0,0,3,14,0,1,0,0,13,9,0,0,0,1,5,0,0,3,13,1,0,58,21,0,0,0,0,0,0,0,1,1,1,1,0,0,0,0,0,6,2,0,1,0,13,36,0,0
seatunnel-1addc28f42ca10a933df5b33328c948a9e4aeba9,0,0,1,0,1,0,0,0,0,3,0,0,8,7,0,18,0,2,0,0,1,0,3,2,0,3,1,0,1,0,6,0,0,0,0,0,0,0,1,4,2,0,0,33,12,5,0,0,0,0,2,8,0,0,0,0,2,0,1,0,0,0,1,0,0,0,0,0,0,0,0,0,3,13,0,0,70,0,0,5,0,0,1,0,0,0,0,1,1,0,0,0,0,0,0,0,0,0,0,0,0,0,2,9,0,0,0,1,2,2,0,0,0,0,5,1,0,0,6,0,1,43,8,0,0,0,0,0,0,0,0,0,0,0,0,0,0,0,0,1,1,0,1,0,0,4,0,0
seatunnel-1af7d38a75f4cd9e331701cf6144008008c0fc3f,0,0,1,0,1,0,0,0,0,3,0,0,8,7,0,18,0,2,0,0,1,0,3,2,0,3,1,0,1,0,6,0,0,0,0,0,0,0,1,4,2,0,0,33,12,5,0,0,0,0,2,8,0,0,0,0,2,0,1,0,0,0,1,0,0,0,0,0,0,0,0,0,3,13,0,0,70,0,0,5,0,0,1,0,0,0,0,1,1,0,0,0,0,0,0,0,0,0,0,0,0,0,2,9,0,0,0,1,2,2,0,0,0,0,5,1,0,0,6,0,1,43,8,0,0,0,0,0,0,0,0,0,0,0,0,0,0,0,0,1,1,0,1,0,0,4,0,0
seatunnel-1afd67341d2ff1ddcfeb75cc4032a9b2fb41371b,0,0,8,16,64,26,4,4,6,55,0,1,44,117,2,148,2,20,0,1,3,0,5,21,2,142,9,4,4,10,27,0,1,3,3,0,15,1,7,3,25,2,6,106,140,65,2,0,9,1,7,16,4,4,4,3,16,17,28,24,1,11,33,1,31,43,1,3,19,3,0,1,5,25,26,0,129,4,2,77,0,10,3,0,14,4,2,18,0,0,5,0,3,1,1,1,24,7,3,0,1,1,8,9,0,0,0,4,35,8,0,1,0,1,15,6,0,6,9,0,2,79,86,7,0,1,0,1,4,0,2,2,1,0,1,6,0,0,1,11,13,0,1,2,42,106,1,0
seatunnel-1afed83b2c4ae750ee8159ae359924e6f8e471e4,0,0,3,0,0,0,0,0,0,0,0,0,5,8,0,4,0,0,24,0,0,1,1,0,0,3,0,0,0,0,1,1,0,0,0,0,0,0,2,1,4,0,0,9,11,1,0,0,0,0,0,0,2,0,0,0,0,0,1,0,0,0,0,0,0,0,0,0,0,0,0,0,2,1,0,0,6,0,0,2,0,0,0,0,0,0,0,0,1,1,0,0,0,0,0,0,0,0,0,0,0,0,0,0,0,0,0,0,0,2,0,0,0,0,4,1,0,0,0,0,0,35,2,0,0,0,0,0,0,0,0,0,0,0,0,0,0,0,0,1,0,0,0,0,0,3,0,0
seatunnel-1b0da1c7d5c50e7b8c000e0aef26024a6a7db4a2,0,0,2,0,1,0,0,0,0,4,0,0,8,4,0,27,0,3,0,0,1,0,0,3,0,4,0,0,1,4,5,0,0,6,0,0,0,0,1,2,2,0,0,25,12,3,0,2,0,0,2,8,0,1,0,0,2,0,3,2,0,1,1,0,0,0,0,0,0,3,0,0,2,14,1,0,68,0,0,6,0,0,1,0,0,0,0,0,1,0,0,1,0,0,0,0,0,0,0,0,0,0,2,4,0,0,0,1,2,2,0,0,0,0,5,0,0,0,2,0,1,12,12,0,0,0,0,0,0,0,0,0,0,0,0,0,0,0,0,1,0,0,1,0,0,4,0,0
seatunnel-1b26192cb3e1df0699c1ced4f9ae35a8796a5bd1,0,0,10,10,58,16,4,0,6,46,0,1,32,84,0,127,2,4,0,0,0,0,6,4,1,111,7,4,4,4,19,0,0,4,2,0,12,1,7,3,24,2,6,88,120,47,0,0,1,0,4,2,0,3,1,1,8,8,28,21,0,8,25,1,30,42,1,0,16,3,0,0,4,36,16,0,125,4,2,60,0,10,1,0,8,5,0,5,0,0,3,0,3,0,0,1,10,2,2,0,0,0,4,7,0,0,0,2,20,10,0,1,0,1,9,2,0,5,9,0,1,62,35,6,0,1,0,1,4,0,4,1,1,0,0,0,0,0,0,8,14,1,0,0,37,85,1,0
seatunnel-1b33e899709912a6ad67372c651ae586ea892045,0,0,1,0,1,0,0,0,0,3,0,0,8,7,0,18,0,2,0,0,1,0,3,2,0,3,1,0,1,0,6,0,0,0,0,0,0,0,1,4,2,0,0,33,12,5,0,0,0,0,2,8,0,0,0,0,2,0,1,0,0,0,2,0,0,0,0,0,0,0,0,0,3,13,1,0,70,0,0,5,0,0,1,0,0,0,0,1,1,0,0,0,0,0,0,0,0,0,0,0,0,0,2,9,0,0,0,1,2,2,0,0,0,0,5,1,0,0,6,0,1,46,8,0,0,0,0,0,0,0,0,0,0,0,0,0,0,0,0,1,1,0,1,0,0,4,0,0
seatunnel-1b406b5a31ab23cce3c16953c2001c992da21b5e,0,0,9,8,61,15,3,0,6,42,0,1,27,72,0,243,0,4,0,0,0,2,4,4,0,106,1,3,5,4,17,0,0,4,2,1,10,1,5,3,19,5,6,85,124,27,0,0,0,0,2,2,0,3,1,1,5,9,19,23,0,7,24,1,28,42,1,0,13,3,0,0,4,27,14,0,95,2,2,60,0,4,1,0,8,4,0,5,0,0,3,0,3,0,0,1,11,4,1,0,0,0,3,7,0,1,0,2,15,10,0,1,1,1,7,2,0,5,5,0,1,57,30,7,0,0,0,0,4,0,2,1,1,1,0,3,0,0,0,7,8,1,0,0,35,65,1,0
seatunnel-1b918160214a0b20ce1ae8f9e02f8e0dce243b53,0,0,8,16,64,27,4,5,6,55,0,2,44,117,2,148,2,20,0,1,3,0,6,21,2,142,9,4,4,10,27,0,1,3,3,0,15,1,7,3,24,2,6,106,140,67,2,0,9,1,7,16,4,4,4,3,16,17,28,24,1,11,33,1,31,43,1,3,18,3,0,1,5,25,26,0,128,4,2,77,0,10,3,0,14,3,2,18,0,0,5,0,3,1,1,1,24,7,3,0,1,1,8,9,0,0,0,4,35,8,0,1,0,1,15,6,0,6,9,0,2,78,88,7,0,1,0,1,4,0,2,2,1,0,1,6,0,0,1,11,13,0,1,2,42,106,1,0
seatunnel-1c031d166d94a5785101dfd6ff2677a0c3978e89,0,0,1,0,1,0,0,0,0,4,0,0,7,4,0,27,0,3,0,0,1,0,0,3,0,4,0,0,1,4,5,0,0,6,0,0,0,0,1,2,2,0,0,25,12,3,0,2,1,0,2,8,0,1,0,0,2,0,3,2,0,1,1,0,0,0,0,0,0,3,0,0,2,14,1,0,64,0,0,6,0,0,1,0,0,0,0,0,1,0,0,1,0,0,0,0,0,0,0,0,0,0,2,5,0,0,0,1,2,2,0,0,0,0,5,0,0,0,3,0,1,12,12,0,0,0,0,0,0,0,0,0,0,0,0,0,0,0,0,1,0,0,1,0,0,4,0,0
seatunnel-1c05ee0d7ee00f76c74ddfc17aebdfbd75aa733b,0,0,12,7,58,11,3,0,6,31,1,1,27,59,0,273,1,4,0,1,0,0,2,4,0,103,2,2,4,8,16,0,0,3,2,0,6,0,15,2,13,5,10,106,109,18,0,2,0,0,4,2,0,4,0,2,2,5,14,23,0,8,8,2,20,44,0,0,13,3,0,0,2,22,9,0,106,0,2,45,0,5,2,0,10,4,0,5,0,0,1,1,0,0,0,0,8,4,2,1,0,0,3,0,0,1,0,0,12,9,0,1,0,1,5,2,0,3,5,0,1,60,24,5,0,0,0,0,1,0,2,1,1,1,0,0,0,0,0,6,3,1,1,0,21,41,0,0
seatunnel-1c10aacb30722ab5c6a11d173c12ef3f15b5ebfa,0,0,14,8,54,12,3,0,6,40,1,1,31,74,0,299,0,4,0,0,0,2,4,4,0,108,2,3,6,8,18,0,0,5,2,1,8,1,6,5,19,5,11,117,122,27,0,2,0,0,4,2,0,3,0,2,3,10,18,26,0,9,24,1,29,44,1,0,11,3,0,0,3,38,9,0,105,2,2,61,0,5,2,0,11,4,0,5,0,0,1,1,3,0,0,1,12,5,2,0,0,0,3,2,0,1,0,2,16,10,0,1,0,1,8,2,0,5,7,0,1,62,32,6,0,0,0,0,4,0,2,1,1,1,0,0,0,0,0,11,4,1,1,0,31,47,1,0
seatunnel-1c68c6d6e4c95faf311e907aaa8b8f9881e703a7,0,0,12,6,46,12,2,0,0,24,1,1,14,48,0,281,0,3,0,0,0,0,4,3,0,73,1,1,3,8,15,0,0,1,0,1,5,2,4,2,9,4,6,91,95,12,0,2,0,0,4,2,0,2,0,2,0,1,22,19,0,6,7,0,8,3,0,0,5,0,2,0,2,21,7,0,80,0,0,35,0,3,1,1,6,3,0,15,0,1,2,1,0,0,0,0,7,4,1,1,0,0,2,18,0,0,0,0,11,9,0,0,0,0,5,0,0,3,20,0,0,42,18,0,0,0,0,0,4,0,1,1,0,1,0,2,0,0,0,6,2,0,1,0,12,31,0,0
seatunnel-1c6b7215fbb6282f23fab154e1f7d1d9b9f828c4,0,0,2,0,1,0,0,0,0,4,0,0,8,4,0,26,0,3,0,0,1,0,0,3,0,4,0,0,1,4,5,0,0,0,0,0,0,0,1,2,2,0,0,25,12,4,0,2,0,0,2,8,0,1,0,0,2,0,3,2,0,1,1,0,0,0,0,0,0,3,0,0,2,13,1,0,67,0,0,2,0,0,1,0,0,0,0,0,1,0,0,1,0,0,0,0,0,0,0,0,0,0,2,3,0,0,0,0,2,2,0,0,0,0,5,0,0,0,2,0,1,12,12,0,0,0,0,0,0,0,0,0,0,0,0,0,0,0,0,1,0,0,1,0,0,4,0,0
seatunnel-1c8bce621de1cafc038281d2acd265024a2993fd,0,0,5,1,3,1,0,0,0,5,0,0,9,12,0,89,0,3,0,0,0,0,0,3,0,18,1,0,1,4,5,0,0,1,0,0,1,0,1,2,4,1,0,38,44,7,0,2,0,0,3,0,0,1,0,1,0,1,3,9,0,0,0,0,1,3,0,0,0,0,0,0,2,13,0,0,71,0,0,10,0,0,1,0,3,0,0,3,0,0,0,1,0,0,0,0,0,2,1,0,0,0,0,6,0,0,0,0,6,7,0,0,0,0,1,0,0,0,5,0,0,18,5,0,0,0,0,0,0,0,0,0,0,0,0,0,0,0,0,4,0,0,1,0,4,6,0,0
seatunnel-1cac7887638355aa501625c81483b098a7650639,0,0,8,5,40,11,1,0,0,18,1,1,14,38,0,226,0,3,0,0,0,0,4,3,0,67,1,1,2,8,14,0,0,1,0,1,5,1,3,2,8,4,6,77,95,10,0,2,0,0,4,2,0,2,0,2,0,1,17,19,0,5,6,0,7,3,0,0,4,0,0,0,2,15,5,0,78,0,0,25,0,1,1,1,6,2,0,8,0,0,2,1,0,0,0,0,4,4,1,0,0,0,2,16,0,0,0,0,6,9,0,0,0,0,4,0,0,3,15,0,0,42,9,0,0,0,0,0,4,0,1,0,0,0,0,0,0,0,0,6,2,0,1,0,12,26,0,0
seatunnel-1d0b1bc11993f2ed3691d6a60b92d862b015a433,0,0,1,0,0,0,0,0,0,3,0,0,8,18,0,16,0,0,0,0,1,0,2,0,0,4,1,0,1,0,4,1,0,0,0,0,0,0,1,3,3,0,0,26,11,5,0,0,0,0,2,8,0,0,0,0,3,0,1,0,0,0,2,0,0,0,0,0,0,0,0,0,3,11,1,0,6,0,0,2,0,0,2,0,0,0,0,1,1,0,0,0,0,0,0,0,28,0,0,0,0,0,2,7,0,0,0,1,2,2,0,0,0,0,5,1,0,1,5,0,2,45,8,0,0,0,0,0,0,0,0,0,0,0,0,0,0,0,0,2,1,0,1,0,0,4,0,0
seatunnel-1d16984885862b46bef4a724ccd5baf9d48389d7,0,0,17,0,0,0,0,0,0,0,0,0,7,9,0,4,0,0,28,0,0,1,1,0,0,3,0,0,0,0,1,1,0,0,0,0,0,0,1,2,5,0,0,17,11,6,0,0,0,0,1,0,1,0,0,0,0,0,1,0,0,0,1,0,0,0,0,0,0,0,0,0,2,5,0,0,6,0,0,3,0,0,0,0,0,0,0,0,1,0,0,0,0,0,0,0,0,0,0,0,0,0,0,0,0,0,0,0,0,2,1,0,0,0,5,1,0,0,0,0,0,44,3,0,0,0,0,0,0,0,0,0,0,0,0,0,0,0,0,1,1,0,0,0,0,4,0,0
seatunnel-1d445dca906aaa20a01757bb0179ff8f362a975b,0,0,1,0,1,0,0,0,0,3,0,0,8,4,0,25,0,3,0,0,1,0,1,3,0,3,0,0,1,0,5,0,0,6,0,0,0,0,1,2,2,0,0,25,8,2,0,2,1,0,2,8,0,0,0,0,2,0,5,2,0,0,1,0,0,0,0,0,0,0,0,0,2,14,0,0,72,0,0,6,0,0,1,0,0,0,0,0,1,0,0,1,0,0,0,0,0,0,0,0,0,0,2,4,0,0,0,1,2,2,0,0,0,0,5,0,0,0,2,0,1,12,12,0,0,0,0,0,0,0,0,0,0,0,0,0,0,0,0,1,0,0,1,0,0,4,0,0
seatunnel-1d57c1a92437161f4bcb6276e522d1875591d51b,0,0,10,9,61,15,4,0,6,46,0,1,32,79,0,125,2,4,0,0,0,0,6,4,1,108,6,4,4,4,19,0,0,4,2,0,10,1,7,3,22,2,6,89,120,47,0,0,1,0,4,2,0,3,1,1,8,8,24,21,0,7,26,1,32,42,1,0,16,3,0,0,4,36,15,0,122,4,2,60,0,10,1,0,8,5,0,5,0,0,3,0,3,0,0,1,10,2,2,0,0,0,4,7,0,0,0,2,20,10,0,1,0,1,8,2,0,5,9,0,1,61,35,6,0,1,0,1,4,0,4,1,1,0,0,3,0,0,0,8,14,1,0,0,37,84,1,0
seatunnel-1d6d3815ecc43449421c4ea4b88ba6160256291b,0,0,8,16,57,26,4,2,6,55,0,1,41,114,2,148,2,20,0,1,3,0,6,21,2,138,9,4,4,10,30,0,1,3,3,0,15,1,8,3,25,2,6,102,140,65,2,0,9,1,7,16,4,4,4,3,15,17,26,24,1,11,33,1,31,43,1,3,19,3,0,1,5,33,26,0,127,4,2,75,0,10,3,0,14,4,2,18,0,0,5,0,3,1,1,1,24,7,3,0,1,1,8,9,0,0,0,4,35,8,0,1,0,1,15,6,0,6,9,0,2,75,82,7,0,1,0,1,4,0,2,2,1,0,1,6,0,0,1,11,13,1,1,2,42,106,1,0
seatunnel-1d70ea30847abd36c22f602e70c95fae2c4f7ab0,0,0,12,7,57,11,3,0,6,31,1,1,27,60,0,271,1,3,0,1,0,0,2,3,0,103,2,3,4,8,16,0,0,3,2,0,6,0,15,2,13,5,10,113,109,18,0,2,0,0,4,2,0,4,0,2,2,5,13,23,0,8,9,0,20,44,0,0,13,3,0,0,2,27,9,0,104,0,2,47,0,5,2,0,10,4,0,5,0,0,1,1,0,0,0,0,8,4,2,1,0,0,3,0,0,1,0,0,13,9,0,1,0,1,5,2,0,3,5,0,1,60,24,5,0,0,0,0,4,0,2,1,1,1,0,0,0,0,0,6,5,1,1,0,21,41,0,0
seatunnel-1d8b5a0600d4c9ee4994ed706d0ee66e714ebef3,0,0,1,0,0,0,0,0,0,3,0,0,8,18,0,15,0,0,0,0,1,0,2,0,0,4,1,0,0,0,4,1,0,0,0,0,0,0,1,3,3,0,0,22,11,5,0,0,0,0,2,8,0,0,0,0,3,0,1,0,0,0,2,0,0,0,0,0,0,0,0,0,3,6,1,0,6,0,0,1,0,0,2,0,0,0,0,1,1,0,0,0,0,0,0,0,28,0,0,0,0,0,2,6,0,0,0,1,2,2,0,0,0,0,5,1,0,1,4,0,2,45,8,0,0,0,0,0,0,0,0,0,0,0,0,0,0,0,0,2,1,0,0,0,0,4,0,0
seatunnel-1e868ecf28abb5f1dbe5b6758e6aac5fd742e66e,0,0,8,9,62,15,3,0,6,47,0,1,27,77,0,138,2,4,0,0,0,2,5,4,0,107,3,4,4,4,18,0,0,4,2,1,9,1,7,3,20,2,6,88,120,37,0,0,1,0,4,2,0,3,1,1,7,9,25,21,0,6,24,1,32,42,1,0,14,3,0,0,4,32,14,0,121,3,2,60,0,4,1,0,8,4,0,5,0,0,3,0,3,0,0,1,11,2,1,0,0,0,4,7,0,0,0,2,19,10,0,1,0,1,8,2,0,5,5,0,1,61,32,6,0,0,0,1,4,0,5,1,1,0,0,3,0,0,0,7,8,1,0,0,35,70,1,0
seatunnel-1e912f2d8c24c9e6f12361a2e5f385cfa0c534be,0,0,10,14,53,25,4,0,6,53,0,0,40,101,2,150,2,9,0,0,2,0,8,10,2,161,9,5,4,10,22,0,0,2,3,0,17,1,5,3,26,3,6,101,148,70,0,0,8,1,9,8,3,4,4,1,13,15,26,23,1,13,29,1,28,42,1,0,15,3,0,1,5,34,25,0,122,5,2,77,0,10,1,0,16,5,0,5,0,0,5,0,3,0,3,1,16,5,4,0,3,1,7,9,0,0,0,3,33,8,0,1,0,1,15,5,0,5,13,0,1,76,63,6,0,1,0,1,4,0,2,1,1,0,0,0,0,0,1,13,11,1,0,2,38,102,1,2
seatunnel-1ea198fba5830f254d24e4864f60ebce81079d8d,0,0,10,10,58,16,4,0,6,46,0,1,32,86,0,127,2,4,0,0,0,0,6,5,1,112,7,5,4,6,19,0,0,2,2,0,12,1,7,3,24,2,6,88,120,47,0,0,1,0,9,2,0,6,1,1,8,8,28,21,0,8,26,1,23,42,1,0,16,3,0,0,4,36,16,0,125,3,2,60,0,10,1,0,8,5,0,5,0,0,3,0,3,0,0,1,10,3,2,0,0,0,4,7,0,0,0,2,20,10,0,1,0,1,9,2,0,5,9,0,0,62,35,6,0,1,0,1,4,0,4,1,1,0,0,0,0,0,0,8,12,1,0,0,37,85,1,0
seatunnel-1ebc6742630ff105e874b044df59b755efe57fad,0,0,10,14,54,25,4,0,6,53,0,0,39,97,0,152,2,9,0,0,2,0,8,10,2,163,9,5,4,10,21,0,0,2,3,0,17,1,5,3,24,3,6,100,148,64,0,0,8,0,8,4,0,3,1,1,13,15,29,23,0,14,29,1,27,42,1,0,15,3,0,0,5,34,27,0,122,3,2,77,0,10,1,0,16,5,0,5,0,0,5,0,3,0,3,1,16,5,4,0,3,0,7,9,0,0,0,3,31,8,0,1,0,1,14,2,0,5,13,0,1,73,48,6,0,1,0,1,4,0,2,1,1,0,0,0,0,0,1,13,11,1,0,2,38,102,1,2
seatunnel-1ece805ab1fce3ec8e8c9d3ddc5311ab62ac8873,0,0,12,7,38,7,1,0,0,25,1,1,19,57,0,239,0,4,0,0,0,0,2,4,0,73,1,1,3,8,12,0,0,1,1,1,5,2,14,2,10,3,6,89,94,14,0,2,0,0,4,2,0,2,0,2,0,5,12,19,0,6,9,2,8,3,0,0,1,3,0,0,2,21,7,0,87,0,0,39,0,3,1,0,6,4,0,17,0,0,1,1,0,0,0,0,9,4,1,1,0,0,3,14,0,1,0,0,13,9,0,0,0,1,5,0,0,3,13,1,0,58,21,0,0,0,0,0,0,0,1,1,1,1,0,0,0,0,0,6,2,0,1,0,13,36,0,0
seatunnel-1f5521098670ca3eb834c8b4dd7fe7092f12a00b,0,0,12,7,51,12,3,0,6,31,1,1,29,60,0,271,0,3,0,0,0,0,2,3,0,105,2,3,6,8,18,0,0,5,2,0,6,0,17,3,15,5,11,112,109,22,0,2,0,0,4,2,0,3,0,2,2,5,17,24,0,11,18,1,23,44,0,0,12,3,0,0,2,26,12,0,104,2,2,50,0,5,2,0,11,4,0,5,0,0,1,1,3,0,0,0,12,4,2,0,0,0,3,1,0,1,0,2,13,9,0,1,0,1,8,2,0,5,6,0,1,61,30,6,0,0,0,0,4,0,2,1,1,1,0,0,0,0,0,11,4,1,1,0,23,41,0,0
seatunnel-1f6474b9c8caacbc8a03d6ef6e1e26203ff8c4a2,0,0,5,5,0,0,0,0,4,3,0,0,14,28,0,17,0,4,0,0,1,0,2,8,1,4,1,0,4,0,4,1,0,0,0,0,1,0,2,3,5,1,0,22,11,11,0,0,0,0,13,13,0,0,0,0,10,0,1,1,0,0,5,0,0,4,0,0,0,0,0,0,4,5,4,4,8,0,0,3,1,0,2,0,0,0,0,1,1,6,1,0,0,0,0,0,152,0,0,0,0,0,2,6,0,0,0,0,7,5,0,0,0,0,5,1,4,1,4,0,2,53,39,0,0,0,0,1,0,1,0,0,7,0,0,0,0,0,0,2,2,0,0,0,0,4,0,2
seatunnel-1faf2ef44d8fce30379749e9de779c797fac6112,0,0,21,5,0,0,0,0,4,0,0,6,13,22,0,6,0,4,186,0,6,0,2,8,1,4,1,0,4,9,2,1,1,0,0,0,1,0,2,2,5,0,0,16,11,10,0,0,0,0,14,13,1,0,0,0,10,0,1,1,0,0,6,0,0,4,0,0,0,0,0,0,4,5,2,3,8,0,0,3,1,0,1,0,0,0,0,0,1,6,1,0,0,0,0,0,147,0,0,0,0,0,2,5,1,0,3,0,2,5,1,0,0,0,5,1,4,0,1,0,8,52,43,0,0,0,1,1,0,1,0,0,7,0,0,0,0,0,0,1,2,0,0,0,0,4,0,2
seatunnel-1ffa17450685c106dc37315049ad74ab77e1c7b6,0,0,8,13,55,23,4,0,6,54,0,0,33,95,0,147,2,4,0,0,0,0,8,5,1,120,8,5,4,10,20,0,0,2,3,0,16,1,6,3,23,2,6,96,144,54,0,0,1,0,7,4,0,3,1,1,12,15,28,22,0,13,28,1,26,42,1,0,16,3,0,0,3,34,21,0,119,3,2,70,0,10,1,0,12,5,0,5,0,0,5,0,3,0,3,1,15,4,2,0,3,0,5,8,0,0,0,2,31,8,0,1,0,1,9,2,0,5,10,0,0,72,44,6,0,1,0,1,4,0,4,1,1,0,0,0,0,0,1,13,11,1,0,1,38,96,1,0
seatunnel-20077eb046de9b1bd2080dcc5058a1c8cd84e3eb,0,0,6,3,21,5,1,0,0,5,0,1,13,20,0,143,0,3,0,0,0,0,0,3,0,57,0,1,1,8,10,0,0,0,0,0,4,0,1,2,5,4,6,86,107,11,0,2,0,0,5,2,0,2,0,3,0,0,9,11,0,3,2,0,6,4,0,0,2,0,0,0,2,14,3,0,88,0,0,19,0,1,1,3,0,0,0,3,1,0,2,1,0,0,0,0,2,4,0,0,0,0,0,10,0,0,0,0,2,9,0,0,0,0,1,0,0,0,6,0,0,23,6,0,0,0,0,0,0,0,0,0,0,0,0,0,0,1,0,5,0,0,1,0,6,18,0,0
seatunnel-200faa7c2979d6b13893f258ae450e6681e7ef09,0,0,9,8,60,15,3,0,6,42,0,1,27,75,0,250,0,4,0,0,0,2,4,4,0,106,2,3,5,4,17,0,0,4,2,1,10,1,5,3,20,3,6,87,124,28,0,0,0,0,2,2,0,3,1,1,5,9,19,23,0,7,24,1,27,42,1,0,13,3,0,0,4,27,15,0,97,2,2,61,0,4,1,0,8,4,0,5,0,0,3,0,3,0,0,1,11,4,1,0,0,0,3,7,0,1,0,2,15,10,0,1,1,1,7,2,0,5,5,0,1,55,32,7,0,0,0,0,4,0,2,1,1,1,0,3,0,0,0,7,8,1,0,0,35,65,1,0
seatunnel-20413fac59738da29884f7cf277bed1c568ee5fe,0,0,9,11,57,17,4,0,6,53,0,1,30,84,0,121,2,4,0,0,0,0,6,5,1,107,8,5,4,6,18,0,0,2,2,0,12,1,6,3,24,3,6,88,113,47,0,0,1,0,10,2,0,6,1,1,10,15,27,22,0,11,26,1,23,42,1,0,14,3,0,0,3,32,19,0,103,3,2,61,0,10,1,0,8,5,0,5,0,0,3,0,3,0,0,1,11,3,2,0,0,0,4,7,0,0,0,2,29,10,0,1,0,1,9,2,0,5,9,0,0,62,38,6,0,1,0,1,4,0,4,1,1,0,0,0,0,0,0,10,12,1,0,0,35,86,1,0
seatunnel-2050bf57f61e7ffe5913b4701ac288506ae651e5,0,0,8,16,57,25,4,2,6,55,0,1,44,114,2,149,2,20,0,1,3,0,6,21,2,142,9,4,4,10,29,0,1,3,3,0,15,1,8,3,25,2,6,101,140,64,2,0,9,1,7,16,3,4,4,3,15,17,26,24,1,11,33,1,31,43,1,3,19,3,0,1,5,33,26,0,127,4,2,72,0,10,3,0,14,4,2,18,0,0,5,0,3,0,1,1,24,7,3,0,1,1,8,9,0,0,0,3,35,8,0,1,0,1,15,5,0,6,9,0,2,79,79,7,0,1,0,1,4,0,2,2,1,0,0,6,0,0,1,11,11,1,1,2,42,107,1,0
seatunnel-205f782585ebefa0707b8359318ccc943b6f2dec,0,0,8,8,60,15,3,0,6,41,0,1,26,71,0,250,0,4,0,0,0,2,4,4,0,107,2,4,4,4,17,0,0,4,2,1,10,1,6,3,19,3,6,87,120,28,0,0,0,0,2,2,0,2,1,1,5,9,19,23,0,6,24,1,29,42,1,0,13,3,0,0,4,27,14,0,121,2,2,59,0,4,1,0,8,4,0,5,0,0,3,0,3,0,0,1,11,2,1,0,0,0,3,7,0,1,0,2,15,10,0,1,0,1,7,2,0,5,5,0,1,56,31,6,0,0,0,0,4,0,2,1,1,1,0,3,0,0,0,7,8,1,0,0,35,70,1,0
seatunnel-206f4d02dc058bbb05fe8a739942a1fd185c5948,0,0,6,1,21,4,0,0,0,5,0,0,15,14,0,95,0,3,0,0,0,0,0,3,0,52,0,0,1,8,6,0,0,0,0,0,5,0,2,2,3,1,3,70,102,10,0,2,0,0,4,0,0,2,0,3,0,0,8,5,0,2,1,0,2,4,0,0,0,0,0,0,2,14,2,0,89,0,0,14,0,0,1,2,0,0,0,1,1,0,2,1,0,0,0,0,1,6,0,0,0,0,0,8,0,0,0,0,2,3,0,0,0,0,6,0,0,1,3,0,0,18,6,0,0,0,0,0,0,0,0,0,0,0,0,0,0,0,0,4,0,0,1,0,3,10,0,0
seatunnel-20d805775499550f2e334ffa9872736293184749,0,0,17,0,0,0,0,0,0,0,0,0,7,9,0,4,0,0,28,0,0,1,1,0,0,3,0,0,0,0,1,1,0,0,0,0,0,0,1,2,5,0,0,17,11,6,0,0,0,0,1,0,1,0,0,0,0,0,1,0,0,0,1,0,0,0,0,0,0,0,0,0,2,5,0,0,6,0,0,3,0,0,0,0,0,0,0,0,1,0,0,0,0,0,0,0,0,0,0,0,0,0,0,0,0,0,0,0,0,2,1,0,0,0,5,1,0,0,0,0,0,44,3,0,0,0,0,0,0,0,0,0,0,0,0,0,0,0,0,1,1,0,0,0,0,4,0,0
seatunnel-20e1255fabb2f5b0813fe0c73632de6e6fac2ec3,0,0,10,14,57,23,4,0,6,54,0,0,34,96,0,147,2,10,0,0,2,0,8,11,1,125,8,5,4,10,21,0,0,2,3,0,16,1,6,3,23,2,6,98,144,55,0,0,1,0,7,4,0,3,1,1,13,15,29,22,0,13,28,1,26,42,1,0,16,3,0,0,4,38,21,0,119,3,2,76,0,10,1,0,12,5,0,5,0,0,5,0,3,0,3,1,16,4,4,0,3,0,6,8,0,0,0,2,31,8,0,1,0,1,14,2,0,5,10,0,0,72,46,6,0,1,0,1,4,0,4,1,1,0,0,0,0,0,1,13,11,1,0,1,38,96,1,2
seatunnel-20ee2faecf9c162005fcba9e7b482f4618efebcb,0,0,8,16,64,26,4,4,6,55,0,2,44,117,2,150,2,20,0,1,3,0,7,21,2,142,9,4,4,10,27,0,1,3,3,0,15,1,7,3,25,2,6,106,140,66,2,0,9,1,7,16,4,4,4,3,16,17,28,24,1,11,33,1,31,43,1,3,19,3,0,1,5,25,26,0,129,4,2,77,0,10,3,0,14,4,2,18,0,0,5,0,3,1,1,1,24,7,3,0,1,1,8,9,0,0,0,4,35,8,0,1,0,1,15,6,0,6,9,0,2,79,86,7,0,1,0,1,4,0,2,2,1,0,1,6,0,0,1,11,13,0,1,2,42,106,1,0
seatunnel-210c58e2eb952cf947386bed18fb13a995795306,0,0,12,7,52,12,3,0,6,31,1,1,28,61,0,271,1,3,0,0,0,0,2,3,0,104,2,3,4,8,16,0,0,3,2,0,6,0,16,2,13,5,10,112,109,19,0,2,0,0,4,2,0,3,0,2,2,5,13,23,0,8,9,0,21,44,0,0,11,3,0,0,2,26,9,0,104,0,2,50,0,5,2,0,9,4,0,5,0,0,1,1,0,0,0,0,7,4,2,0,0,0,3,0,0,1,0,0,13,9,0,1,0,1,5,2,0,3,5,0,1,57,25,5,0,0,0,0,4,0,2,1,1,1,0,0,0,0,0,6,5,1,1,0,21,41,0,0
seatunnel-21137dc4edf4260068d400245ff268ac7128cbf6,0,0,12,7,64,11,3,0,6,30,1,1,27,64,0,270,1,4,0,0,0,0,2,4,0,105,2,2,4,8,17,0,0,3,2,1,6,2,15,2,15,5,9,106,109,18,0,2,0,0,4,2,0,4,0,2,2,5,15,23,0,7,11,2,21,44,0,0,23,3,0,0,2,22,8,0,85,0,0,43,0,5,1,0,10,4,0,17,0,0,1,1,0,0,0,0,11,4,1,1,0,0,3,14,0,1,0,0,13,9,0,1,0,1,5,2,0,3,13,1,1,85,25,5,0,0,0,0,0,0,2,1,1,1,0,0,0,0,0,6,3,1,1,0,21,46,0,0
seatunnel-211db4489deeedc6b6eac317565570cd999ee338,0,0,10,15,56,25,4,1,6,55,0,0,45,112,2,152,2,21,0,1,3,0,6,22,2,161,9,4,4,10,28,0,1,2,3,0,15,1,5,3,25,2,6,101,150,65,0,0,9,1,8,16,3,4,4,3,16,17,26,26,1,13,33,1,27,43,1,3,14,3,0,1,5,33,28,0,131,4,2,81,0,10,2,0,17,4,2,18,0,0,5,0,3,0,1,1,26,5,4,0,1,1,7,9,0,0,0,3,36,8,0,1,0,1,15,5,0,4,10,0,3,75,73,6,0,1,0,1,4,0,2,1,1,0,0,6,0,0,1,13,11,1,1,2,43,106,1,2
seatunnel-21349ad05cf7a0bf797c8b497310540c94bb11f6,0,0,8,5,38,11,1,0,0,18,1,1,14,38,0,224,0,3,0,0,0,0,4,3,0,67,1,1,1,8,14,0,0,1,0,1,5,1,1,2,8,4,6,76,95,10,0,2,0,0,4,2,0,2,0,2,0,1,16,19,0,5,6,0,7,3,0,0,4,0,0,0,2,15,5,0,78,0,0,24,0,1,1,1,6,2,0,6,0,0,2,1,0,0,0,0,4,4,1,0,0,0,2,16,0,0,0,0,6,9,0,0,0,0,4,0,0,3,15,0,0,42,9,0,0,0,0,0,4,0,1,0,0,0,0,0,0,0,0,6,2,0,1,0,12,26,0,0
seatunnel-219fea517c72484df9b9dfde5b63e072cd1a753b,0,0,14,8,54,12,3,0,6,40,1,1,31,74,0,299,0,4,0,0,0,2,4,4,0,108,2,3,6,8,18,0,0,5,2,1,8,1,6,5,19,5,11,117,122,27,0,2,0,0,4,2,0,3,0,2,3,10,18,26,0,10,24,1,29,44,1,0,11,3,0,0,3,38,11,0,105,2,2,61,0,5,2,0,11,4,0,5,0,0,1,1,3,0,0,1,12,5,2,0,0,0,3,2,0,1,0,2,16,10,0,1,0,1,8,2,0,5,7,0,1,62,32,6,0,0,0,0,4,0,2,1,1,1,0,0,0,0,0,11,4,1,1,0,31,47,1,0
seatunnel-21e159a85379fb1d7468cfee16aceacbfd3af0ae,0,0,3,1,5,1,0,0,0,4,0,0,6,8,0,76,0,3,0,0,0,0,0,3,0,15,0,0,1,4,6,0,0,0,0,0,2,0,1,2,3,1,1,42,64,5,0,2,0,0,4,0,0,1,0,1,0,0,4,12,0,2,0,0,2,2,0,0,0,3,0,0,2,13,2,0,68,0,0,11,0,0,1,0,0,0,0,1,1,0,1,1,0,0,0,0,1,4,0,0,0,0,0,7,0,0,0,0,2,3,0,0,0,0,6,0,0,0,4,0,0,19,6,0,0,0,0,0,0,0,0,0,0,0,0,0,0,0,0,4,0,0,1,0,0,8,0,0
seatunnel-21ef45fcca04b0244994d3a4e45a19cc08966603,0,0,8,11,55,23,4,0,6,53,0,0,35,93,0,147,2,4,0,0,0,0,8,5,1,117,8,5,4,10,20,0,0,2,3,0,15,1,6,3,23,2,6,96,146,54,0,0,1,0,7,4,0,3,1,1,12,15,27,22,0,12,28,1,24,42,1,0,16,3,0,0,3,34,20,0,119,3,2,70,0,10,1,0,12,5,0,5,0,0,5,0,3,0,3,1,15,4,2,0,3,0,5,8,0,0,0,2,31,8,0,1,0,1,9,2,0,5,10,0,0,72,42,6,0,1,0,1,4,0,4,1,1,0,0,0,0,0,1,13,11,1,0,1,38,96,1,0
seatunnel-220c0a61840c870e66891a8c78b3c0ed072c6e80,0,0,2,0,1,0,0,0,0,4,0,0,8,4,0,26,0,3,0,0,1,0,0,3,0,4,0,0,1,4,5,0,0,0,0,0,0,0,1,2,2,0,0,25,12,4,0,2,0,0,2,8,0,1,0,0,2,0,3,2,0,1,1,0,0,0,0,0,0,3,0,0,2,13,1,0,67,0,0,2,0,0,1,0,0,0,0,0,1,0,0,1,0,0,0,0,0,0,0,0,0,0,2,3,0,0,0,0,2,2,0,0,0,0,5,0,0,0,2,0,1,12,12,0,0,0,0,0,0,0,0,0,0,0,0,0,0,0,0,1,0,0,1,0,0,4,0,0
seatunnel-2238fda30029120cc7c9478a6029cfcca1080a43,0,0,8,9,61,15,3,0,6,47,0,1,29,78,0,125,2,4,0,0,0,0,5,4,1,109,3,4,4,4,18,0,0,4,2,0,9,1,7,3,20,2,6,87,120,38,0,0,1,0,4,2,0,3,1,1,7,9,25,21,0,6,24,1,33,42,1,0,14,3,0,0,4,32,14,0,122,3,2,58,0,4,1,0,8,4,0,5,0,0,3,0,3,0,0,1,10,2,2,0,0,0,4,7,0,0,0,2,19,10,0,1,0,1,8,2,0,5,5,0,1,61,32,6,0,0,0,1,4,0,5,1,1,0,0,3,0,0,0,7,8,1,0,0,35,73,1,0
seatunnel-224f9d81c54a9a3c5b39d38c90ad9fd224b68bad,0,0,8,16,64,26,4,5,6,55,0,2,44,117,2,150,2,20,0,1,3,0,7,21,2,142,9,4,4,10,27,0,1,3,3,0,15,1,7,3,25,2,6,106,140,66,2,0,9,1,7,16,4,4,4,3,16,17,28,24,1,11,33,1,31,43,1,3,18,3,0,1,5,25,26,0,129,4,2,77,0,10,3,0,14,4,2,18,0,0,5,0,3,1,1,1,24,7,3,0,1,1,8,9,0,0,0,4,35,8,0,1,0,1,15,6,0,6,9,0,2,79,86,7,0,1,0,1,4,0,2,2,1,0,1,6,0,0,1,11,13,0,1,2,42,106,1,0
seatunnel-226dc6a11982b8cd315ce2de0a8062cc93cb223b,0,0,8,9,62,15,3,0,6,47,0,1,26,77,0,149,0,4,0,0,0,2,5,4,0,107,3,4,4,4,18,0,0,4,2,1,10,1,7,3,20,3,6,87,120,36,0,0,1,0,4,2,0,2,1,1,7,9,23,24,0,6,24,1,28,42,1,0,14,3,0,0,4,32,14,0,121,3,2,58,0,4,1,0,8,4,0,5,0,0,3,0,3,0,0,1,11,2,1,0,0,0,4,7,0,0,0,2,18,10,0,1,0,1,8,2,0,5,5,0,1,61,31,6,0,0,0,1,4,0,4,1,1,0,0,3,0,0,0,7,8,1,0,0,35,70,1,0
seatunnel-228257b2e256a83e18d3d5a9f9c34720223d65f9,0,0,10,16,57,25,4,1,6,55,0,1,44,115,2,149,2,20,0,1,3,0,6,21,2,142,9,4,4,10,29,0,1,3,3,0,15,1,8,3,25,2,6,101,140,64,2,0,9,1,7,16,3,4,4,3,16,17,26,24,1,11,33,1,31,43,1,3,17,3,0,1,5,33,26,0,127,4,2,72,0,10,2,0,14,4,2,18,0,0,5,0,3,0,1,1,25,7,4,0,1,1,8,9,0,0,0,3,35,8,0,1,0,1,15,5,0,6,9,0,2,79,77,7,0,1,0,1,4,0,2,2,1,0,0,6,0,0,1,11,11,1,1,2,42,107,1,2
seatunnel-22c4242fbcfc78a34ee63ba2e8e1899ecf958506,0,0,1,0,1,0,0,0,0,4,0,0,7,4,0,27,0,3,0,0,1,0,0,3,0,4,0,0,1,4,5,0,0,6,0,0,0,0,1,2,2,0,0,25,12,3,0,2,0,0,2,8,0,1,0,0,2,0,3,2,0,1,1,0,0,0,0,0,0,3,0,0,2,14,1,0,68,0,0,6,0,0,1,0,0,0,0,0,1,0,0,1,0,0,0,0,0,0,0,0,0,0,2,4,0,0,0,1,2,2,0,0,0,0,5,0,0,0,2,0,1,12,12,0,0,0,0,0,0,0,0,0,0,0,0,0,0,0,0,1,0,0,1,0,0,4,0,0
seatunnel-22ca27025cfe1c3a9d9b4dddf1e88af1e3c971b5,0,0,8,6,44,11,1,0,0,24,1,1,14,45,0,277,0,3,0,0,0,0,4,3,0,73,1,1,3,8,14,0,0,1,0,1,5,2,3,2,9,4,6,90,95,10,0,2,0,0,4,2,0,2,0,2,0,1,17,19,0,6,6,0,8,3,0,0,4,0,0,0,2,18,7,0,80,0,0,32,0,1,1,1,6,3,0,15,0,0,2,1,0,0,0,0,5,4,1,1,0,0,2,16,0,0,0,0,6,9,0,0,0,0,5,0,0,3,17,0,0,39,14,0,0,0,0,0,4,0,1,1,0,0,0,0,0,0,0,6,2,0,1,0,12,31,0,0
seatunnel-2314446dbcca03bb1e5b8ea8d711a1ec2447a57b,0,0,8,5,55,13,3,0,6,22,0,1,20,38,0,241,1,3,0,0,0,0,3,3,0,98,2,2,2,8,19,0,0,1,1,1,6,0,2,2,9,6,8,94,108,16,0,2,0,0,4,2,0,3,0,2,2,1,13,17,0,6,8,0,20,3,0,0,27,0,0,0,2,15,6,0,77,0,0,28,0,3,1,1,10,2,0,6,0,0,2,1,0,0,0,0,4,4,1,0,0,0,2,17,0,0,0,0,6,9,0,1,0,0,1,2,0,3,15,0,0,41,13,5,0,0,0,0,4,0,2,0,0,0,0,0,0,0,0,6,1,1,1,0,20,29,0,0
seatunnel-233465d4e4fd7859d05cfd8e27029d440f6d136f,0,0,9,11,50,17,4,0,6,53,0,1,27,84,0,121,2,4,0,0,0,0,6,5,1,107,8,5,4,6,18,0,0,2,2,0,12,1,6,3,24,3,6,88,113,47,0,0,1,0,10,3,0,6,1,1,10,15,27,22,0,11,26,1,22,42,1,0,14,3,0,0,3,32,19,0,103,3,2,61,0,10,1,0,8,5,0,5,0,0,3,0,3,0,0,1,11,3,2,0,0,0,4,7,0,0,0,2,29,10,0,1,0,1,9,2,0,5,9,0,0,62,38,6,0,1,0,1,4,0,4,1,1,0,0,0,0,0,0,10,12,1,0,0,35,86,1,0
seatunnel-234638afbead777ff5ef2ec7f45172a67fce1ecb,0,0,10,10,58,16,4,0,6,46,0,1,32,84,0,127,2,4,0,0,0,0,6,5,1,112,7,5,4,6,19,0,0,4,2,0,12,1,7,3,24,2,6,88,120,47,0,0,1,0,9,2,0,6,1,1,8,8,28,21,0,8,26,1,27,42,1,0,16,3,0,0,4,36,16,0,125,3,2,60,0,10,1,0,8,5,0,5,0,0,3,0,3,0,0,1,10,2,2,0,0,0,4,7,0,0,0,2,20,10,0,1,0,1,9,2,0,5,9,0,0,62,35,6,0,1,0,1,4,0,4,1,1,0,0,0,0,0,0,8,13,1,0,0,37,85,1,0
seatunnel-23ad4ee735b68c097b2564269580c6c584044f62,0,0,8,4,35,9,1,0,0,18,0,1,15,32,0,214,0,3,0,0,0,0,3,3,0,65,1,1,1,8,14,0,0,1,0,1,5,0,1,2,6,4,6,76,95,12,0,2,0,0,4,2,0,2,0,2,0,1,16,13,0,5,6,0,7,3,0,0,6,0,0,0,2,14,5,0,92,0,0,24,0,1,1,1,6,2,0,6,0,0,2,1,0,0,0,0,3,4,1,0,0,0,2,17,0,0,0,0,6,9,0,0,0,0,1,0,0,3,14,0,0,24,9,0,0,0,0,0,4,0,1,0,0,0,0,0,0,0,0,6,0,0,1,0,10,19,0,0
seatunnel-23ed0fc3d6f4af0b91d7f0da2946b639c98093ad,0,0,8,16,64,27,4,5,6,55,0,2,44,117,2,148,2,20,0,1,3,0,6,21,2,142,9,4,4,10,27,0,1,3,3,0,15,1,7,3,24,2,6,106,140,66,2,0,9,1,7,16,4,4,4,3,16,17,28,24,1,11,33,1,31,43,1,3,18,3,0,1,5,25,26,0,129,4,2,77,0,10,3,0,14,4,2,18,0,0,5,0,3,1,1,1,24,7,3,0,1,1,8,9,0,0,0,4,35,8,0,1,0,1,15,6,0,6,9,0,2,79,88,7,0,1,0,1,4,0,2,2,1,0,1,6,0,0,1,11,13,0,1,2,42,106,1,0
seatunnel-23ed11f05964ea64d94acbc8c48806f649aa1d87,0,0,1,0,1,0,0,0,0,3,0,0,8,7,0,19,0,2,0,0,1,0,3,2,0,3,1,0,1,0,6,0,0,0,0,0,0,0,1,3,2,0,0,33,12,2,0,2,2,0,2,8,0,0,0,0,2,0,1,2,0,0,1,0,0,0,0,0,0,0,0,0,3,13,0,0,72,0,0,5,0,0,1,0,0,0,0,1,1,0,0,1,0,0,0,0,1,0,0,0,0,0,2,9,0,0,0,1,2,2,0,0,0,0,5,1,0,0,6,0,1,36,9,0,0,0,0,0,0,0,0,0,0,0,0,0,0,0,0,1,1,0,1,0,0,4,0,0
seatunnel-24247138e39be30ea47286954d96d72fc1fb69f4,0,0,2,0,1,0,0,0,0,4,0,0,8,4,0,27,0,3,0,0,1,0,0,3,0,4,0,0,1,4,5,0,0,6,0,0,0,0,1,2,2,0,0,25,12,3,0,2,0,0,2,8,0,1,0,0,2,0,3,2,0,1,1,0,0,0,0,0,0,3,0,0,2,14,1,0,68,0,0,6,0,0,1,0,0,0,0,0,1,0,0,1,0,0,0,0,0,0,0,0,0,0,2,4,0,0,0,1,2,2,0,0,0,0,5,0,0,0,2,0,1,12,12,0,0,0,0,0,0,0,0,0,0,0,0,0,0,0,0,1,0,0,1,0,0,4,0,0
seatunnel-2424cbfdf4d95f93f1b73b4d36f6f127216f3c33,0,0,12,7,51,12,3,0,6,31,1,1,28,61,0,271,1,3,0,0,0,0,2,3,0,102,2,3,4,8,16,0,0,3,2,0,6,0,16,2,13,5,10,112,109,19,0,2,0,0,4,2,0,3,0,2,2,5,13,23,0,10,9,1,21,44,0,0,11,3,0,0,2,26,11,0,104,0,2,50,0,5,2,0,10,4,0,5,0,0,1,1,0,0,0,0,7,4,2,0,0,0,3,0,0,1,0,0,13,9,0,1,0,1,5,2,0,3,5,0,1,57,25,5,0,0,0,0,4,0,2,1,1,1,0,0,0,0,0,7,5,1,1,0,21,41,0,0
seatunnel-243b6a6b23d4bee110b4e825db28d7782b3e3bb1,0,0,10,11,57,17,4,0,6,53,0,1,30,84,0,121,2,4,0,0,0,0,6,5,1,107,8,5,4,6,18,0,0,2,2,0,12,1,6,3,24,3,6,88,113,48,0,0,1,0,9,2,0,6,1,1,10,15,27,22,0,11,26,1,23,42,1,0,14,3,0,0,3,32,19,0,103,3,2,61,0,10,1,0,8,5,0,5,0,0,3,0,3,0,0,1,11,3,2,0,0,0,4,7,0,0,0,2,29,10,0,1,0,1,9,2,0,5,9,0,0,62,38,6,0,1,0,1,4,0,4,1,1,0,0,0,0,0,0,10,12,1,0,0,35,86,1,0
seatunnel-2455218a1433deaa8b0798d5a6c07bf1a881ba41,5,2,5,5,0,0,0,0,4,0,0,1,13,22,0,6,0,4,186,0,1,0,2,8,1,4,1,0,4,0,2,1,0,0,0,0,1,0,2,2,5,0,0,17,11,10,0,0,0,0,14,13,1,0,0,0,10,0,1,1,0,0,6,0,0,4,0,0,0,0,0,0,4,5,2,3,8,0,0,3,1,0,1,0,0,0,0,0,1,6,1,0,0,0,0,0,147,0,0,0,0,0,2,6,0,0,3,0,6,5,1,0,0,0,5,1,4,0,1,0,8,52,42,0,0,0,0,1,0,1,0,0,7,0,0,0,0,0,0,1,2,0,0,0,0,4,0,2
seatunnel-246c648113fc8428fda8a950d0a135f2397ad7d3,0,0,8,5,54,10,1,0,5,19,0,1,15,36,0,219,0,3,0,0,0,0,3,3,0,83,1,6,1,8,15,0,0,1,1,1,6,0,1,2,10,6,8,86,106,13,0,2,0,0,4,2,0,3,0,2,0,1,20,14,0,9,8,0,10,3,0,0,8,0,0,0,2,14,9,0,77,0,0,28,0,1,1,1,9,2,0,6,0,0,2,1,0,0,0,0,6,4,1,0,0,0,2,17,0,0,0,0,7,9,0,0,0,0,1,2,0,3,15,0,0,25,8,3,0,0,0,0,4,0,2,0,0,0,0,0,0,0,0,6,0,0,1,0,15,19,0,0
seatunnel-24b4d624efa8eeced889add1fc355f59a0f90022,0,0,6,2,19,5,0,0,0,5,0,1,13,19,0,138,0,3,0,0,0,0,0,3,0,57,0,1,1,8,6,0,0,0,0,0,4,0,1,2,5,4,6,84,107,10,0,2,0,0,5,2,0,2,0,3,0,0,8,11,0,3,1,0,5,4,0,0,2,0,0,0,2,14,3,0,88,0,0,18,0,1,1,2,0,0,0,3,1,0,2,1,0,0,0,0,2,4,0,0,0,0,0,8,0,0,0,0,2,9,0,0,0,0,1,0,0,0,3,0,0,21,6,0,0,0,0,0,0,0,0,0,0,0,0,0,0,1,0,4,0,0,1,0,5,18,0,0
seatunnel-24cddf857081bc4b522a2576559f0d3b15a49941,0,0,14,8,53,12,3,0,6,40,1,1,29,72,0,292,0,4,0,0,0,2,4,4,0,105,2,3,6,8,18,0,0,5,2,1,8,1,6,5,18,5,11,116,108,27,0,2,0,0,4,2,0,3,0,2,3,10,17,26,0,10,24,1,27,44,0,0,11,3,0,0,2,38,11,0,105,2,2,56,0,5,2,0,11,4,0,5,0,0,1,1,3,0,0,0,12,4,2,0,0,0,4,2,0,1,0,2,16,10,0,1,0,1,8,2,0,5,7,0,1,63,33,6,0,0,0,0,4,0,2,1,1,1,0,0,0,0,0,11,4,1,1,0,23,45,1,0
seatunnel-24e1494e0086ba0781bdf7ee63a1e81dda33a119,0,0,8,14,55,23,4,0,6,54,0,0,33,95,0,147,2,4,0,0,0,0,8,5,1,120,8,5,4,10,20,0,0,2,3,0,16,1,6,3,23,2,6,96,144,54,0,0,1,0,7,4,0,3,1,1,12,15,28,22,0,13,28,1,26,42,1,0,16,3,0,0,3,34,21,0,119,3,2,70,0,10,1,0,12,5,0,5,0,0,5,0,3,0,3,1,15,4,2,0,3,0,5,8,0,0,0,2,31,8,0,1,0,1,9,2,0,5,10,0,0,72,43,6,0,1,0,1,4,0,4,1,1,0,0,0,0,0,1,13,11,1,0,1,38,96,1,0
seatunnel-250737231184f27d14298301ad4dd5f93418973c,0,0,8,9,61,15,3,0,6,47,0,1,29,77,0,124,2,5,0,0,0,0,5,5,1,110,3,4,4,4,18,0,0,4,2,0,9,1,7,3,21,2,6,86,120,40,0,0,1,0,4,2,0,3,1,1,7,9,24,21,0,6,24,1,32,42,1,0,14,3,0,0,4,32,14,0,122,3,2,59,0,4,1,0,8,4,0,5,0,0,3,0,3,0,0,1,10,2,2,0,0,0,4,7,0,0,0,2,19,10,0,1,0,1,8,2,0,5,5,0,1,61,32,6,0,0,0,1,4,0,5,1,1,0,0,3,0,0,0,7,8,1,0,0,37,73,1,0
seatunnel-253ea391dd723b03a60c3b8007444ac4b0324296,0,0,12,7,58,11,3,0,6,31,1,1,27,59,0,272,1,4,0,1,0,0,2,4,0,103,2,2,4,8,16,0,0,3,2,0,6,0,15,2,13,5,10,106,109,18,0,2,0,0,4,2,0,4,0,2,2,5,14,23,0,8,8,2,20,44,0,0,13,3,0,0,2,22,9,0,106,0,2,44,0,5,2,0,10,4,0,5,0,0,1,1,0,0,0,0,8,4,2,1,0,0,3,0,0,1,0,0,12,9,0,1,0,1,5,2,0,3,5,0,1,60,24,5,0,0,0,0,1,0,2,1,1,1,0,0,0,0,0,6,3,1,1,0,21,41,0,0
seatunnel-254223fdb92dd83d72ea6439457068ca38cb3d6d,0,0,12,7,38,7,1,0,0,25,1,1,19,57,0,239,0,4,0,0,0,0,2,4,0,73,1,1,3,8,12,0,0,1,1,1,5,2,14,2,10,3,6,89,94,14,0,2,0,0,4,2,0,2,0,2,0,5,12,19,0,6,9,2,8,3,0,0,1,3,0,0,2,21,7,0,87,0,0,39,0,3,1,0,6,4,0,17,0,0,1,1,0,0,0,0,9,4,1,1,0,0,3,14,0,1,0,0,13,9,0,0,0,1,5,0,0,3,13,1,0,58,21,0,0,0,0,0,0,0,1,1,1,1,0,0,0,0,0,6,2,0,1,0,13,36,0,0
seatunnel-255533d42433c9558d8ee9cb379a215ab341e52b,0,0,12,7,38,7,1,0,0,25,1,1,19,57,0,240,0,4,0,0,0,0,3,4,0,73,1,1,3,8,12,0,0,1,1,1,5,2,14,2,10,5,6,89,94,14,0,2,0,0,4,2,0,2,0,2,0,5,12,19,0,6,9,2,8,3,0,0,1,0,0,0,2,21,7,0,88,0,0,39,0,3,1,0,6,4,0,16,0,0,1,1,0,0,0,0,7,4,1,1,0,0,3,14,0,1,0,0,13,9,0,0,0,1,5,0,0,3,14,1,0,58,21,0,0,0,0,0,0,0,1,1,1,1,0,0,0,0,0,6,2,0,1,0,13,36,0,0
seatunnel-2586f305b44590d7ebce13db0e47e471329cbecd,0,0,14,8,54,12,3,0,6,40,1,1,31,74,0,300,0,4,0,0,0,2,4,4,0,108,2,3,6,8,18,0,0,5,2,1,8,1,6,5,19,5,11,117,122,27,0,2,0,0,4,2,0,3,0,2,3,10,17,26,0,10,24,1,29,44,1,0,11,3,0,0,3,38,11,0,105,2,2,61,0,5,2,0,11,4,0,5,0,0,1,1,3,0,0,1,12,5,2,0,0,0,3,2,0,1,0,2,16,10,0,1,0,1,8,2,0,5,7,0,1,62,33,6,0,0,0,0,4,0,2,1,1,1,0,0,0,0,0,11,4,1,1,0,31,47,1,0
seatunnel-258b85e1242968616364a9e2f7d8045e56a8b0a1,0,0,8,5,44,9,1,0,2,19,0,1,15,36,0,218,0,3,0,0,0,0,3,3,0,78,1,5,1,8,15,0,0,1,1,1,6,0,1,2,9,5,8,85,106,12,0,2,0,0,4,2,0,3,0,2,0,1,18,14,0,8,7,0,8,3,0,0,8,0,0,0,2,14,8,0,77,0,0,30,0,1,1,1,9,2,0,6,0,0,2,1,0,0,0,0,4,4,1,0,0,0,2,17,0,0,0,0,7,9,0,0,0,0,1,2,0,3,15,0,0,25,8,3,0,0,0,0,4,0,2,0,0,0,0,0,0,0,0,6,0,0,1,0,15,19,0,0
seatunnel-25d61c13d32268b5bd0c444cc8b4782ddb7e90d4,0,0,6,11,50,19,4,0,6,53,0,0,28,83,0,120,2,4,0,0,0,0,6,5,1,106,8,5,4,6,18,0,0,2,3,0,12,1,6,3,24,2,6,88,113,50,0,0,1,0,10,4,0,3,1,1,10,15,27,21,0,12,26,1,22,42,1,0,14,3,0,0,3,31,19,0,100,3,2,61,0,10,1,0,8,5,0,5,0,0,4,0,3,0,0,1,14,3,2,0,0,0,4,7,0,0,0,2,29,10,0,1,0,1,9,2,0,5,9,0,0,69,39,6,0,1,0,1,4,0,4,1,1,0,0,0,0,0,0,9,11,1,0,0,35,86,1,0
seatunnel-2616e6d83809c86c81cc399ccbb63ce89f72653b,0,0,10,14,56,23,4,0,6,54,0,0,34,96,0,147,2,10,0,0,1,0,8,11,1,125,8,5,4,10,19,0,0,2,3,0,16,1,6,3,23,2,6,97,144,54,0,0,1,0,7,4,0,3,1,1,13,15,28,22,0,13,28,1,26,42,1,0,16,3,0,0,3,34,21,0,119,3,2,72,0,10,1,0,12,5,0,5,0,0,5,0,3,0,3,1,16,4,3,0,3,0,5,8,0,0,0,2,31,8,0,1,0,1,9,2,0,5,10,0,0,72,44,6,0,1,0,1,4,0,4,1,1,0,0,0,0,0,1,13,11,1,0,1,38,96,1,2
seatunnel-263239def641690246aa71bdbeb383bd796d1950,0,0,8,5,38,11,1,0,0,18,1,1,14,38,0,224,0,3,0,0,0,0,4,3,0,67,1,1,1,8,14,0,0,1,0,1,5,1,1,2,8,4,6,76,95,10,0,2,0,0,4,2,0,2,0,2,0,1,16,19,0,5,6,0,7,3,0,0,4,0,0,0,2,15,5,0,78,0,0,24,0,1,1,1,6,2,0,6,0,0,2,1,0,0,0,0,4,4,1,0,0,0,2,16,0,0,0,0,6,9,0,0,0,0,4,0,0,3,15,0,0,42,9,0,0,0,0,0,4,0,1,0,0,0,0,0,0,0,0,6,2,0,1,0,12,26,0,0
seatunnel-26b0d3aa6f9741f670ef4fd2c695523a7d2a117e,0,0,14,8,54,12,3,0,6,40,1,1,29,73,0,293,0,4,0,0,0,2,4,4,0,105,2,3,6,8,18,0,0,5,2,1,8,1,6,5,18,5,11,116,108,27,0,2,0,0,4,2,0,3,0,2,3,10,17,26,0,10,24,1,27,44,0,0,11,3,0,0,2,38,11,0,105,2,2,56,0,5,2,0,11,4,0,5,0,0,1,1,3,0,0,0,12,4,2,0,0,0,3,2,0,1,0,2,16,10,0,1,0,1,8,2,0,5,7,0,1,61,33,6,0,0,0,0,4,0,2,1,1,1,0,0,0,0,0,11,4,1,1,0,23,45,1,0
seatunnel-26d49c93eb45d182570814a934aa50d8480ee45e,0,0,1,0,1,0,0,0,0,3,0,0,8,7,0,18,0,2,0,0,1,0,3,2,0,3,1,0,1,0,5,0,0,0,0,0,0,0,1,4,2,0,0,33,12,5,0,0,0,0,2,8,0,0,0,0,2,0,1,0,0,0,2,0,0,0,0,0,0,0,0,0,3,13,1,0,68,0,0,5,0,0,1,0,0,0,0,1,1,0,0,0,0,0,0,0,0,0,0,0,0,0,2,9,0,0,0,1,2,2,0,0,0,0,5,1,0,0,6,0,1,46,8,0,0,0,0,0,0,0,0,0,0,0,0,0,0,0,0,2,1,0,1,0,0,4,0,0
seatunnel-26f2437c358d252372255f057f829a2ffe2577e1,0,0,12,7,51,12,3,0,6,31,1,1,28,61,0,268,0,3,0,0,0,0,2,3,0,103,2,3,6,8,18,0,0,5,2,0,6,0,17,2,15,5,10,112,109,21,0,2,0,0,4,2,0,3,0,2,2,5,14,23,0,11,18,1,23,44,0,0,12,3,0,0,2,26,12,0,104,2,2,50,0,5,2,0,10,4,0,5,0,0,1,1,3,0,0,0,12,4,2,0,0,0,3,1,0,1,0,0,13,9,0,1,0,1,8,2,0,4,6,0,1,57,27,6,0,0,0,0,4,0,2,1,1,1,0,0,0,0,0,9,4,1,1,0,21,41,0,0
seatunnel-272d9d17e44b932c65f8fb0a1f985395fc8f10a7,0,0,12,7,51,12,3,0,6,31,1,1,29,60,0,271,0,3,0,0,0,0,2,3,0,105,2,3,6,8,18,0,0,5,2,0,6,0,17,3,15,5,11,112,109,22,0,2,0,0,4,2,0,3,0,2,2,5,17,24,0,11,18,1,23,44,0,0,12,3,0,0,2,26,12,0,104,2,2,50,0,5,2,0,11,4,0,5,0,0,1,1,3,0,0,0,12,4,2,0,0,0,3,1,0,1,0,2,13,9,0,1,0,1,8,2,0,5,6,0,1,61,30,6,0,0,0,0,4,0,2,1,1,1,0,0,0,0,0,11,4,1,1,0,23,41,0,0
seatunnel-273121d5a1f066a9e0d70e529f4ee5c0c6cf93b9,0,0,4,1,9,1,0,0,0,4,0,0,10,10,0,83,0,3,0,0,0,0,0,3,0,44,0,0,1,4,6,0,0,2,0,0,3,0,2,2,3,1,3,60,98,8,0,2,0,0,4,0,0,1,0,3,0,0,4,7,0,2,0,0,1,4,0,0,0,0,0,0,3,13,2,0,71,0,0,13,0,0,1,2,0,0,0,1,1,0,1,1,0,0,0,0,1,4,0,0,0,0,0,6,0,0,0,0,2,3,0,0,0,0,6,0,0,1,3,0,0,18,5,0,0,0,0,0,0,0,0,0,0,0,0,0,0,0,0,4,0,0,1,0,2,10,0,0
seatunnel-273418ddc9ae38ec107250f5f16ae0febfa7ed37,0,0,8,9,62,15,3,0,6,42,0,1,26,71,0,231,0,4,0,0,0,2,4,4,0,108,2,4,4,4,17,0,0,4,2,1,10,1,7,3,20,3,6,87,120,30,0,0,0,0,2,2,0,2,1,1,5,9,22,23,0,6,24,1,29,42,1,0,13,3,0,0,4,32,14,0,121,2,2,58,0,4,1,0,8,4,0,5,0,0,3,0,3,0,0,1,11,2,1,0,0,0,3,7,0,1,0,2,15,10,0,1,0,1,8,2,0,5,5,0,1,60,31,6,0,0,0,0,4,0,2,1,1,0,0,3,0,0,0,7,8,1,0,0,35,70,1,0
seatunnel-2734557fb5a14824a6289149e96da7dc8082f1e3,0,0,8,13,55,23,4,0,6,54,0,0,33,95,0,147,2,4,0,0,0,0,8,5,1,120,8,5,4,10,20,0,0,2,3,0,16,1,6,3,23,2,6,96,144,54,0,0,1,0,7,4,0,3,1,1,12,15,28,22,0,13,28,1,26,42,1,0,16,3,0,0,3,34,21,0,119,3,2,70,0,10,1,0,12,5,0,5,0,0,5,0,3,0,3,1,15,4,2,0,3,0,5,8,0,0,0,2,31,8,0,1,0,1,9,2,0,5,10,0,0,72,44,6,0,1,0,1,4,0,4,1,1,0,0,0,0,0,1,13,11,1,0,1,38,96,1,0
seatunnel-2760cae73c3c45945378e93abcb703873a6453d9,0,0,8,16,57,25,4,1,6,55,0,1,44,114,2,149,2,20,0,1,3,0,6,21,2,142,9,4,4,10,29,0,1,3,3,0,15,1,8,3,25,2,6,101,140,64,2,0,9,1,7,16,3,4,4,3,15,17,26,24,1,11,33,1,31,43,1,3,17,3,0,1,5,33,26,0,127,4,2,72,0,10,3,0,14,4,2,18,0,0,5,0,3,0,1,1,24,7,3,0,1,1,8,9,0,0,0,3,35,8,0,1,0,1,15,5,0,6,9,0,2,79,78,7,0,1,0,1,4,0,2,2,1,0,0,6,0,0,1,11,11,1,1,2,42,107,1,0
seatunnel-2786a5881d72828b2c8c32ebbc997209284582ee,0,0,5,1,2,1,0,0,0,4,0,0,4,8,0,67,0,3,0,0,0,0,1,3,0,6,1,0,1,4,5,0,0,0,0,0,0,0,1,2,3,0,1,37,12,5,0,2,0,0,3,0,0,1,0,1,0,0,3,2,0,1,0,0,1,2,0,0,0,3,0,0,2,13,1,0,68,0,0,8,0,0,1,0,0,0,0,2,1,0,0,1,0,0,0,0,0,1,0,0,0,0,0,7,0,0,0,0,4,3,0,0,0,0,5,0,0,0,5,0,0,20,6,0,0,0,0,0,0,0,0,0,0,0,0,0,0,0,0,4,0,0,1,0,0,5,0,0
seatunnel-27ad1d46eb0c5b418573247ba0ba173b678b8199,0,0,12,7,51,12,3,0,6,31,1,1,28,61,0,268,0,3,0,0,0,0,2,3,0,103,2,3,6,8,18,0,0,5,2,0,6,0,17,2,15,5,11,112,109,21,0,2,0,0,4,2,0,3,0,2,2,5,14,23,0,11,18,1,23,44,0,0,12,3,0,0,2,26,12,0,104,2,2,50,0,5,2,0,10,4,0,5,0,0,1,1,3,0,0,0,12,4,2,0,0,0,3,1,0,1,0,0,13,9,0,1,0,1,8,2,0,5,6,0,1,57,27,6,0,0,0,0,4,0,2,1,1,1,0,0,0,0,0,9,4,1,1,0,21,41,0,0
seatunnel-27c1bb802573672c949a19dfc6374a880dea9346,0,0,21,5,0,0,0,0,4,0,0,6,13,22,0,5,0,4,186,0,6,0,2,8,1,4,1,0,4,9,2,1,1,0,0,0,1,0,2,2,6,0,0,16,11,10,0,0,0,0,14,13,1,0,0,0,10,0,1,0,0,0,6,0,0,4,0,0,0,0,0,0,4,5,2,3,8,0,0,3,1,0,1,0,0,0,0,0,1,6,1,0,0,0,0,0,147,0,0,0,0,0,2,0,1,0,3,0,2,5,1,0,0,0,5,1,4,0,1,0,8,52,43,0,0,0,1,1,0,1,0,0,7,0,0,0,0,0,0,1,2,0,0,0,0,4,0,2
seatunnel-28525164905497b08c3551d56a5fdc6b7c4f31ec,0,0,12,7,51,12,3,0,6,31,1,1,28,61,0,268,0,3,0,0,0,0,2,3,0,103,2,3,6,8,18,0,0,5,2,0,6,0,17,2,15,5,10,112,109,21,0,2,0,0,4,2,0,3,0,2,2,5,14,23,0,11,18,1,23,44,0,0,12,3,0,0,2,26,12,0,104,2,2,50,0,5,2,0,10,4,0,5,0,0,1,1,3,0,0,0,12,4,2,0,0,0,3,1,0,1,0,0,13,9,0,1,0,1,8,2,0,4,6,0,1,57,27,6,0,0,0,0,4,0,2,1,1,1,0,0,0,0,0,9,4,1,1,0,21,41,0,0
seatunnel-286cd2f1e6de2bd6b57f3cef3f27a41ea5c231ba,0,0,1,0,0,0,0,0,0,3,0,0,8,18,0,16,0,0,0,0,1,0,2,0,0,4,1,0,1,0,4,0,0,0,0,0,0,0,1,3,2,0,0,26,11,5,0,0,0,0,2,8,0,0,0,0,2,0,1,0,0,0,2,0,0,0,0,0,0,0,0,0,3,11,1,0,6,0,0,2,0,0,1,0,0,0,0,1,1,0,0,0,0,0,0,0,0,0,0,0,0,0,2,7,0,0,0,1,2,2,0,0,0,0,5,1,0,1,5,0,0,46,8,0,0,0,0,0,0,0,0,0,0,0,0,0,0,0,0,2,1,0,1,0,0,4,0,0
seatunnel-28868797b704633313beff0ff379cb6a3ba626a9,0,0,14,8,59,14,3,0,6,42,1,1,31,76,0,293,0,4,0,0,0,2,4,4,0,110,2,3,6,8,18,0,0,5,2,1,8,1,6,5,19,5,11,121,124,28,0,2,0,0,4,2,0,3,0,2,5,10,18,26,0,9,24,1,29,44,1,0,11,3,0,0,4,36,16,0,105,2,2,65,0,5,2,0,11,4,0,5,0,0,3,1,3,0,0,1,12,4,2,0,0,0,3,4,0,1,0,2,16,10,0,1,0,1,8,2,0,5,7,0,1,62,33,6,0,0,0,0,4,0,2,1,1,1,0,0,0,0,0,11,5,1,1,0,33,62,1,0
seatunnel-28beb53195f4b9745ede72f62a1d4edd93622963,0,0,1,0,1,0,0,0,0,3,0,0,6,7,0,22,0,2,0,0,1,0,3,2,0,3,1,0,1,0,5,0,0,6,0,0,0,0,1,3,2,0,0,27,8,3,0,2,2,0,2,8,0,0,0,0,2,0,2,2,0,0,1,0,0,0,0,0,0,0,0,0,2,13,0,0,72,0,0,6,0,0,1,0,0,0,0,1,1,0,0,1,0,0,0,0,1,0,0,0,0,0,2,9,0,0,0,1,2,2,0,0,0,0,5,1,0,0,6,0,1,12,12,0,0,0,0,0,0,0,0,0,0,0,0,0,0,0,0,1,0,0,1,0,0,4,0,0
seatunnel-28c87ce9911a7fc8d0fc50ff94d8351824056335,0,0,3,0,0,0,0,0,0,0,0,0,5,8,0,4,0,0,24,0,0,1,1,0,0,3,0,0,0,0,1,1,0,0,0,0,0,0,2,1,4,0,0,9,11,1,0,0,0,0,0,0,2,0,0,0,0,0,1,0,0,0,0,0,0,0,0,0,0,0,0,0,2,1,0,0,6,0,0,2,0,0,0,0,0,0,0,0,1,1,0,0,0,0,0,0,0,0,0,0,0,0,0,0,0,0,0,0,0,2,0,0,0,0,4,1,0,0,0,0,0,35,2,0,0,0,0,0,0,0,0,0,0,0,0,0,0,0,0,1,0,0,0,0,0,3,0,0
seatunnel-28e987539b9d38def39a061c5e229bd105e6ade1,0,0,1,0,1,0,0,0,0,3,0,0,8,7,0,18,0,2,0,0,1,0,3,2,0,3,1,0,1,0,6,0,0,0,0,0,0,0,1,4,2,0,0,33,12,5,0,0,0,0,2,8,0,0,0,0,2,0,1,0,0,0,2,0,0,0,0,0,0,0,0,0,3,13,1,0,70,0,0,5,0,0,1,0,0,0,0,1,1,0,0,0,0,0,0,0,0,0,0,0,0,0,2,9,0,0,0,1,2,2,0,0,0,0,5,1,0,0,6,0,1,46,8,0,0,0,0,0,0,0,0,0,0,0,0,0,0,0,0,1,1,0,1,0,0,4,0,0
seatunnel-28f23149fc2ab71afe18d5b20757e0533ed45f74,0,0,8,16,57,25,4,2,6,55,0,1,44,114,2,149,2,20,0,1,3,0,6,21,2,142,9,4,4,10,29,0,1,3,3,0,15,1,8,3,25,2,6,101,140,64,2,0,9,1,7,16,3,4,4,3,15,17,26,24,1,11,33,1,31,43,1,3,17,3,0,1,5,33,26,0,127,4,2,72,0,10,3,0,14,4,2,18,0,0,5,0,3,0,1,1,24,7,3,0,1,1,8,9,0,0,0,3,35,8,0,1,0,1,15,5,0,6,9,0,2,79,79,7,0,1,0,1,4,0,2,2,1,0,0,6,0,0,1,11,11,1,1,2,42,107,1,0
seatunnel-28fb446ddb41e269836419f26ef05980c9ec960a,0,0,10,6,46,12,2,0,0,24,1,1,14,48,0,281,0,3,0,0,0,0,4,3,0,73,1,1,3,8,15,0,0,1,0,1,5,2,4,2,9,4,6,91,95,10,0,2,0,0,4,2,0,2,0,2,0,1,21,19,0,6,7,0,8,3,0,0,5,0,2,0,2,19,7,0,80,0,0,35,0,1,1,1,6,3,0,15,0,1,2,1,0,0,0,0,7,4,1,1,0,0,2,18,0,0,0,0,11,9,0,0,0,0,5,0,0,3,20,0,0,42,17,0,0,0,0,0,4,0,1,1,0,1,0,2,0,0,0,6,2,0,1,0,12,31,0,0
seatunnel-290c4a4ba8de287679d9672dcfacfb4aa0af08f8,0,0,10,14,55,23,4,0,6,54,0,0,33,96,0,147,2,4,0,0,0,0,8,5,1,120,8,5,4,10,20,0,0,2,3,0,16,1,6,3,23,2,6,96,144,54,0,0,1,0,7,4,0,3,1,1,13,15,28,22,0,13,28,1,26,42,1,0,16,3,0,0,3,34,21,0,119,3,2,70,0,10,1,0,12,5,0,5,0,0,5,0,3,0,3,1,16,4,3,0,3,0,5,8,0,0,0,2,31,8,0,1,0,1,9,2,0,5,10,0,0,72,44,6,0,1,0,1,4,0,4,1,1,0,0,0,0,0,1,13,11,1,0,1,38,96,1,2
seatunnel-29182ec1579c2e9014b227aa03d817947f2156d2,0,0,12,7,64,11,3,0,6,30,1,1,26,64,0,270,1,4,0,0,0,0,2,4,0,105,2,2,4,8,17,0,0,3,2,1,6,2,15,2,15,5,9,106,109,18,0,2,0,0,4,2,0,4,0,2,2,5,15,23,0,7,11,2,21,44,0,0,23,3,0,0,2,22,8,0,85,0,0,43,0,5,1,0,10,4,0,17,0,0,1,1,0,0,0,0,11,4,1,1,0,0,3,14,0,1,0,0,13,9,0,1,0,1,5,2,0,3,13,1,1,85,25,5,0,0,0,0,0,0,2,1,1,1,0,0,0,0,0,6,3,1,1,0,21,46,0,0
seatunnel-292a75aa702a60a7652c18badd7565d2a9dccf4e,0,0,12,7,38,7,1,0,0,25,1,1,19,57,0,240,0,4,0,0,0,0,3,4,0,73,1,1,3,8,12,0,0,1,1,1,5,2,14,2,10,5,6,89,94,14,0,2,0,0,4,2,0,2,0,2,0,5,12,19,0,6,9,2,8,3,0,0,1,0,0,0,2,21,7,0,88,0,0,39,0,3,1,0,6,4,0,16,0,0,1,1,0,0,0,0,7,4,1,1,0,0,3,14,0,1,0,0,13,9,0,0,0,1,5,0,0,3,14,1,0,58,21,0,0,0,0,0,0,0,1,1,1,1,0,0,0,0,0,6,2,0,1,0,13,36,0,0
seatunnel-294cf67491aab7d231620d521911816c304304c5,0,0,10,17,57,24,4,0,6,53,0,0,42,107,2,152,2,16,0,0,3,0,5,17,2,160,8,4,4,10,26,0,1,2,3,0,15,1,5,3,23,3,6,101,148,66,0,0,8,1,8,16,3,4,4,1,15,15,26,22,1,13,32,1,27,43,1,0,14,3,0,1,5,32,27,0,127,4,2,80,0,10,2,0,16,4,2,18,0,0,5,0,3,0,1,1,24,5,4,0,1,1,8,9,0,0,0,3,34,8,0,1,0,1,15,5,0,5,10,0,2,80,72,6,0,1,0,1,4,0,2,1,1,0,0,0,0,0,1,13,11,1,1,2,38,106,1,2
seatunnel-295d08b4f69e6dbf255bf7058c6e26603c7b55f1,0,0,5,1,2,1,0,0,0,4,0,0,4,8,0,67,0,3,0,0,0,0,1,3,0,6,1,1,1,4,5,0,0,0,0,0,0,0,1,2,3,0,0,37,12,5,0,2,0,0,3,0,0,1,0,1,0,0,3,2,0,1,0,0,1,2,0,0,0,3,0,0,2,13,1,0,68,0,0,8,0,0,1,0,0,0,0,2,1,0,0,1,0,0,0,0,0,1,0,0,0,0,0,7,0,0,0,0,4,3,0,0,0,0,5,0,0,0,5,0,0,20,6,0,0,0,0,0,0,0,0,0,0,0,0,0,0,0,0,4,0,0,1,0,0,5,0,0
seatunnel-296c2a515c37123d0156bfe2490ab070531b8c54,0,0,1,0,7,0,0,0,0,3,0,0,8,18,0,18,0,2,0,0,1,0,3,2,0,3,1,0,1,0,5,0,0,0,0,0,0,0,1,4,3,0,0,33,12,5,0,0,0,0,3,8,0,0,0,0,2,0,7,0,0,0,2,0,0,0,0,0,0,0,0,0,3,13,1,0,66,0,0,5,0,0,1,0,0,0,0,1,1,0,0,0,0,0,0,0,0,0,0,0,0,0,2,9,0,0,0,1,2,2,0,0,0,0,5,1,0,0,6,0,1,46,8,0,0,0,0,0,0,0,0,0,0,0,0,0,0,0,0,2,1,0,1,0,0,4,0,0
seatunnel-296de1338e43b08aa0fdcec1caf2acb6fc9e1f52,0,0,12,7,51,12,3,0,6,31,1,1,28,61,0,271,1,3,0,0,0,0,2,3,0,102,2,3,4,8,16,0,0,3,2,0,6,0,16,2,13,5,10,112,109,19,0,2,0,0,4,2,0,3,0,2,2,5,13,23,0,10,9,1,21,44,0,0,11,3,0,0,2,26,11,0,104,0,2,50,0,5,2,0,10,4,0,5,0,0,1,1,0,0,0,0,7,4,2,0,0,0,3,0,0,1,0,0,13,9,0,1,0,1,5,2,0,3,5,0,1,57,25,5,0,0,0,0,4,0,2,1,1,1,0,0,0,0,0,7,5,1,1,0,21,41,0,0
seatunnel-297345cb22e8d80e68a92042f058a6ce6d882e39,0,0,1,0,0,0,0,0,0,3,0,0,8,18,0,15,0,0,0,0,1,0,2,0,0,4,1,0,1,0,4,0,0,0,0,0,0,0,1,3,3,0,0,24,11,5,0,0,0,0,2,8,0,0,0,0,2,0,1,0,0,0,2,0,0,0,0,0,0,0,0,0,3,7,1,0,6,0,0,1,0,0,1,0,0,0,0,1,1,0,0,0,0,0,0,0,0,0,0,0,0,0,2,7,0,0,0,1,2,2,0,0,0,0,5,1,0,1,5,0,0,45,8,0,0,0,0,0,0,0,0,0,0,0,0,0,0,0,0,2,1,0,1,0,0,4,0,0
seatunnel-298a45deab6f66104669d800290050dd3f2a2d7b,0,0,10,15,56,25,4,1,6,55,0,0,45,112,2,152,2,21,0,1,3,0,6,22,2,161,9,4,4,10,28,0,1,2,3,0,15,1,5,3,25,2,6,101,150,65,0,0,9,1,8,16,3,4,4,3,16,17,26,26,1,13,33,1,27,43,1,3,14,3,0,1,5,33,28,0,131,4,2,81,0,10,2,0,17,4,2,18,0,0,5,0,3,0,1,1,26,5,4,0,1,1,7,9,0,0,0,3,36,8,0,1,0,1,15,5,0,4,10,0,3,75,73,6,0,1,0,1,4,0,2,1,1,0,0,6,0,0,1,13,11,1,1,2,43,106,1,2
seatunnel-298f2bb1beddcce559ff7ea207dec31d55c83906,0,0,8,16,64,26,4,3,6,55,0,1,44,117,2,148,2,20,0,1,3,0,5,21,2,142,9,4,4,10,27,0,1,3,3,0,15,1,7,3,25,2,6,106,140,65,2,0,9,1,7,16,4,4,4,3,15,17,28,24,1,11,33,1,31,43,1,3,20,3,0,1,5,25,26,0,129,4,2,77,0,10,3,0,14,4,2,18,0,0,5,0,3,1,1,1,24,7,3,0,1,1,8,9,0,0,0,4,35,8,0,1,0,1,15,6,0,6,9,0,2,79,86,7,0,1,0,1,4,0,2,2,1,0,1,6,0,0,1,11,13,0,1,2,42,106,1,0
seatunnel-29b04e24058acd76b32873e7fd18a42af8e3e44b,0,0,9,11,50,17,4,0,6,53,0,1,27,84,0,121,2,4,0,0,0,0,6,5,1,107,8,5,4,6,18,0,0,2,2,0,12,1,6,3,24,3,6,88,113,47,0,0,1,0,10,2,0,6,1,1,10,15,27,22,0,11,26,1,22,42,1,0,14,3,0,0,3,32,19,0,103,3,2,61,0,10,1,0,8,5,0,5,0,0,3,0,3,0,0,1,11,3,2,0,0,0,4,7,0,0,0,2,29,10,0,1,0,1,9,2,0,5,9,0,0,62,38,6,0,1,0,1,4,0,4,1,1,0,0,0,0,0,0,10,12,1,0,0,35,86,1,0
seatunnel-29f824608946c59b5d395d7f8e2291d3f189124f,0,0,10,11,57,17,4,0,6,53,0,1,30,84,0,120,2,4,0,0,0,0,6,5,1,108,8,5,4,6,18,0,0,2,2,0,12,1,6,3,24,2,6,88,113,47,0,0,1,0,9,2,0,6,1,1,10,15,27,22,0,11,26,1,23,42,1,0,14,3,0,0,3,32,19,0,103,3,2,61,0,10,1,0,8,5,0,5,0,0,3,0,3,0,0,1,11,3,2,0,0,0,4,7,0,0,0,2,29,10,0,1,0,1,9,2,0,5,9,0,0,62,38,6,0,1,0,1,4,0,4,1,1,0,0,0,0,0,0,10,12,1,0,0,35,86,1,0
seatunnel-2a18326ac9e92283b79610d2e68483aea114d54a,0,0,10,10,58,16,4,0,6,46,0,1,32,86,0,127,2,4,0,0,0,0,6,5,1,112,7,5,4,6,19,0,0,2,2,0,12,1,7,3,24,2,6,88,120,47,0,0,1,0,9,2,0,6,1,1,8,8,28,21,0,8,26,1,23,42,1,0,16,3,0,0,4,36,16,0,125,3,2,60,0,10,1,0,8,5,0,5,0,0,3,0,3,0,0,1,10,3,2,0,0,0,4,7,0,0,0,2,20,10,0,1,0,1,9,2,0,5,9,0,0,62,35,6,0,1,0,1,4,0,4,1,1,0,0,0,0,0,0,8,12,1,0,0,37,85,1,0
seatunnel-2a1fd5027f0eea2c929d257f5a150bb83cb6df63,0,0,8,5,44,11,1,0,0,24,1,1,14,40,0,250,0,3,0,0,0,0,4,3,0,68,1,1,2,8,14,0,0,1,0,1,5,1,3,2,8,4,6,84,95,10,0,2,0,0,4,2,0,2,0,2,0,1,18,19,0,5,6,0,7,3,0,0,4,0,0,0,2,16,5,0,79,0,0,31,0,1,1,1,6,3,0,15,0,0,2,1,0,0,0,0,5,4,1,0,0,0,2,16,0,0,0,0,6,9,0,0,0,0,4,0,0,3,17,0,0,42,11,0,0,0,0,0,4,0,1,1,0,0,0,0,0,0,0,6,2,0,1,0,12,26,0,0
seatunnel-2a42f3b718dd8ef16e98aa3cd068a9abbd0e3f7d,0,0,1,0,0,0,0,0,0,3,0,0,8,18,0,15,0,0,0,0,1,0,2,0,0,4,1,0,1,0,4,0,0,0,0,0,0,0,1,3,3,0,0,24,11,5,0,0,0,0,2,8,0,0,0,0,2,0,1,0,0,0,2,0,0,0,0,0,0,0,0,0,3,7,1,0,6,0,0,1,0,0,1,0,0,0,0,1,1,0,0,0,0,0,0,0,0,0,0,0,0,0,2,7,0,0,0,1,2,2,0,0,0,0,5,1,0,1,5,0,0,45,8,0,0,0,0,0,0,0,0,0,0,0,0,0,0,0,0,2,1,0,1,0,0,4,0,0
seatunnel-2a69fdd41f7837f34164317ae6f049079085d155,0,0,8,11,52,23,4,0,6,53,0,0,36,92,0,151,2,4,0,0,0,0,7,5,1,158,8,5,4,10,20,0,0,2,3,0,16,1,6,3,23,3,6,100,148,61,0,0,7,0,7,4,0,3,1,1,12,15,26,27,0,15,29,1,25,42,1,0,16,3,0,0,4,30,26,0,119,3,2,72,0,10,1,0,16,5,0,5,0,0,5,0,3,0,3,1,15,5,2,0,3,0,5,9,0,0,0,2,31,8,0,1,0,1,9,2,0,6,11,0,1,74,42,6,0,1,0,1,4,0,2,1,1,0,0,0,0,0,1,13,14,1,0,1,39,102,1,0
seatunnel-2af310ac8db1ac73bf9c0b8e6d71449306a2e3c2,0,0,12,7,38,7,1,0,0,25,1,1,19,57,0,239,0,4,0,0,0,0,2,4,0,73,1,1,3,8,12,0,0,1,1,1,5,2,14,2,10,3,6,89,94,14,0,2,0,0,4,2,0,2,0,2,0,5,12,19,0,6,9,2,8,3,0,0,1,3,0,0,2,21,7,0,87,0,0,39,0,3,1,0,6,4,0,17,0,0,1,1,0,0,0,0,9,4,1,1,0,0,3,14,0,1,0,0,13,9,0,0,0,1,5,0,0,3,13,1,0,58,21,0,0,0,0,0,0,0,1,1,1,1,0,0,0,0,0,6,2,0,1,0,13,36,0,0
seatunnel-2b44992750ec6a751ccec0f8d3d76731f144c9d7,0,0,12,7,51,12,3,0,6,31,1,1,28,61,0,271,1,3,0,0,0,0,2,3,0,102,2,3,4,8,16,0,0,3,2,0,6,0,16,2,13,5,10,112,109,19,0,2,0,0,4,2,0,3,0,2,2,5,13,23,0,10,9,1,21,44,0,0,11,3,0,0,2,26,11,0,104,0,2,50,0,5,2,0,10,4,0,5,0,0,1,1,0,0,0,0,7,4,2,0,0,0,3,0,0,1,0,0,13,9,0,1,0,1,5,2,0,3,5,0,1,57,25,5,0,0,0,0,4,0,2,1,1,1,0,0,0,0,0,7,5,1,1,0,21,41,0,0
seatunnel-2b560b705d900632f8bc2a0279feee38bfa26e82,0,0,1,0,1,0,0,0,0,3,0,0,8,7,0,25,0,3,0,0,1,0,1,3,0,3,1,0,1,0,4,0,0,6,0,0,0,0,1,2,2,0,0,26,8,2,0,2,2,0,2,8,0,0,0,0,2,0,4,2,0,0,1,0,0,0,0,0,0,0,0,0,2,14,0,0,72,0,0,6,0,0,1,0,0,0,0,1,1,0,0,1,0,0,0,0,0,0,0,0,0,0,2,4,0,0,0,1,2,2,0,0,0,0,5,0,0,0,3,0,1,12,12,0,0,0,0,0,0,0,0,0,0,0,0,0,0,0,0,1,0,0,1,0,0,4,0,0
seatunnel-2b650981b15680e89eaff027038ff08822cb7b75,0,0,3,1,2,1,0,0,0,4,0,0,6,6,0,60,0,3,0,0,0,0,0,3,0,5,0,0,1,4,5,0,0,0,0,0,0,0,1,2,3,0,1,37,12,5,0,2,0,0,3,0,0,1,0,1,0,0,4,2,0,1,0,0,1,2,0,0,0,3,0,0,2,13,1,0,68,0,0,8,0,0,1,0,0,0,0,0,1,0,0,1,0,0,0,0,0,1,0,0,0,0,0,7,0,0,0,0,2,3,0,0,0,0,5,0,0,0,4,0,0,15,6,0,0,0,0,0,0,0,0,0,0,0,0,0,0,0,0,4,0,0,1,0,0,6,0,0
seatunnel-2b6c5c477a31901327a158edb0e0b35585df2387,0,0,1,0,1,0,0,0,0,3,0,0,8,7,0,19,0,2,0,0,1,0,3,2,0,3,1,0,1,0,6,0,0,0,0,0,0,0,1,3,2,0,0,33,12,2,0,2,2,0,2,8,0,0,0,0,2,0,1,2,0,0,1,0,0,0,0,0,0,0,0,0,3,13,0,0,72,0,0,5,0,0,1,0,0,0,0,1,1,0,0,1,0,0,0,0,1,0,0,0,0,0,2,9,0,0,0,1,2,2,0,0,0,0,5,1,0,0,6,0,1,36,9,0,0,0,0,0,0,0,0,0,0,0,0,0,0,0,0,1,1,0,1,0,0,4,0,0
seatunnel-2b849966de47638803b176941ca1030b86743367,0,0,1,0,1,0,0,0,0,3,0,0,8,7,0,25,0,3,0,0,1,0,1,3,0,3,1,0,1,0,4,0,0,6,0,0,0,0,1,3,2,0,0,26,8,2,0,2,2,0,2,8,0,0,0,0,2,0,4,2,0,0,1,0,0,0,0,0,0,0,0,0,2,14,0,0,72,0,0,6,0,0,1,0,0,0,0,1,1,0,0,1,0,0,0,0,0,0,0,0,0,0,2,4,0,0,0,1,2,2,0,0,0,0,5,0,0,0,3,0,1,12,12,0,0,0,0,0,0,0,0,0,0,0,0,0,0,0,0,1,0,0,1,0,0,4,0,0
seatunnel-2bad99d35badf51ae182611d4eb37a519fb16ee7,0,0,8,2,27,7,1,0,0,18,0,1,13,25,0,179,0,3,0,0,0,0,1,3,0,65,1,1,1,8,11,0,0,1,0,0,5,0,1,2,5,4,6,62,95,11,0,2,0,0,4,2,0,2,0,4,0,1,11,13,0,6,2,0,8,3,0,0,2,0,0,0,2,14,6,0,92,0,0,20,0,1,1,1,0,2,0,6,0,0,2,1,0,0,0,0,2,4,1,0,0,0,0,14,0,0,0,0,5,9,0,0,0,0,1,0,0,3,12,0,0,22,8,0,0,0,0,0,0,0,1,0,0,0,0,0,0,0,0,7,0,0,1,0,10,19,0,0
seatunnel-2bbb3ebe680cb41d5f49c3d201fea1e64124cd04,0,0,8,5,62,11,3,0,6,23,0,1,17,37,0,237,0,3,0,0,0,0,3,3,0,91,1,2,1,8,19,0,0,1,1,1,5,0,1,2,9,5,7,88,108,16,0,2,0,0,4,2,0,4,0,2,1,1,18,13,0,8,9,0,11,3,0,0,16,0,0,0,2,15,8,0,77,0,0,27,0,1,1,2,10,2,0,6,0,0,2,1,0,0,0,0,4,4,1,0,0,0,2,17,0,0,0,0,7,9,0,1,0,0,1,2,0,3,15,0,0,29,11,0,0,0,0,0,4,0,2,0,0,0,0,0,0,0,0,6,0,1,1,0,18,26,0,0
seatunnel-2c13651e70ae15b5d0204bc1f6e662cec2f5d6d2,0,0,1,0,0,0,0,0,0,3,0,0,8,18,0,15,0,0,0,0,1,0,2,0,0,4,1,0,1,0,4,0,0,0,0,0,0,0,1,3,3,0,0,24,11,5,0,0,0,0,2,8,0,0,0,0,2,0,1,0,0,0,2,0,0,0,0,0,0,0,0,0,3,7,1,0,6,0,0,1,0,0,1,0,0,0,0,1,1,0,0,0,0,0,0,0,0,0,0,0,0,0,2,7,0,0,0,1,2,2,0,0,0,0,5,1,0,1,5,0,0,45,8,0,0,0,0,0,0,0,0,0,0,0,0,0,0,0,0,2,1,0,1,0,0,4,0,0
seatunnel-2c86a99c1ae2d0c238cffaa7ab5c2c59393cee66,0,0,10,16,54,25,4,0,6,53,0,0,40,106,2,153,2,14,0,0,2,0,7,15,2,160,8,4,4,10,26,0,0,2,3,0,15,1,5,3,24,3,6,103,148,66,0,0,8,1,7,8,3,4,4,1,13,15,26,23,1,13,31,1,27,42,1,0,14,3,0,1,5,32,25,0,123,4,2,82,0,10,2,0,16,4,0,18,0,0,5,0,3,0,3,1,16,5,4,0,3,1,6,9,0,0,0,3,33,8,0,1,0,1,15,5,0,5,9,0,1,78,63,6,0,1,0,1,4,0,2,1,1,0,0,0,0,0,2,13,10,1,1,2,38,101,1,2
seatunnel-2ca38ac40b9a15c9f9ea7fb1734554413a3f468e,0,0,5,1,2,1,0,0,0,5,0,0,5,9,0,67,0,3,0,0,0,0,1,3,0,6,1,1,1,4,5,0,0,0,0,0,0,0,1,2,3,0,0,37,12,5,0,2,0,0,3,0,0,1,0,1,0,1,3,3,0,1,0,0,1,2,0,0,0,3,0,0,2,13,1,0,68,0,0,9,0,0,1,0,0,0,0,2,0,0,0,1,0,0,0,0,0,1,1,0,0,0,0,7,0,0,0,0,5,3,0,0,0,0,6,0,0,0,5,0,0,20,6,0,0,0,0,0,0,0,0,0,0,0,0,0,0,0,0,4,0,0,1,0,0,5,0,0
seatunnel-2ca7426d22c43267363c88d70291dcee844cc0c9,0,0,8,16,62,26,4,2,6,55,0,1,44,117,2,148,2,20,0,1,3,0,5,21,2,142,9,4,4,10,30,0,1,3,3,0,15,1,8,3,25,2,6,106,140,65,2,0,9,1,7,16,4,4,4,3,15,17,28,24,1,10,33,1,31,43,1,3,20,3,0,1,5,25,25,0,129,4,2,77,0,10,3,0,14,4,2,18,0,0,5,0,3,1,1,1,24,7,3,0,1,1,8,9,0,0,0,4,35,8,0,1,0,1,15,6,0,6,9,0,2,79,84,7,0,1,0,1,4,0,2,2,1,0,1,6,0,0,1,11,13,1,1,2,42,106,1,0
seatunnel-2cc48935d5c865bc482e68481e91cf3003417f8f,0,0,10,17,56,25,4,0,6,53,0,0,42,107,2,152,2,14,0,0,3,0,5,15,2,161,8,4,4,10,26,0,1,2,3,0,15,1,5,3,24,3,6,101,148,66,0,0,8,1,8,16,3,4,4,1,15,15,26,22,1,13,32,1,28,43,1,0,14,3,0,1,5,32,27,0,123,4,2,82,0,10,2,0,16,4,0,18,0,0,5,0,3,0,1,1,24,5,4,0,1,1,8,9,0,0,0,3,34,8,0,1,0,1,15,5,0,5,10,0,2,78,71,6,0,1,0,1,4,0,2,1,1,0,0,0,0,0,1,13,11,1,1,2,38,102,1,2
seatunnel-2d1933195d39271134bff04bd68e5723ba627745,0,0,10,16,57,25,4,1,6,55,0,1,44,114,2,149,2,20,0,1,3,0,6,21,2,143,9,4,4,10,29,0,1,3,3,0,15,1,8,3,25,2,6,101,140,64,2,0,9,1,7,16,3,4,4,3,16,17,26,24,1,11,33,1,31,43,1,3,17,3,0,1,5,33,26,0,127,4,2,72,0,10,2,0,14,4,2,18,0,0,5,0,3,0,1,1,25,7,4,0,1,1,8,9,0,0,0,3,35,8,0,1,0,1,15,5,0,6,9,0,2,78,77,7,0,1,0,1,4,0,2,2,1,0,0,6,0,0,1,11,11,1,1,2,42,107,1,2
seatunnel-2d2218f699220507cd347677fe285caac3c7dd02,0,0,17,0,0,0,0,0,0,0,0,0,7,9,0,4,0,0,25,0,0,1,1,0,0,3,0,0,0,0,1,1,0,0,0,0,0,0,2,2,5,0,0,17,11,5,0,0,0,0,1,0,1,0,0,0,0,0,1,0,0,0,0,0,0,0,0,0,0,0,0,0,2,1,0,0,7,0,0,3,0,0,0,0,0,0,0,0,1,1,0,0,0,0,0,0,0,0,0,0,0,0,0,0,0,0,0,0,0,2,0,0,0,0,4,1,0,0,0,0,0,37,2,0,0,0,0,0,0,0,0,0,0,0,0,0,0,0,0,1,1,0,0,0,0,3,0,0
seatunnel-2d4d085981826fb0ca79e141256d9784d80e8fcd,0,0,12,7,51,12,3,0,6,31,1,1,29,60,0,270,0,3,0,0,0,0,2,3,0,105,2,3,6,8,18,0,0,5,2,0,6,0,17,2,15,5,11,112,109,22,0,2,0,0,4,2,0,3,0,2,2,5,17,24,0,11,18,1,23,44,0,0,12,3,0,0,2,26,12,0,104,2,2,50,0,5,2,0,11,4,0,5,0,0,1,1,3,0,0,0,12,4,2,0,0,0,3,1,0,1,0,1,13,9,0,1,0,1,8,2,0,5,6,0,1,61,30,6,0,0,0,0,4,0,2,1,1,1,0,0,0,0,0,9,4,1,1,0,23,41,0,0
seatunnel-2d4e9e59239c46db832699918d3d69453b89342a,0,0,1,0,7,0,0,0,0,3,0,0,8,7,0,18,0,2,0,0,1,0,3,2,0,3,1,0,1,0,5,0,0,0,0,0,0,0,1,4,3,0,0,33,12,5,0,0,0,0,3,8,0,0,0,0,2,0,7,0,0,0,2,0,0,0,0,0,0,0,0,0,3,13,1,0,66,0,0,5,0,0,1,0,0,0,0,1,1,0,0,0,0,0,0,0,0,0,0,0,0,0,2,9,0,0,0,1,2,2,0,0,0,0,5,1,0,0,6,0,1,46,8,0,0,0,0,0,0,0,0,0,0,0,0,0,0,0,0,2,1,0,1,0,0,4,0,0
seatunnel-2dbb56b505288b0e70e73a6c8e2a4467a86e4baf,0,0,8,5,39,11,1,0,0,18,1,1,14,38,0,226,0,3,0,0,0,0,4,3,0,67,1,1,2,8,14,0,0,1,0,1,5,1,3,2,8,4,6,77,95,10,0,2,0,0,4,2,0,2,0,2,0,1,16,19,0,5,6,0,7,3,0,0,4,0,0,0,2,15,5,0,78,0,0,25,0,1,1,1,6,2,0,8,0,0,2,1,0,0,0,0,4,4,1,0,0,0,2,16,0,0,0,0,6,9,0,0,0,0,4,0,0,3,15,0,0,42,9,0,0,0,0,0,4,0,1,0,0,0,0,0,0,0,0,6,2,0,1,0,12,26,0,0
seatunnel-2dd3476730f1e44251833a4b397b0eaccd979d43,0,0,8,4,35,9,1,0,0,18,0,1,15,32,0,216,0,3,0,0,0,0,3,3,0,65,1,1,1,8,14,0,0,1,0,1,5,0,1,2,6,4,6,76,95,12,0,2,0,0,4,2,0,2,0,2,0,1,16,13,0,5,6,0,7,3,0,0,6,0,0,0,2,14,5,0,92,0,0,24,0,1,1,1,6,2,0,6,0,0,2,1,0,0,0,0,3,4,1,0,0,0,2,17,0,0,0,0,6,9,0,0,0,0,1,0,0,3,15,0,0,24,9,0,0,0,0,0,4,0,1,0,0,0,0,0,0,0,0,6,0,0,1,0,12,19,0,0
seatunnel-2e16161865a8374b7b5a3257539b848480af969d,0,0,12,7,61,11,3,0,6,31,1,1,27,64,0,270,1,4,0,1,0,0,2,4,0,105,2,2,4,8,17,0,0,3,2,1,6,2,15,2,15,5,9,106,109,18,0,2,0,0,4,2,0,4,0,2,2,5,15,23,0,7,11,2,21,44,0,0,13,3,0,0,2,22,8,0,107,0,0,44,0,5,1,0,10,4,0,5,0,0,1,1,0,0,0,0,10,4,2,1,0,0,3,0,0,1,0,0,12,9,0,1,0,1,5,2,0,3,5,1,1,85,25,5,0,0,0,0,0,0,2,1,1,1,0,0,0,0,0,6,3,1,1,0,21,46,0,0
seatunnel-2e34311bd97447b3c0024c3bd4040f80050fb428,0,0,1,0,1,0,0,0,0,3,0,0,8,7,0,25,0,3,0,0,1,0,3,3,0,3,1,0,1,0,5,0,0,6,0,0,0,0,1,3,2,0,0,26,8,3,0,2,2,0,2,8,0,0,0,0,2,0,4,2,0,0,1,0,0,0,0,0,0,0,0,0,2,13,0,0,72,0,0,6,0,0,1,0,0,0,0,1,1,0,0,1,0,0,0,0,1,0,0,0,0,0,2,9,0,0,0,1,2,2,0,0,0,0,5,1,0,0,6,0,1,12,12,0,0,0,0,0,0,0,0,0,0,0,0,0,0,0,0,1,0,0,1,0,0,4,0,0
seatunnel-2e3ec3d171173939e012b04dc3fae25d0d505b74,0,0,1,0,0,0,0,0,0,3,0,0,8,18,0,16,0,1,0,0,1,0,2,1,0,4,1,0,1,0,4,0,0,0,0,0,0,0,1,3,2,0,0,26,11,5,0,0,0,0,2,8,0,0,0,0,2,0,1,0,0,0,2,0,0,0,0,0,0,0,0,0,3,12,1,0,8,0,0,2,0,0,1,0,0,0,0,1,1,0,0,0,0,0,0,0,0,0,0,0,0,0,2,7,0,0,0,1,2,2,0,0,0,0,5,1,0,1,5,0,1,46,8,0,0,0,0,0,0,0,0,0,0,0,0,0,0,0,0,2,1,0,1,0,0,4,0,0
seatunnel-2e5ac31fbeb5a8f9752fc45012c12ea77f23104e,0,0,5,5,0,0,0,0,4,0,0,0,13,23,0,6,0,4,0,0,1,0,2,8,1,4,1,0,4,0,2,1,0,0,0,0,1,0,2,2,5,0,0,17,11,10,0,0,0,0,13,13,0,0,0,0,10,0,1,1,0,0,5,0,0,4,0,0,0,0,0,0,4,5,3,4,8,0,0,3,1,0,1,0,0,0,0,0,1,6,1,0,0,0,0,0,147,0,0,0,0,0,2,6,0,0,0,0,6,5,1,0,0,0,5,1,4,0,1,0,2,52,38,0,0,0,0,1,0,1,0,0,7,0,0,0,0,0,0,1,2,0,0,0,0,4,0,2
seatunnel-2e8b28d1525ad7a50371409bb0701937ab4fe625,0,0,10,16,57,25,4,1,6,55,0,1,44,115,2,149,2,20,0,1,3,0,6,21,2,142,9,4,4,10,29,0,1,3,3,0,15,1,8,3,25,2,6,101,140,64,2,0,9,1,7,16,3,4,4,3,16,17,26,24,1,11,33,1,31,43,1,3,17,3,0,1,5,33,26,0,127,4,2,72,0,10,2,0,14,4,2,18,0,0,5,0,3,0,1,1,25,7,4,0,1,1,8,9,0,0,0,3,35,8,0,1,0,1,15,5,0,6,9,0,2,79,77,7,0,1,0,1,4,0,2,2,1,0,0,6,0,0,1,11,11,1,1,2,42,107,1,2
seatunnel-2e9a1bdb12094edf3a39a960fb785138ac5b2f17,0,0,8,16,64,27,4,5,6,55,0,2,44,117,2,148,2,20,0,1,3,0,6,21,2,142,9,4,4,10,27,0,1,3,3,0,15,1,7,3,24,2,6,106,140,66,2,0,9,1,7,16,4,4,4,3,16,17,28,24,1,11,33,1,31,43,1,3,18,3,0,1,5,25,26,0,129,4,2,77,0,10,3,0,14,4,2,18,0,0,5,0,3,1,1,1,24,7,3,0,1,1,8,9,0,0,0,4,35,8,0,1,0,1,15,6,0,6,9,0,2,79,88,7,0,1,0,1,4,0,2,2,1,0,1,6,0,0,1,11,13,0,1,2,42,106,1,0
seatunnel-2eabe6d6f53848b4560ca04f668bea0b9e44d589,0,0,1,0,1,0,0,0,0,3,0,0,8,7,0,18,0,2,0,0,1,0,3,2,0,3,1,0,1,0,6,0,0,0,0,0,0,0,1,4,2,0,0,33,12,5,0,0,0,0,2,8,0,0,0,0,2,0,1,0,0,0,2,0,0,0,0,0,0,0,0,0,3,13,1,0,70,0,0,5,0,0,1,0,0,0,0,1,1,0,0,0,0,0,0,0,0,0,0,0,0,0,2,9,0,0,0,1,2,2,0,0,0,0,5,1,0,0,6,0,1,46,8,0,0,0,0,0,0,0,0,0,0,0,0,0,0,0,0,1,1,0,1,0,0,4,0,0
seatunnel-2f61d8e6f259eaeeb2cc5c9974d9773c2a87ddb8,0,0,12,7,58,11,3,0,6,31,1,1,27,58,0,270,1,3,0,1,0,0,2,3,0,103,2,3,4,8,16,0,0,3,2,0,6,0,15,2,13,5,10,108,109,18,0,2,0,0,4,2,0,4,0,2,2,5,14,23,0,8,8,0,20,44,0,0,13,3,0,0,2,22,9,0,104,0,2,45,0,5,2,0,10,4,0,5,0,0,1,1,0,0,0,0,8,4,2,1,0,0,3,0,0,1,0,0,13,9,0,1,0,1,5,2,0,3,5,0,1,60,24,5,0,0,0,0,4,0,2,1,1,1,0,0,0,0,0,6,5,1,1,0,21,41,0,0
seatunnel-2f7b9fa327c5aff5848392aed8dba74e744c65cb,0,0,5,5,0,0,0,0,4,3,0,0,13,28,0,17,0,4,0,0,1,0,2,8,1,4,1,0,4,0,2,1,0,0,0,0,1,0,2,2,5,1,0,20,11,11,0,0,0,0,13,13,0,0,0,0,10,0,1,1,0,0,5,0,0,4,0,0,0,0,0,0,4,5,4,4,8,0,0,2,1,0,2,0,0,0,0,1,1,6,1,0,0,0,0,0,152,0,0,0,0,0,2,6,0,0,0,0,7,5,1,0,0,0,5,1,4,1,1,0,2,51,39,0,0,0,0,1,0,1,0,0,7,0,0,0,0,0,0,2,2,0,0,0,0,4,0,2
seatunnel-2f86310443a610ba9ce989927fbdf233f3cb3f55,0,0,17,0,0,0,0,0,0,0,0,0,7,9,0,4,0,0,28,0,0,1,1,0,0,3,0,0,0,0,1,1,0,0,0,0,0,0,1,2,5,0,0,17,11,6,0,0,0,0,1,0,1,0,0,0,0,0,1,0,0,0,1,0,0,0,0,0,0,0,0,0,2,5,0,0,6,0,0,3,0,0,0,0,0,0,0,0,1,0,0,0,0,0,0,0,0,0,0,0,0,0,0,0,0,0,0,0,0,2,1,0,0,0,5,1,0,0,0,0,0,44,3,0,0,0,0,0,0,0,0,0,0,0,0,0,0,0,0,1,1,0,0,0,0,4,0,0
seatunnel-2f9c2630b0433dc458e6dceffde49e0caefcfbd3,0,0,8,4,62,10,3,0,6,23,0,1,18,37,0,235,1,3,0,0,0,0,3,3,0,98,2,2,1,8,16,0,0,1,1,1,5,0,2,2,9,5,9,92,108,16,0,2,0,0,4,2,0,4,0,2,2,1,20,17,0,7,9,0,12,3,0,0,22,0,0,0,2,15,7,0,77,0,0,30,0,3,1,1,10,2,0,6,0,0,2,1,0,0,0,0,4,4,1,0,0,0,2,17,0,0,0,0,7,9,0,1,0,0,1,2,0,3,15,0,0,27,11,0,0,0,0,0,4,0,2,0,0,0,0,0,0,0,0,6,0,0,1,0,19,28,0,0
seatunnel-2fb1797b7c231e0010f73f9eba06d636e0303e82,0,0,2,1,4,1,0,0,0,4,0,0,7,5,0,60,0,3,0,0,0,0,0,3,0,5,0,0,1,4,5,0,0,0,0,0,0,0,1,2,3,0,1,37,12,5,0,2,0,0,3,0,0,1,0,1,0,0,4,2,0,1,0,0,1,2,0,0,0,3,0,0,2,13,1,0,68,0,0,8,0,0,1,0,0,0,0,0,1,0,0,1,0,0,0,0,0,1,0,0,0,0,0,7,0,0,0,0,2,3,0,0,0,0,5,0,0,0,4,0,0,15,6,0,0,0,0,0,0,0,0,0,0,0,0,0,0,0,0,4,0,0,1,0,0,6,0,0
seatunnel-2fcbbf464a1fdf8fdf9b4c85dd8c0596d6ce881d,0,0,12,6,38,7,1,0,0,25,1,1,19,57,0,241,0,4,0,0,0,0,3,4,0,72,1,1,3,8,12,0,0,1,1,1,5,2,14,2,11,5,6,89,94,14,0,2,0,0,4,2,0,2,0,2,0,5,12,19,0,6,9,2,8,3,0,0,1,0,0,0,2,21,7,0,88,0,0,39,0,3,1,0,6,4,0,16,0,0,1,1,0,0,0,0,7,4,1,1,0,0,3,14,0,1,0,0,13,9,0,0,0,1,5,0,0,3,14,1,0,58,21,0,0,0,0,0,0,0,1,1,1,1,0,0,0,0,0,6,2,0,1,0,13,36,0,0
seatunnel-2fd83bb86433814a202083303f6329037f7fe64c,0,0,8,16,57,26,4,2,6,55,0,1,41,114,2,148,2,20,0,1,3,0,6,21,2,138,9,4,4,10,30,0,1,3,3,0,15,1,8,3,25,2,6,102,140,65,2,0,9,1,7,16,4,4,4,3,15,17,26,24,1,11,33,1,31,43,1,3,19,3,0,1,5,33,26,0,127,4,2,75,0,10,3,0,14,4,2,18,0,0,5,0,3,1,1,1,24,7,3,0,1,1,8,9,0,0,0,4,35,8,0,1,0,1,15,6,0,6,9,0,2,75,82,7,0,1,0,1,4,0,2,2,1,0,1,6,0,0,1,11,13,1,1,2,42,106,1,0
seatunnel-2ff61311d2d04e43243399e1409c5c061b884b03,0,0,1,0,1,0,0,0,0,3,0,0,8,7,0,22,0,2,0,0,1,0,3,2,0,3,1,0,1,0,6,0,0,0,0,0,0,0,1,3,2,0,0,33,12,2,0,2,2,0,2,8,0,0,0,0,2,0,1,2,0,0,1,0,0,0,0,0,0,0,0,0,2,13,0,0,72,0,0,5,0,0,1,0,0,0,0,1,1,0,0,1,0,0,0,0,1,0,0,0,0,0,2,9,0,0,0,1,2,2,0,0,0,0,5,1,0,0,6,0,1,36,9,0,0,0,0,0,0,0,0,0,0,0,0,0,0,0,0,1,1,0,1,0,0,4,0,0
seatunnel-2fff69b4a65292c822ab0f1edbb104d971a213ca,0,0,5,5,0,0,0,0,4,0,0,0,13,24,0,7,0,4,0,0,1,0,2,8,1,4,1,0,4,0,2,1,0,0,0,0,1,0,2,2,5,0,0,17,11,10,0,0,0,0,13,13,0,0,0,0,10,0,1,1,0,0,5,0,0,4,0,0,0,0,0,0,4,5,3,4,8,0,0,3,1,0,1,0,0,0,0,0,1,6,1,0,0,0,0,0,147,0,0,0,0,0,2,6,0,0,0,0,7,5,1,0,0,0,5,1,4,0,1,0,2,47,38,0,0,0,0,1,0,1,0,0,7,0,0,0,0,0,0,1,2,0,0,0,0,4,0,2
seatunnel-3017ea54011b5f5201bb9392e4f965483ccb537c,0,0,8,11,55,23,4,0,6,53,0,0,32,93,0,147,2,4,0,0,0,0,8,5,1,119,8,5,4,10,20,0,0,2,3,0,15,1,6,3,22,2,6,96,144,54,0,0,1,0,7,4,0,3,1,1,12,15,27,22,0,13,28,1,24,42,1,0,16,3,0,0,3,34,21,0,119,3,2,70,0,10,1,0,12,5,0,5,0,0,5,0,3,0,3,1,15,4,2,0,3,0,5,8,0,0,0,2,31,8,0,1,0,1,9,2,0,5,10,0,0,72,42,6,0,1,0,1,4,0,4,1,1,0,0,0,0,0,1,13,11,1,0,1,38,96,1,0
seatunnel-3057ba205f1fa4807eee6b2fcbdc675a1cdd50d5,0,0,6,2,26,7,1,0,0,17,0,1,14,21,0,167,0,3,0,0,0,0,1,3,0,62,0,1,1,8,11,0,0,0,0,0,5,0,1,2,5,4,7,61,94,11,0,2,0,0,4,2,0,2,0,4,0,0,11,12,0,5,2,0,8,4,0,0,2,0,0,0,2,14,5,0,90,0,0,19,0,1,1,1,0,2,0,4,1,0,2,1,0,0,0,0,2,4,0,0,0,0,0,12,0,0,0,0,2,9,0,0,0,0,0,0,0,3,10,0,0,20,8,0,0,0,0,0,0,0,1,0,0,0,0,0,0,1,0,7,0,0,1,0,10,20,0,0
seatunnel-305ec511da05ba519fe4b04b46f7898b650b06c5,0,0,0,0,0,0,0,0,0,0,0,0,3,2,0,2,0,0,0,0,0,0,0,0,0,1,0,0,0,0,0,0,0,0,0,0,0,0,3,0,0,0,0,3,19,0,0,0,0,0,3,0,0,0,0,0,0,0,0,0,0,0,2,0,0,0,0,0,0,0,0,0,1,0,0,0,0,0,0,2,0,0,0,0,0,0,0,0,0,0,0,0,0,0,0,0,0,0,0,0,0,0,0,1,0,0,0,0,0,0,0,0,0,0,1,0,0,0,1,0,0,17,0,0,0,0,0,0,0,0,0,0,0,0,0,0,0,0,0,0,0,0,0,0,0,1,0,0
seatunnel-309a0622e92e5c8c97ad30160ec18f64c7ac216b,0,0,12,7,52,12,3,0,6,33,1,1,29,65,0,273,0,4,0,0,0,0,2,4,0,106,2,3,6,8,18,0,0,5,2,0,6,0,18,5,15,5,11,114,108,23,0,2,0,0,4,2,0,3,0,2,2,5,17,24,0,10,24,1,25,44,0,0,11,3,0,0,2,26,11,0,104,2,2,52,0,5,2,0,11,4,0,5,0,0,1,1,3,0,0,0,13,4,2,0,0,0,3,1,0,1,0,2,11,9,0,1,0,1,8,2,0,5,6,0,1,61,32,6,0,0,0,0,4,0,2,1,1,1,0,0,0,0,0,11,4,1,1,0,23,41,1,0
seatunnel-30a00e925493badc9b5d48fae66ffa64b94974e3,0,0,1,0,0,0,0,0,0,3,0,0,8,18,0,16,0,2,0,0,1,0,2,2,0,4,1,0,1,0,5,0,0,0,0,0,0,0,1,3,2,0,0,26,11,5,0,0,0,0,2,8,0,0,0,0,2,0,1,0,0,0,2,0,0,0,0,0,0,0,0,0,3,12,1,0,8,0,0,2,0,0,1,0,0,0,0,1,1,0,0,0,0,0,0,0,0,0,0,0,0,0,2,7,0,0,0,1,2,2,0,0,0,0,5,1,0,0,5,0,1,46,8,0,0,0,0,0,0,0,0,0,0,0,0,0,0,0,0,2,1,0,1,0,0,4,0,0
seatunnel-30af654aef3ab6bc56bbbce785258e869db9837a,0,0,8,9,62,15,3,0,6,47,0,1,26,77,0,149,0,4,0,0,0,2,5,4,0,107,3,4,4,4,18,0,0,4,2,1,10,1,7,3,20,3,6,87,120,36,0,0,1,0,4,2,0,2,1,1,7,9,23,24,0,6,24,1,28,42,1,0,14,3,0,0,4,32,14,0,121,3,2,58,0,4,1,0,8,4,0,5,0,0,3,0,3,0,0,1,11,2,1,0,0,0,4,7,0,0,0,2,18,10,0,1,0,1,8,2,0,5,5,0,1,61,31,6,0,0,0,1,4,0,5,1,1,0,0,3,0,0,0,7,8,1,0,0,35,70,1,0
seatunnel-30b3e588376279f5015fda2a286edeb5401f20b8,0,0,14,8,54,12,3,0,6,40,1,1,29,73,0,293,0,4,0,0,0,2,4,4,0,105,2,3,6,8,18,0,0,5,2,1,8,1,6,5,18,5,11,116,108,27,0,2,0,0,4,2,0,3,0,2,3,10,17,26,0,10,24,1,27,44,0,0,11,3,0,0,2,38,11,0,105,2,2,56,0,5,2,0,11,4,0,5,0,0,1,1,3,0,0,0,12,4,2,0,0,0,3,2,0,1,0,2,16,10,0,1,0,1,8,2,0,5,7,0,1,61,33,6,0,0,0,0,4,0,2,1,1,1,0,0,0,0,0,11,4,1,1,0,23,45,1,0
seatunnel-30d1507ea50dc913b8ae53f0650e5aa8cb2efbef,0,0,8,16,64,26,4,2,6,55,0,1,44,117,2,148,2,20,0,1,3,0,5,21,2,142,9,4,4,10,27,0,1,3,3,0,15,1,7,3,25,2,6,106,140,65,2,0,9,1,7,16,4,4,4,3,15,17,28,24,1,11,33,1,31,43,1,3,20,3,0,1,5,25,26,0,129,4,2,77,0,10,3,0,14,4,2,18,0,0,5,0,3,1,1,1,24,7,3,0,1,1,8,9,0,0,0,4,35,8,0,1,0,1,15,6,0,6,9,0,2,79,86,7,0,1,0,1,4,0,2,2,1,0,1,6,0,0,1,11,13,0,1,2,42,106,1,0
seatunnel-31248401079b9c8e623642a9c001ded04c9202ae,0,0,8,6,44,11,1,0,0,24,1,1,14,45,0,275,0,3,0,0,0,0,4,3,0,72,1,1,2,8,14,0,0,1,0,1,5,2,3,2,9,4,6,90,95,10,0,2,0,0,4,2,0,2,0,2,0,1,17,19,0,5,6,0,8,3,0,0,4,0,0,0,2,16,5,0,80,0,0,32,0,1,1,1,6,3,0,15,0,0,2,1,0,0,0,0,5,4,1,0,0,0,2,16,0,0,0,0,6,9,0,0,0,0,5,0,0,3,17,0,0,39,14,0,0,0,0,0,4,0,1,1,0,0,0,0,0,0,0,6,2,0,1,0,12,28,0,0
seatunnel-313b3d67d0c66e1e6048867fbfe37b80e8c1c790,0,0,2,1,1,0,0,0,0,4,0,0,8,6,0,42,0,3,0,0,1,0,0,3,0,5,0,0,1,4,5,0,0,0,0,0,0,0,1,2,2,0,0,27,12,4,0,2,0,0,2,8,0,1,0,1,2,0,3,2,0,1,1,0,1,0,0,0,0,3,0,0,2,13,1,0,68,0,0,2,0,0,1,0,0,0,0,0,1,0,0,1,0,0,0,0,0,0,0,0,0,0,2,3,0,0,0,0,3,2,0,0,0,0,5,0,0,0,2,0,1,17,12,0,0,0,0,0,0,0,0,0,0,0,0,0,0,0,0,1,0,0,1,0,0,4,0,0
seatunnel-3144f4203db896a50582251f27c5cf7b62e96741,0,0,10,10,58,16,4,0,6,46,0,1,32,83,0,127,2,4,0,0,0,0,6,4,1,111,7,4,4,4,19,0,0,4,2,0,12,1,7,3,24,2,6,90,120,47,0,0,1,0,4,2,0,3,1,1,8,8,28,21,0,8,25,1,30,42,1,0,16,3,0,0,4,36,16,0,125,4,2,60,0,10,1,0,8,5,0,5,0,0,3,0,3,0,0,1,10,2,2,0,0,0,4,7,0,0,0,2,20,10,0,1,0,1,9,2,0,5,9,0,1,62,35,6,0,1,0,1,4,0,4,1,1,0,0,0,0,0,0,8,14,1,0,0,37,85,1,0
seatunnel-3145c688a649f1ed0f5d03a118de8fa4a27071aa,0,0,1,0,1,0,0,0,0,4,0,0,7,4,0,27,0,3,0,0,1,0,0,3,0,4,0,0,1,4,5,0,0,6,0,0,0,0,1,2,2,0,0,25,12,3,0,2,1,0,2,8,0,1,0,0,2,0,3,2,0,1,1,0,0,0,0,0,0,3,0,0,2,14,1,0,64,0,0,6,0,0,1,0,0,0,0,0,1,0,0,1,0,0,0,0,0,0,0,0,0,0,2,5,0,0,0,1,2,2,0,0,0,0,5,0,0,0,3,0,1,12,12,0,0,0,0,0,0,0,0,0,0,0,0,0,0,0,0,1,0,0,1,0,0,4,0,0
seatunnel-3173636ded925c33df7541555227ccdeffe10696,0,0,8,5,38,11,1,0,0,18,1,1,14,38,0,224,0,3,0,0,0,0,3,3,0,67,1,1,1,8,14,0,0,1,0,1,5,1,1,2,8,4,6,76,95,10,0,2,0,0,4,2,0,2,0,2,0,1,16,19,0,5,6,0,7,3,0,0,6,0,0,0,2,15,5,0,78,0,0,24,0,1,1,1,6,2,0,6,0,0,2,1,0,0,0,0,4,4,1,0,0,0,2,16,0,0,0,0,6,9,0,0,0,0,4,0,0,3,15,0,0,42,8,0,0,0,0,0,4,0,1,0,0,0,0,0,0,0,0,6,2,0,1,0,12,26,0,0
seatunnel-31b0b2c488687ac1ca34406945b09cbcc8c1672a,0,0,1,0,1,0,0,0,0,3,0,0,8,7,0,18,0,2,0,0,1,0,3,2,0,3,1,0,1,0,6,0,0,0,0,0,0,0,1,4,2,0,0,33,12,5,0,0,0,0,2,8,0,0,0,0,2,0,1,0,0,0,1,0,0,0,0,0,0,0,0,0,3,13,0,0,70,0,0,5,0,0,1,0,0,0,0,1,1,0,0,0,0,0,0,0,0,0,0,0,0,0,2,9,0,0,0,1,2,2,0,0,0,0,5,1,0,0,6,0,1,43,8,0,0,0,0,0,0,0,0,0,0,0,0,0,0,0,0,1,1,0,1,0,0,4,0,0
seatunnel-31d43f322b6aacdc49ebe9ec29b38174588c1a61,0,0,8,5,35,9,1,0,0,18,0,1,14,32,0,215,0,3,0,0,0,0,3,3,0,65,1,1,1,8,14,0,0,1,0,1,5,0,1,2,6,4,6,76,95,12,0,2,0,0,4,2,0,2,0,2,0,1,16,13,0,5,6,0,7,3,0,0,6,0,0,0,2,14,5,0,77,0,0,24,0,1,1,1,6,2,0,6,0,0,2,1,0,0,0,0,3,4,1,0,0,0,2,17,0,0,0,0,6,9,0,0,0,0,1,0,0,3,15,0,0,24,8,0,0,0,0,0,4,0,1,0,0,0,0,0,0,0,0,6,0,0,1,0,12,19,0,0
seatunnel-31e0a73186d2b053101f404b20b48695d4dbd159,0,0,8,5,38,11,1,0,0,18,1,1,14,38,0,221,0,3,0,0,0,0,3,3,0,67,1,1,1,8,14,0,0,1,0,1,5,1,1,2,8,4,6,76,95,11,0,2,0,0,4,2,0,2,0,2,0,1,16,19,0,5,6,0,7,3,0,0,6,0,0,0,2,14,5,0,78,0,0,24,0,1,1,1,6,2,0,6,0,0,2,1,0,0,0,0,4,4,1,0,0,0,2,16,0,0,0,0,6,9,0,0,0,0,1,0,0,3,15,0,0,42,8,0,0,0,0,0,4,0,1,0,0,0,0,0,0,0,0,6,2,0,1,0,12,26,0,0
seatunnel-31f12431d917fef76794db802f388bb7246a759d,0,0,9,11,50,17,4,0,6,53,0,0,27,83,0,120,2,4,0,0,0,0,6,5,1,107,8,5,4,6,18,0,0,2,2,0,12,1,6,3,24,3,6,88,113,49,0,0,1,0,10,3,0,6,1,1,10,15,27,21,0,11,26,1,22,42,1,0,14,3,0,0,3,31,19,0,103,3,2,61,0,10,1,0,8,5,0,5,0,0,4,0,3,0,0,1,14,3,2,0,0,0,4,7,0,0,0,2,29,10,0,1,0,1,9,2,0,5,9,0,0,70,39,6,0,1,0,1,4,0,4,1,1,0,0,0,0,0,0,10,11,1,0,0,35,86,1,0
seatunnel-3227e1e0894e1c57b1adf071e5a573bc3c2371aa,0,0,1,0,1,0,0,0,0,3,0,0,8,7,0,18,0,2,0,0,1,0,3,2,0,3,1,0,1,0,6,0,0,0,0,0,0,0,1,4,2,0,0,33,12,5,0,0,0,0,2,8,0,0,0,0,2,0,1,0,0,0,2,0,0,0,0,0,0,0,0,0,3,13,1,0,70,0,0,5,0,0,1,0,0,0,0,1,1,0,0,0,0,0,0,0,0,0,0,0,0,0,2,9,0,0,0,1,2,2,0,0,0,0,5,1,0,0,6,0,1,46,8,0,0,0,0,0,0,0,0,0,0,0,0,0,0,0,0,1,1,0,1,0,0,4,0,0
seatunnel-3253509504c57772eff96fc55fc8ffe1b2cecf28,0,0,21,5,0,0,0,0,4,0,0,6,13,22,0,6,0,4,186,0,6,0,2,8,1,4,1,0,4,9,2,1,1,0,0,0,1,0,2,2,5,0,0,16,11,10,0,0,0,0,14,13,1,0,0,0,10,0,1,1,0,0,6,0,0,4,0,0,0,0,0,0,4,5,2,3,8,0,0,3,1,0,1,0,0,0,0,0,1,6,1,0,0,0,0,0,147,0,0,0,0,0,2,5,1,0,3,0,2,5,1,0,0,0,5,1,4,0,1,0,8,52,43,0,0,0,1,1,0,1,0,0,7,0,0,0,0,0,0,1,2,0,0,0,0,4,0,2
seatunnel-328b145d96a1157f877efcd2416c9dd94a6ea7fc,0,0,12,7,52,12,3,0,6,33,1,1,29,65,0,273,0,4,0,0,0,0,2,4,0,106,2,3,6,8,18,0,0,5,2,0,6,0,18,5,15,5,11,114,108,23,0,2,0,0,4,2,0,3,0,2,2,5,17,24,0,10,24,1,25,44,0,0,11,3,0,0,2,26,11,0,104,2,2,52,0,5,2,0,11,4,0,5,0,0,1,1,3,0,0,0,13,4,2,0,0,0,3,1,0,1,0,2,11,9,0,1,0,1,8,2,0,5,6,0,1,61,32,6,0,0,0,0,4,0,2,1,1,1,0,0,0,0,0,11,4,1,1,0,23,41,1,0
seatunnel-329c432186f9dddc8df89781c666ef719398af8f,0,0,10,15,56,25,4,1,6,55,0,0,45,112,2,152,2,21,0,1,3,0,6,22,2,161,9,4,4,10,28,0,1,2,3,0,15,1,5,3,25,2,6,101,150,65,0,0,9,1,8,16,3,4,4,3,16,17,26,26,1,13,33,1,27,43,1,3,14,3,0,1,5,33,28,0,131,4,2,81,0,10,2,0,17,4,2,18,0,0,5,0,3,0,1,1,26,5,4,0,1,1,7,9,0,0,0,3,36,8,0,1,0,1,15,5,0,4,10,0,3,75,73,6,0,1,0,1,4,0,2,1,1,0,0,6,0,0,1,13,11,1,1,2,43,106,1,2
seatunnel-32c1c81b2d84de82946a0443847cab9507ff6e21,0,0,12,5,42,9,2,0,0,25,1,1,21,55,0,259,0,3,0,0,0,0,3,3,0,72,1,1,3,8,15,0,0,1,0,1,5,2,13,2,10,4,6,89,93,11,0,2,0,0,4,2,0,1,0,2,0,3,17,19,0,7,6,2,8,3,0,0,3,0,2,0,2,21,9,0,88,0,0,39,0,3,1,0,6,4,0,16,0,1,1,1,0,0,0,0,7,4,1,1,0,0,0,16,0,1,0,0,14,9,0,0,0,0,5,0,0,3,17,1,0,57,19,0,0,0,0,0,0,0,1,1,1,1,0,2,0,0,0,6,2,0,1,0,14,37,0,0
seatunnel-32c32ef238fd9c365f78bfa94a396423fc291ed0,0,0,12,7,54,10,2,0,0,25,1,1,15,50,0,286,0,3,0,0,0,0,4,3,0,73,1,1,3,8,17,0,0,1,0,1,5,2,12,2,11,4,6,93,95,13,0,2,0,0,4,2,0,2,0,2,0,2,26,19,0,8,7,0,8,3,0,0,3,0,2,0,2,21,11,0,92,0,0,39,0,3,1,1,6,4,0,15,0,1,1,1,0,0,0,0,8,4,1,1,0,0,0,18,0,1,0,0,12,9,0,0,0,0,8,0,0,3,19,1,0,46,18,0,0,0,0,0,0,0,1,1,0,1,0,2,0,0,0,6,2,0,1,0,13,33,0,0
seatunnel-32e1f91c7a315e1d2718bf2380e841bcbeef4ba4,0,0,10,14,53,23,4,0,6,54,0,0,34,96,0,147,2,4,0,0,0,0,8,5,1,125,8,5,4,10,19,0,0,2,3,0,16,1,6,3,23,2,6,96,144,54,0,0,1,0,7,4,0,3,1,1,13,15,28,22,0,13,28,1,26,42,1,0,16,3,0,0,3,34,21,0,119,3,2,72,0,10,1,0,12,5,0,5,0,0,5,0,3,0,3,1,16,4,3,0,3,0,5,8,0,0,0,2,31,8,0,1,0,1,9,2,0,5,10,0,0,72,44,6,0,1,0,1,4,0,4,1,1,0,0,0,0,0,1,13,11,1,0,1,38,96,1,2
seatunnel-3301f87445c1ffb11174aa3fb6b5298f712e48b0,0,0,21,5,0,0,0,0,4,0,0,6,13,21,0,6,0,4,186,0,6,8,1,8,1,4,0,0,4,9,2,1,1,0,0,0,1,0,2,2,8,0,0,17,11,12,0,0,0,0,14,13,1,0,0,0,10,0,1,0,0,0,6,0,0,4,0,0,0,0,0,0,3,5,2,3,8,0,0,26,1,0,1,0,0,0,0,0,1,6,1,0,0,0,0,0,146,0,0,0,0,0,2,0,1,0,3,0,2,5,1,0,0,0,5,1,4,0,1,0,8,64,43,0,0,0,1,1,0,1,0,0,7,0,0,0,0,0,0,1,2,0,0,0,0,4,0,2
seatunnel-33054c99017c32fef8022d0c8fa5c767b6a3e8dd,0,0,8,11,55,23,4,0,6,54,0,0,32,93,0,147,2,4,0,0,0,0,8,5,1,120,8,5,4,10,20,0,0,2,3,0,15,1,6,3,23,2,6,96,144,54,0,0,1,0,7,4,0,3,1,1,12,15,27,22,0,13,28,1,24,42,1,0,16,3,0,0,3,34,21,0,119,3,2,70,0,10,1,0,12,5,0,5,0,0,5,0,3,0,3,1,15,4,2,0,3,0,5,8,0,0,0,2,31,8,0,1,0,1,9,2,0,5,10,0,0,72,42,6,0,1,0,1,4,0,4,1,1,0,0,0,0,0,1,13,11,1,0,1,38,96,1,0
seatunnel-335fac8126d3c61c856a132ac02b8ff2904181c8,0,0,8,5,38,11,1,0,0,18,1,1,14,38,0,224,0,3,0,0,0,0,3,3,0,67,1,1,1,8,14,0,0,1,0,1,5,1,1,2,8,4,6,76,95,10,0,2,0,0,4,2,0,2,0,2,0,1,16,19,0,5,6,0,7,3,0,0,6,0,0,0,2,15,5,0,78,0,0,24,0,1,1,1,6,2,0,6,0,0,2,1,0,0,0,0,4,4,1,0,0,0,2,16,0,0,0,0,6,9,0,0,0,0,4,0,0,3,15,0,0,42,8,0,0,0,0,0,4,0,1,0,0,0,0,0,0,0,0,6,2,0,1,0,12,26,0,0
seatunnel-336f5904985249f28abce13d89786ebff2a39f91,0,0,10,17,57,24,4,0,6,53,0,0,42,107,2,152,2,16,0,0,3,0,5,17,2,160,8,4,4,10,26,0,1,2,3,0,15,1,5,3,23,3,6,101,148,66,0,0,8,1,8,16,3,4,4,1,15,15,26,22,1,13,32,1,27,43,1,0,14,3,0,1,5,32,27,0,127,4,2,80,0,10,2,0,16,4,2,18,0,0,5,0,3,0,1,1,24,5,4,0,1,1,8,9,0,0,0,3,34,8,0,1,0,1,15,5,0,5,10,0,2,80,72,6,0,1,0,1,4,0,2,1,1,0,0,0,0,0,1,13,11,1,1,2,38,106,1,2
seatunnel-339d5fbbc542613670583a1a2fd68724f2eb8eab,0,0,10,15,57,25,4,0,6,53,0,0,42,110,2,152,2,19,0,0,3,0,5,20,2,160,8,4,4,10,28,0,1,2,3,0,15,1,5,3,26,2,6,101,148,65,0,0,9,1,8,16,3,4,4,3,15,15,26,26,1,13,32,1,27,43,1,3,14,3,0,1,5,32,27,0,127,4,2,81,0,10,2,0,16,4,2,18,0,0,5,0,3,0,1,1,24,5,4,0,1,1,7,9,0,0,0,3,34,8,0,1,0,1,15,5,0,4,10,0,4,75,72,6,0,1,0,1,4,0,2,1,1,0,0,0,0,0,1,13,11,1,1,2,38,106,1,2
seatunnel-33a00cdab6f55003cf96982b0f7f39027bd52ee9,0,0,10,16,56,25,4,1,6,55,0,0,44,114,2,149,2,20,0,1,3,0,6,21,2,143,9,4,4,10,29,0,1,3,3,0,15,1,8,3,25,2,6,101,140,64,2,0,9,1,7,16,3,4,4,3,16,17,26,24,1,11,33,1,31,43,1,3,17,3,0,1,5,33,26,0,127,4,2,72,0,10,2,0,14,4,2,18,0,0,5,0,3,0,1,1,25,7,4,0,1,1,8,9,0,0,0,3,35,8,0,1,0,1,15,5,0,5,9,0,2,78,77,7,0,1,0,1,4,0,2,2,1,0,0,6,0,0,1,11,11,1,1,2,42,107,1,2
seatunnel-33a13c89e6ba5e3425e427266313d72c531706fe,0,0,12,7,58,11,3,0,6,31,1,1,27,59,0,272,1,4,0,1,0,0,2,4,0,103,2,2,4,8,16,0,0,3,2,0,6,0,15,2,13,5,10,106,109,18,0,2,0,0,4,2,0,4,0,2,2,5,14,23,0,8,8,2,20,44,0,0,13,3,0,0,2,22,9,0,106,0,2,44,0,5,2,0,10,4,0,5,0,0,1,1,0,0,0,0,8,4,2,1,0,0,3,0,0,1,0,0,12,9,0,1,0,1,5,2,0,3,5,0,1,60,24,5,0,0,0,0,1,0,2,1,1,1,0,0,0,0,0,6,3,1,1,0,21,41,0,0
seatunnel-33de30ebde44fd10817065ef46d94da8a9059483,0,0,1,0,0,0,0,0,0,3,0,0,8,18,0,16,0,2,0,0,1,0,2,2,0,4,1,0,1,0,5,0,0,0,0,0,0,0,1,3,2,0,0,26,11,5,0,0,0,0,2,8,0,0,0,0,2,0,1,0,0,0,2,0,0,0,0,0,0,0,0,0,3,12,1,0,8,0,0,2,0,0,1,0,0,0,0,1,1,0,0,0,0,0,0,0,0,0,0,0,0,0,2,7,0,0,0,1,2,2,0,0,0,0,5,1,0,0,5,0,1,46,8,0,0,0,0,0,0,0,0,0,0,0,0,0,0,0,0,2,1,0,1,0,0,4,0,0
seatunnel-33e1bc8752d98f8cae0f06229918543162d80045,0,0,5,5,0,0,0,0,4,0,0,0,13,27,0,8,0,4,0,0,1,0,2,8,1,4,1,0,4,0,3,1,0,0,0,0,1,0,2,2,4,0,0,17,11,10,0,0,0,0,13,13,0,0,0,0,10,0,1,1,0,0,5,0,0,4,0,0,0,0,0,0,4,5,4,4,8,0,0,3,1,0,1,0,0,0,0,0,1,6,1,0,0,0,0,0,147,0,0,0,0,0,2,6,0,0,0,0,7,5,1,0,0,0,5,1,4,0,1,0,2,48,38,0,0,0,0,1,0,1,0,0,7,0,0,0,0,0,0,1,2,0,0,0,0,4,0,2
seatunnel-3417c04f46cc3dbde7e181f7c61da189dac79dce,0,0,3,1,2,1,0,0,0,4,0,0,4,8,0,64,0,3,0,0,0,0,0,3,0,5,1,0,1,4,4,0,0,0,0,0,0,0,1,2,3,0,1,37,12,5,0,2,0,0,3,0,0,1,0,1,0,0,3,2,0,1,0,0,1,2,0,0,0,3,0,0,2,13,1,0,68,0,0,8,0,0,1,0,0,0,0,2,1,0,0,1,0,0,0,0,0,1,0,0,0,0,0,7,0,0,0,0,3,3,0,0,0,0,5,0,0,0,5,0,0,20,6,0,0,0,0,0,0,0,0,0,0,0,0,0,0,0,0,4,0,0,1,0,0,5,0,0
seatunnel-342c25c59a706965913656577bf77307f5805222,0,0,12,7,64,11,3,0,6,30,1,1,27,64,0,270,1,4,0,0,0,0,2,4,0,105,2,2,4,8,17,0,0,3,2,1,6,2,15,2,15,5,9,106,109,18,0,2,0,0,4,2,0,4,0,2,2,5,15,23,0,7,11,2,21,44,0,0,23,3,0,0,2,22,8,0,85,0,0,43,0,5,1,0,10,4,0,17,0,0,1,1,0,0,0,0,11,4,1,1,0,0,3,14,0,1,0,0,13,9,0,1,0,1,5,2,0,3,13,1,1,85,25,5,0,0,0,0,0,0,2,1,1,1,0,0,0,0,0,6,3,1,1,0,21,46,0,0
seatunnel-3432b0b388ab8cbd3d6904a86127ed3a352ae177,0,0,1,0,0,0,0,0,0,3,0,0,8,18,0,16,0,2,0,0,1,0,2,2,0,3,1,0,1,0,5,0,0,0,0,0,0,0,1,3,2,0,0,26,11,5,0,0,0,0,2,8,0,0,0,0,2,0,1,0,0,0,2,0,0,0,0,0,0,0,0,0,3,12,1,0,8,0,0,2,0,0,1,0,0,0,0,1,1,0,0,0,0,0,0,0,0,0,0,0,0,0,2,7,0,0,0,1,2,2,0,0,0,0,5,1,0,0,5,0,1,46,8,0,0,0,0,0,0,0,0,0,0,0,0,0,0,0,0,2,1,0,1,0,0,4,0,0
seatunnel-3447266427b138327021213e52d271a856dae89f,0,0,9,11,50,17,4,0,6,53,0,0,27,83,0,120,2,4,0,0,0,0,6,5,1,106,8,5,4,6,18,0,0,2,3,0,12,1,6,3,24,4,6,88,113,50,0,0,1,0,10,3,0,3,1,1,10,15,27,21,0,12,26,1,22,42,1,0,14,3,0,0,3,31,19,0,103,3,2,61,0,10,1,0,8,5,0,5,0,0,4,0,3,0,0,1,14,3,2,0,0,0,4,7,0,0,0,2,29,10,0,1,0,1,9,2,0,5,9,0,0,70,38,6,0,1,0,1,4,0,4,1,1,0,0,0,0,0,0,10,11,1,0,0,35,86,1,0
seatunnel-34a7f3eaa4a837662de2233662b967d8defb3af3,0,0,8,16,57,25,4,1,6,55,0,1,44,114,2,149,2,20,0,1,3,0,6,21,2,142,9,4,4,10,29,0,1,3,3,0,15,1,8,3,25,2,6,101,140,64,2,0,9,1,7,16,3,4,4,3,15,17,26,24,1,11,33,1,31,43,1,3,17,3,0,1,5,33,26,0,127,4,2,72,0,10,3,0,14,4,2,18,0,0,5,0,3,0,1,1,24,7,3,0,1,1,8,9,0,0,0,3,35,8,0,1,0,1,15,5,0,6,9,0,2,79,79,7,0,1,0,1,4,0,2,2,1,0,0,6,0,0,1,11,11,1,1,2,42,107,1,0
seatunnel-34b2c22e4991de4bf26711e1fb720357c6b38bfb,0,0,5,1,2,1,0,0,0,4,0,0,4,8,0,67,0,3,0,0,0,0,1,3,0,6,1,0,1,4,5,0,0,0,0,0,0,0,1,2,3,0,1,37,12,5,0,2,0,0,3,0,0,1,0,1,0,0,3,2,0,1,0,0,1,2,0,0,0,3,0,0,2,13,1,0,68,0,0,8,0,0,1,0,0,0,0,2,1,0,0,1,0,0,0,0,0,1,0,0,0,0,0,7,0,0,0,0,4,3,0,0,0,0,5,0,0,0,5,0,0,20,6,0,0,0,0,0,0,0,0,0,0,0,0,0,0,0,0,4,0,0,1,0,0,5,0,0
seatunnel-34b37aa3c549ca20294dcfffe7c7d35c5dcb498a,0,0,4,1,11,1,0,0,0,4,0,0,12,10,0,88,0,3,0,0,0,0,0,3,0,47,0,0,1,4,6,0,0,2,0,0,4,0,2,2,3,1,3,57,98,8,0,2,0,0,4,0,0,1,0,3,0,0,6,5,0,3,1,0,1,4,0,0,0,0,0,0,3,14,3,0,71,0,0,15,0,0,1,2,0,0,0,1,1,0,2,1,0,0,0,0,1,4,0,0,0,0,0,6,0,0,0,0,2,3,0,0,0,0,6,0,0,1,3,0,0,18,5,0,0,0,0,0,0,0,0,0,0,0,0,0,0,0,0,4,0,0,1,0,2,10,0,0
seatunnel-34ccfd7a2cd93d8dc0d3f6bb1e1afebcc9761a9e,0,0,12,7,54,10,2,0,0,25,1,1,15,50,0,286,0,3,0,0,0,0,4,3,0,73,1,1,3,8,17,0,0,1,0,1,5,2,12,2,11,4,6,93,95,13,0,2,0,0,4,2,0,2,0,2,0,2,26,19,0,8,7,0,8,3,0,0,3,0,2,0,2,21,11,0,92,0,0,39,0,3,1,1,6,4,0,15,0,1,1,1,0,0,0,0,8,4,1,1,0,0,0,18,0,1,0,0,12,9,0,0,0,0,8,0,0,3,19,1,0,46,18,0,0,0,0,0,0,0,1,1,0,1,0,2,0,0,0,6,2,0,1,0,13,33,0,0
seatunnel-34d78518849335b4bfc5d7aa498014af9a2e2536,0,0,1,0,7,0,0,0,0,3,0,0,8,18,0,18,0,2,0,0,1,0,3,2,0,3,1,0,1,0,5,0,0,0,0,0,0,0,1,4,3,0,0,33,12,5,0,0,0,0,3,8,0,0,0,0,2,0,7,0,0,0,2,0,0,0,0,0,0,0,0,0,3,13,1,0,66,0,0,5,0,0,1,0,0,0,0,1,1,0,0,0,0,0,0,0,0,0,0,0,0,0,2,9,0,0,0,1,2,2,0,0,0,0,5,1,0,0,6,0,1,46,8,0,0,0,0,0,0,0,0,0,0,0,0,0,0,0,0,2,1,0,1,0,0,4,0,0
seatunnel-34f1f21e4888e37e8e8777f85037309c1277ae2e,0,0,8,11,54,23,4,0,6,53,0,0,35,93,0,150,2,4,0,0,0,0,7,5,1,135,8,5,4,10,20,0,0,2,3,0,15,1,6,3,23,2,6,96,146,56,0,0,1,0,7,4,0,3,1,1,12,15,27,25,0,12,28,1,24,42,1,0,16,3,0,0,4,34,20,0,119,3,2,72,0,10,1,0,12,5,0,5,0,0,5,0,3,0,3,1,15,4,2,0,3,0,5,9,0,0,0,2,31,8,0,1,0,1,9,2,0,5,11,0,0,72,42,6,0,1,0,1,4,0,4,1,1,0,0,0,0,0,1,13,11,1,0,1,38,96,1,0
seatunnel-34f23ee052900ecef238123c4fbe081b5f778934,0,0,10,9,65,15,4,0,6,47,0,1,31,80,0,125,2,5,0,0,0,0,6,5,1,110,5,4,4,4,18,0,0,4,2,0,11,1,7,3,22,2,6,95,120,47,0,0,1,0,4,2,0,3,1,1,8,9,24,21,0,7,26,1,32,42,1,0,16,3,0,0,4,36,15,0,122,4,2,60,0,10,1,0,8,5,0,5,0,0,3,0,3,0,0,1,10,2,2,0,0,0,4,7,0,0,0,2,20,10,0,1,0,1,8,2,0,5,9,0,1,61,35,6,0,0,0,1,4,0,4,1,1,0,0,3,0,0,0,7,12,1,0,0,37,83,1,0
seatunnel-351713d63c74fc046a4cb30b51ff9270cd10dd1a,0,0,5,1,3,1,0,0,0,5,0,0,5,9,0,76,0,3,0,0,0,0,1,3,0,8,1,1,1,4,5,0,0,0,0,0,0,0,1,2,4,0,0,37,12,5,0,2,0,0,3,0,0,1,0,1,0,1,3,3,0,1,0,0,1,2,0,0,0,3,0,0,2,13,1,0,69,0,0,9,0,0,1,0,0,0,0,2,0,0,0,1,0,0,0,0,0,1,1,0,0,0,0,7,0,0,0,0,5,3,0,0,0,0,1,0,0,0,5,0,0,20,6,0,0,0,0,0,0,0,0,0,0,0,0,0,0,1,0,4,0,0,1,0,0,5,0,0
seatunnel-3523d5b42307ceec885b0f6dae9d64425fe11e9d,0,0,10,15,57,25,4,1,6,55,0,0,45,112,2,152,2,21,0,1,3,0,6,22,2,161,9,4,4,10,28,0,1,2,3,0,15,1,5,3,25,2,6,101,150,65,0,0,9,1,8,16,3,4,4,3,16,17,27,26,1,13,33,1,27,43,1,3,14,3,0,1,5,33,28,0,131,4,2,81,0,10,2,0,17,4,2,18,0,0,5,0,3,0,1,1,26,5,4,0,1,1,7,9,0,0,0,3,36,8,0,1,0,1,15,5,0,4,10,0,3,75,73,6,0,1,0,1,4,0,2,1,1,0,0,6,0,0,1,13,11,1,1,2,43,106,1,2
seatunnel-3536a7dad9c2f0b7814c3f970a8948897d118588,0,0,8,11,55,23,4,0,6,53,0,0,32,93,0,147,2,4,0,0,0,0,8,5,1,119,8,5,4,10,20,0,0,2,3,0,15,1,6,3,23,2,6,96,144,54,0,0,1,0,7,4,0,3,1,1,12,15,27,22,0,13,28,1,24,42,1,0,16,3,0,0,3,34,21,0,119,3,2,70,0,10,1,0,12,5,0,5,0,0,5,0,3,0,3,1,15,4,2,0,3,0,5,8,0,0,0,2,31,8,0,1,0,1,9,2,0,5,10,0,0,72,42,6,0,1,0,1,4,0,4,1,1,0,0,0,0,0,1,13,11,1,0,1,38,96,1,0
seatunnel-35576ca531a91daac18525a4798c2bf4474de74e,0,0,5,5,0,0,0,0,4,0,0,0,13,24,0,7,0,4,0,0,1,0,2,8,1,4,1,0,4,0,2,1,0,0,0,0,1,0,2,2,5,0,0,17,11,10,0,0,0,0,13,13,0,0,0,0,10,0,1,1,0,0,5,0,0,4,0,0,0,0,0,0,4,5,3,4,8,0,0,3,1,0,1,0,0,0,0,0,1,6,1,0,0,0,0,0,147,0,0,0,0,0,2,6,0,0,0,0,7,5,1,0,0,0,5,1,4,0,1,0,2,47,38,0,0,0,0,1,0,1,0,0,7,0,0,0,0,0,0,1,2,0,0,0,0,4,0,2
seatunnel-3561d3878f229555802abeaf4e7ed9ba8a49ba43,0,0,10,6,46,12,2,0,0,24,1,1,14,48,0,281,0,3,0,0,0,0,4,3,0,73,1,1,3,8,15,0,0,1,0,1,5,2,4,2,9,4,6,91,95,10,0,2,0,0,4,2,0,2,0,2,0,1,21,19,0,6,7,0,8,3,0,0,5,0,2,0,2,19,7,0,80,0,0,35,0,1,1,1,6,3,0,15,0,1,2,1,0,0,0,0,7,4,1,1,0,0,2,18,0,0,0,0,11,9,0,0,0,0,5,0,0,3,20,0,0,42,17,0,0,0,0,0,4,0,1,1,0,1,0,2,0,0,0,6,2,0,1,0,12,31,0,0
seatunnel-356538de8ade3fd2103377cbe8d0b5b366ff6d8a,0,0,10,10,58,16,4,0,6,46,0,1,32,83,0,127,2,4,0,0,0,0,6,4,1,111,7,4,4,4,19,0,0,4,2,0,12,1,7,3,24,2,6,90,120,47,0,0,1,0,4,2,0,3,1,1,8,8,28,21,0,8,25,1,30,42,1,0,16,3,0,0,4,36,16,0,125,4,2,60,0,10,1,0,8,5,0,5,0,0,3,0,3,0,0,1,10,2,2,0,0,0,4,7,0,0,0,2,20,10,0,1,0,1,9,2,0,5,9,0,1,62,35,6,0,1,0,1,4,0,4,1,1,0,0,0,0,0,0,8,14,1,0,0,37,85,1,0
seatunnel-3579e6de647f0cdda8193da32834c76799a30bff,0,0,10,15,56,25,4,1,6,55,0,0,44,112,2,149,2,20,0,1,3,0,6,21,2,143,9,4,4,10,28,0,1,3,3,0,15,1,8,3,25,2,6,99,140,63,0,0,9,1,7,16,3,4,4,3,16,17,26,24,1,11,33,1,28,43,1,3,15,3,0,1,5,33,26,0,127,4,2,71,0,10,2,0,14,4,2,18,0,0,5,0,3,0,1,1,25,5,4,0,1,1,7,8,0,0,0,3,35,8,0,1,0,1,15,5,0,4,9,0,3,74,73,7,0,1,0,1,4,0,2,1,1,0,0,6,0,0,1,11,11,1,1,2,42,105,1,2
seatunnel-35818d34da3255d39cd2ba3d9c1c0c4bcdffd1c8,0,0,3,0,0,0,0,0,0,0,0,0,5,9,0,4,0,0,25,0,0,1,1,0,0,3,0,0,0,0,1,1,0,0,0,0,0,0,2,2,4,0,0,16,11,3,0,0,0,0,1,0,1,0,0,0,0,0,1,0,0,0,0,0,0,0,0,0,0,0,0,0,2,1,0,0,6,0,0,3,0,0,0,0,0,0,0,0,1,1,0,0,0,0,0,0,0,0,0,0,0,0,0,0,0,0,0,0,0,2,0,0,0,0,4,1,0,0,0,0,0,37,2,0,0,0,0,0,0,0,0,0,0,0,0,0,0,0,0,1,0,0,0,0,0,3,0,0
seatunnel-35a4b3d76ddf4243b0218484e8b4d05c6923d131,0,0,8,12,52,23,4,0,6,53,0,0,36,93,0,151,2,4,0,0,0,0,7,5,1,155,8,5,4,10,20,0,0,2,3,0,16,1,6,3,23,3,6,100,148,61,0,0,7,0,7,4,0,3,1,1,12,15,26,27,0,15,29,1,25,42,1,0,16,3,0,0,4,30,26,0,119,3,2,71,0,10,1,0,16,5,0,5,0,0,5,0,3,0,3,1,15,5,2,0,3,0,5,9,0,0,0,3,31,8,0,1,0,1,9,2,0,6,11,0,1,74,42,6,0,1,0,1,4,0,2,1,1,0,0,0,0,0,1,13,14,1,0,2,39,102,1,0
seatunnel-35c020fcb24b05291e1369772c65d96581eabc90,0,0,8,9,62,15,3,0,6,47,0,1,27,77,0,134,2,4,0,0,0,1,5,4,0,107,3,4,4,4,18,0,0,4,2,0,9,1,7,3,20,2,6,88,120,38,0,0,1,0,4,2,0,3,1,1,7,9,25,21,0,6,24,1,32,42,1,0,14,3,0,0,4,32,14,0,121,3,2,59,0,4,1,0,8,4,0,5,0,0,3,0,3,0,0,1,11,2,1,0,0,0,4,7,0,0,0,2,19,10,0,1,0,1,8,2,0,5,5,0,1,61,32,6,0,0,0,1,4,0,5,1,1,0,0,3,0,0,0,7,8,1,0,0,35,70,1,0
seatunnel-35e896eb67b23e450d2ac49f6a891f39cc7826bd,0,0,12,7,64,11,3,0,6,30,1,1,27,64,0,270,1,4,0,0,0,0,2,4,0,105,2,2,4,8,17,0,0,3,2,1,6,2,15,2,15,5,9,106,109,18,0,2,0,0,4,2,0,4,0,2,2,5,15,23,0,7,11,2,21,44,0,0,23,3,0,0,2,22,8,0,85,0,0,43,0,5,1,0,10,4,0,17,0,0,1,1,0,0,0,0,11,4,1,1,0,0,3,14,0,1,0,0,13,9,0,1,0,1,5,2,0,3,13,1,1,85,25,5,0,0,0,0,0,0,2,1,1,1,0,0,0,0,0,6,3,1,1,0,21,46,0,0
seatunnel-35f72cd51a64411a58482c2db7d722a1f956a831,0,0,8,4,35,9,1,0,0,18,0,1,15,32,0,214,0,3,0,0,0,0,3,3,0,65,1,1,1,8,14,0,0,1,0,1,5,0,1,2,6,4,6,76,95,12,0,2,0,0,4,2,0,2,0,2,0,1,16,13,0,5,6,0,7,3,0,0,6,0,0,0,2,14,5,0,92,0,0,24,0,1,1,1,6,2,0,6,0,0,2,1,0,0,0,0,3,4,1,0,0,0,2,17,0,0,0,0,6,9,0,0,0,0,1,0,0,3,14,0,0,24,9,0,0,0,0,0,4,0,1,0,0,0,0,0,0,0,0,6,0,0,1,0,10,19,0,0
seatunnel-3601f4294d79ca8b397005211bfc430d9f8b4f78,0,0,6,1,15,4,0,0,0,5,0,0,12,14,0,97,0,3,0,0,0,0,0,3,0,48,0,0,1,8,6,0,0,0,0,0,4,0,1,2,3,1,3,55,106,9,0,2,0,0,4,0,0,2,0,3,0,0,6,5,0,2,1,0,5,4,0,0,0,0,0,0,2,14,2,0,86,0,0,14,0,0,1,2,0,0,0,1,1,0,2,1,0,0,0,0,1,5,0,0,0,0,0,8,0,0,0,0,2,3,0,0,0,0,6,0,0,0,3,0,0,18,6,0,0,0,0,0,0,0,0,0,0,0,0,0,0,0,0,4,0,0,1,0,4,11,0,0
seatunnel-362319ff3e14ab15d1f9db4d2de269d7e1484b6e,0,0,8,5,38,11,1,0,0,18,1,1,14,38,0,224,0,3,0,0,0,0,4,3,0,67,1,1,1,8,14,0,0,1,0,1,5,1,1,2,8,4,6,76,95,10,0,2,0,0,4,2,0,2,0,2,0,1,16,19,0,5,6,0,7,3,0,0,4,0,0,0,2,15,5,0,78,0,0,24,0,1,1,1,6,2,0,6,0,0,2,1,0,0,0,0,4,4,1,0,0,0,2,16,0,0,0,0,6,9,0,0,0,0,4,0,0,3,15,0,0,42,9,0,0,0,0,0,4,0,1,0,0,0,0,0,0,0,0,6,2,0,1,0,12,26,0,0
seatunnel-369bb0e890b62794bcc3ccfab22606eca402f592,0,0,6,2,26,7,1,0,0,17,0,1,14,22,0,171,0,3,0,0,0,0,1,3,0,63,0,1,1,8,11,0,0,0,0,0,5,0,1,2,5,4,7,61,95,11,0,2,0,0,4,2,0,2,0,4,0,0,11,12,0,5,2,0,8,3,0,0,2,0,0,0,2,14,5,0,90,0,0,19,0,1,1,1,0,2,0,4,1,0,2,1,0,0,0,0,2,4,0,0,0,0,0,14,0,0,0,0,2,9,0,0,0,0,0,0,0,3,11,0,0,20,8,0,0,0,0,0,0,0,1,0,0,0,0,0,0,1,0,7,0,0,1,0,10,20,0,0
seatunnel-36a8774d9ac56bdf415a48e2d3082e4ea54f3c91,0,0,10,14,57,23,4,0,6,54,0,0,34,96,0,147,2,10,0,0,2,0,8,11,1,125,9,5,4,10,21,0,0,2,3,0,16,1,6,3,23,2,6,98,144,55,0,0,1,0,7,4,0,3,1,1,13,15,29,22,0,13,28,1,26,42,1,0,16,3,0,0,4,38,21,0,119,3,2,76,0,10,1,0,12,5,0,5,0,0,5,0,3,0,3,1,16,4,4,0,3,0,6,8,0,0,0,2,31,8,0,1,0,1,14,2,0,5,10,0,0,72,46,6,0,1,0,1,4,0,4,1,1,0,0,0,0,0,1,13,11,1,0,1,38,96,1,2
seatunnel-36e7ef3af73d5c98af2a02091f8c9d2b4aa2fc40,0,0,1,0,1,0,0,0,0,3,0,0,8,7,0,18,0,2,0,0,1,0,3,2,0,3,1,0,1,0,6,0,0,0,0,0,0,0,1,4,2,0,0,33,12,5,0,0,0,0,2,8,0,0,0,0,2,0,1,0,0,0,1,0,0,0,0,0,0,0,0,0,3,13,0,0,70,0,0,5,0,0,1,0,0,0,0,1,1,0,0,0,0,0,0,0,0,0,0,0,0,0,2,9,0,0,0,1,2,2,0,0,0,0,5,1,0,0,6,0,1,43,8,0,0,0,0,0,0,0,0,0,0,0,0,0,0,0,0,1,1,0,1,0,0,4,0,0
seatunnel-3753ed3ef91c64dc8766fa1bec6894f77dc5fb3d,0,0,3,1,4,1,0,0,0,4,0,0,6,9,0,69,0,4,0,0,0,0,0,4,0,7,0,0,1,4,5,0,0,0,0,0,1,0,1,2,3,1,1,37,26,5,0,2,0,0,3,0,0,1,0,1,0,0,4,12,0,1,0,0,1,2,0,0,0,3,0,0,2,13,1,0,69,0,0,9,0,0,1,2,0,0,0,1,1,0,0,1,0,0,0,0,0,4,0,0,0,0,0,7,0,0,0,0,2,3,0,0,0,0,5,0,0,0,4,0,0,18,6,0,0,0,0,0,0,0,0,0,0,0,0,0,0,0,0,4,0,0,1,0,0,7,0,0
seatunnel-376df66ad3d143442cfabf6a775a53706a53e542,0,0,5,5,0,0,0,0,4,3,0,0,13,28,0,17,0,4,0,0,1,0,2,8,1,4,1,0,4,0,2,1,0,0,0,0,1,0,2,2,5,1,0,20,11,11,0,0,0,0,13,13,0,0,0,0,10,0,1,1,0,0,5,0,0,4,0,0,0,0,0,0,4,5,4,4,8,0,0,2,1,0,2,0,0,0,0,1,1,6,1,0,0,0,0,0,152,0,0,0,0,0,2,6,0,0,0,0,7,5,1,0,0,0,5,1,4,1,1,0,2,51,39,0,0,0,0,1,0,1,0,0,7,0,0,0,0,0,0,2,2,0,0,0,0,4,0,2
seatunnel-379791dd441cefced65315226b769d49a562fb82,0,0,1,0,1,0,0,0,0,3,0,0,8,7,0,23,0,2,0,0,1,0,3,2,0,3,1,0,1,0,5,0,0,6,0,0,0,0,1,3,2,0,0,26,8,3,0,2,2,0,2,8,0,0,0,0,2,0,2,2,0,0,1,0,0,0,0,0,0,0,0,0,2,13,0,0,72,0,0,6,0,0,1,0,0,0,0,1,1,0,0,1,0,0,0,0,1,0,0,0,0,0,2,9,0,0,0,1,2,2,0,0,0,0,5,1,0,0,6,0,1,12,12,0,0,0,0,0,0,0,0,0,0,0,0,0,0,0,0,1,0,0,1,0,0,4,0,0
seatunnel-379da3097f910d1b1ab4142585399d391a9d0abe,0,0,14,8,54,12,3,0,6,40,1,1,31,74,0,299,0,4,0,0,0,2,4,4,0,108,2,3,6,8,18,0,0,5,2,1,8,1,6,5,19,5,11,117,122,27,0,2,0,0,4,2,0,3,0,2,3,10,18,26,0,9,24,1,29,44,1,0,11,3,0,0,3,38,9,0,105,2,2,61,0,5,2,0,11,4,0,5,0,0,1,1,3,0,0,1,12,5,2,0,0,0,3,2,0,1,0,2,16,10,0,1,0,1,8,2,0,5,7,0,1,62,32,6,0,0,0,0,4,0,2,1,1,1,0,0,0,0,0,11,4,1,1,0,31,47,1,0
seatunnel-37d9e0dfbbcf17835fc49c6a4ae765a9a6cad4e8,0,0,8,5,53,10,1,0,5,20,0,1,15,36,0,219,0,3,0,0,0,0,3,3,0,82,1,7,1,8,16,0,0,1,1,1,6,0,1,2,10,4,8,85,106,13,0,2,0,0,4,2,0,3,0,2,1,1,20,14,0,9,8,0,9,3,0,0,8,0,0,0,2,14,9,0,77,0,0,29,0,1,1,1,9,2,0,6,0,0,2,1,0,0,0,0,5,4,1,0,0,0,2,17,0,0,0,0,7,9,0,0,0,0,1,2,0,3,15,0,0,25,9,3,1,0,0,0,4,0,2,0,0,0,0,0,0,0,0,6,0,0,1,0,15,19,0,0
seatunnel-37de1d2536047773637210ffd89cf2430444a6c1,0,0,12,7,51,11,2,0,0,25,1,1,15,50,0,303,0,3,0,0,0,0,5,3,0,74,1,1,3,8,17,0,0,1,0,1,5,2,11,2,11,4,7,93,95,13,0,2,0,0,4,2,0,2,0,2,0,2,24,19,0,7,8,0,8,3,0,0,3,0,2,0,2,21,9,0,89,0,0,40,0,3,1,1,6,3,0,15,0,1,2,1,0,0,0,0,8,4,1,1,0,0,2,20,0,1,0,0,12,9,0,0,0,0,6,0,0,3,22,1,0,42,18,0,0,0,0,0,4,0,1,1,0,1,0,2,0,0,0,6,2,0,1,0,13,34,0,0
seatunnel-38042983c785ccb044b98de3a9973fa3fff24397,0,0,1,0,1,0,0,0,0,3,0,0,8,7,0,18,0,2,0,0,1,0,3,2,0,3,1,0,1,0,6,0,0,0,0,0,0,0,1,4,2,0,0,33,12,5,0,0,0,0,2,8,0,0,0,0,2,0,1,0,0,0,2,0,0,0,0,0,0,0,0,0,3,13,1,0,70,0,0,5,0,0,1,0,0,0,0,1,1,0,0,0,0,0,0,0,0,0,0,0,0,0,2,9,0,0,0,1,2,2,0,0,0,0,5,1,0,0,6,0,1,46,8,0,0,0,0,0,0,0,0,0,0,0,0,0,0,0,0,1,1,0,1,0,0,4,0,0
seatunnel-38254e3f26fe38eeecdedd166e56cf25a43c73f2,0,0,14,8,54,12,3,0,6,40,1,1,29,72,0,292,0,4,0,0,0,2,3,4,0,105,2,3,6,8,18,0,0,5,2,1,8,1,9,5,18,5,11,116,108,27,0,2,0,0,4,2,0,3,0,2,3,10,17,26,0,10,24,1,27,44,0,0,11,3,0,0,2,38,11,0,105,2,2,56,0,5,2,0,11,4,0,5,0,0,1,1,3,0,0,0,12,4,2,0,0,0,4,2,0,1,0,2,16,10,0,1,0,1,8,2,0,5,7,0,1,63,33,6,0,0,0,0,4,0,2,1,1,1,0,0,0,0,0,11,4,1,1,0,23,45,1,0
seatunnel-384ece19130faafcfdbc52d715871bdef686c739,0,0,12,7,60,11,3,0,6,31,1,1,27,65,0,272,1,4,0,1,0,0,2,4,0,105,2,2,4,8,17,0,0,3,2,1,6,2,15,2,15,5,10,106,109,18,0,2,0,0,4,2,0,4,0,2,2,5,15,23,0,8,11,2,21,44,0,0,13,3,0,0,2,22,9,0,107,0,2,44,0,5,2,0,10,4,0,5,0,0,1,1,0,0,0,0,10,4,2,1,0,0,3,0,0,1,0,0,12,9,0,1,0,1,5,2,0,3,5,1,1,85,25,5,0,0,0,0,1,0,2,1,1,1,0,0,0,0,0,6,3,1,1,0,21,46,0,0
seatunnel-385e1f42c04dd3d07abdb410ca310338a0d91c12,0,0,12,7,52,12,3,0,6,31,1,1,28,61,0,271,1,3,0,0,0,0,2,3,0,104,2,3,4,8,16,0,0,3,2,0,6,0,16,2,13,5,10,112,109,19,0,2,0,0,4,2,0,3,0,2,2,5,13,23,0,8,9,0,21,44,0,0,11,3,0,0,2,26,9,0,104,0,2,50,0,5,2,0,9,4,0,5,0,0,1,1,0,0,0,0,7,4,2,0,0,0,3,0,0,1,0,0,13,9,0,1,0,1,5,2,0,3,5,0,1,57,25,5,0,0,0,0,4,0,2,1,1,1,0,0,0,0,0,6,5,1,1,0,21,41,0,0
seatunnel-38646b11b8211e4a2645b380cf490ff3fc341e27,0,0,10,10,58,16,4,0,6,46,0,1,32,83,0,127,2,4,0,0,0,0,6,4,1,111,7,4,4,4,19,0,0,4,2,0,12,1,7,3,24,2,6,90,120,47,0,0,1,0,4,2,0,3,1,1,8,8,28,21,0,8,25,1,30,42,1,0,16,3,0,0,4,36,16,0,125,4,2,60,0,10,1,0,8,5,0,5,0,0,3,0,3,0,0,1,10,2,2,0,0,0,4,7,0,0,0,2,20,10,0,1,0,1,9,2,0,5,9,0,1,62,35,6,0,1,0,1,4,0,4,1,1,0,0,0,0,0,0,8,14,1,0,0,37,85,1,0
seatunnel-386e7e98054916cb07218067ab7e62f4a052428c,0,0,8,6,54,11,2,0,6,22,0,1,17,35,0,234,0,3,0,0,0,0,3,3,0,93,1,2,1,8,19,0,0,1,1,1,5,0,1,2,10,5,7,88,108,15,0,2,0,0,4,2,0,3,0,2,1,1,18,15,0,7,6,0,13,3,0,0,10,0,0,0,2,15,7,0,77,0,0,31,0,1,1,1,10,2,0,6,0,0,2,1,0,0,0,0,4,4,1,0,0,0,2,17,0,0,0,0,7,9,0,0,0,0,1,2,0,3,15,1,0,29,10,0,1,0,0,0,4,0,2,0,0,0,0,0,0,0,0,6,0,1,1,0,18,26,0,0
seatunnel-387df7535f5e4bc1892e434f3c7b3db06d5a0a1b,0,0,12,7,52,12,3,0,6,31,1,1,29,64,0,272,0,4,0,0,0,0,2,4,0,106,2,3,6,8,18,0,0,5,2,0,6,0,18,5,15,5,11,114,108,23,0,2,0,0,4,2,0,3,0,2,2,5,17,24,0,10,24,1,23,44,0,0,11,3,0,0,2,26,11,0,104,2,2,51,0,5,2,0,11,4,0,5,0,0,1,1,3,0,0,0,13,4,2,0,0,0,3,1,0,1,0,2,11,9,0,1,0,1,8,2,0,5,6,0,1,61,31,6,0,0,0,0,4,0,2,1,1,1,0,0,0,0,0,11,4,1,1,0,23,41,0,0
seatunnel-389872ac81a1cde0254ba947e6f5081485009643,0,0,12,7,51,12,3,0,6,31,1,1,28,61,0,268,0,3,0,0,0,0,2,3,0,103,2,3,6,8,18,0,0,5,2,0,6,0,17,2,15,5,10,112,109,21,0,2,0,0,4,2,0,3,0,2,2,5,14,23,0,11,18,1,23,44,0,0,12,3,0,0,2,26,12,0,104,2,2,50,0,5,2,0,10,4,0,5,0,0,1,1,3,0,0,0,12,4,2,0,0,0,3,1,0,1,0,0,13,9,0,1,0,1,8,2,0,4,6,0,1,57,27,6,0,0,0,0,4,0,2,1,1,1,0,0,0,0,0,9,4,1,1,0,21,41,0,0
seatunnel-38a57a7b78f34a567579618a84096999cb656f7e,0,0,1,0,0,0,0,0,0,3,0,0,8,18,0,16,0,1,0,0,1,0,2,1,0,4,1,0,1,0,4,0,0,0,0,0,0,0,1,3,2,0,0,26,11,5,0,0,0,0,2,8,0,0,0,0,2,0,1,0,0,0,2,0,0,0,0,0,0,0,0,0,3,12,1,0,8,0,0,2,0,0,1,0,0,0,0,1,1,0,0,0,0,0,0,0,0,0,0,0,0,0,2,7,0,0,0,1,2,2,0,0,0,0,5,1,0,1,5,0,1,46,8,0,0,0,0,0,0,0,0,0,0,0,0,0,0,0,0,2,1,0,1,0,0,4,0,0
seatunnel-38b0daf8b7ba723f2ee18d1e0ab55073701c1b74,0,0,12,7,51,12,3,0,6,31,1,1,28,61,0,268,1,3,0,0,0,0,2,3,0,102,2,3,4,8,16,0,0,3,2,0,6,0,17,2,13,5,10,112,109,19,0,2,0,0,4,2,0,3,0,2,2,5,14,23,0,10,9,1,21,44,0,0,11,3,0,0,2,26,11,0,104,0,2,50,0,5,2,0,10,4,0,5,0,0,1,1,0,0,0,0,7,4,2,0,0,0,3,0,0,1,0,0,13,9,0,1,0,1,8,2,0,3,5,0,1,57,25,5,0,0,0,0,4,0,2,1,1,1,0,0,0,0,0,9,5,1,1,0,21,41,0,0
seatunnel-38d5c688137989f93e3eb7c0b1f93fc5747c4ee7,0,0,4,1,11,1,0,0,0,4,0,0,11,10,0,87,0,3,0,0,0,0,0,3,0,48,0,0,1,4,6,0,0,2,0,0,2,0,2,2,5,1,3,57,98,8,0,2,0,0,4,0,0,1,0,3,0,0,6,5,0,3,1,0,1,4,0,0,0,0,0,0,3,14,3,0,71,0,0,15,0,0,1,2,0,0,0,1,1,0,2,1,0,0,0,0,1,4,0,0,0,0,0,6,0,0,0,0,2,3,0,0,0,0,6,0,0,1,3,0,0,18,5,0,0,0,0,0,0,0,0,0,0,0,0,0,0,0,0,4,0,0,1,0,2,10,0,0
seatunnel-38f1903be2baebc6a903012c3a3129168aec34c8,0,0,10,15,57,25,4,1,6,55,0,0,45,112,2,152,2,21,0,1,3,0,6,22,2,161,9,4,4,10,28,0,1,2,3,0,15,1,5,3,25,2,6,101,150,65,0,0,9,1,8,16,3,4,4,3,16,17,27,26,1,13,33,1,27,43,1,3,14,3,0,1,5,33,28,0,131,4,2,81,0,10,2,0,17,4,2,18,0,0,5,0,3,0,1,1,26,5,4,0,1,1,7,9,0,0,0,3,36,8,0,1,0,1,15,5,0,4,10,0,3,75,73,6,0,1,0,1,4,0,2,1,1,0,0,6,0,0,1,13,11,1,1,2,43,106,1,2
seatunnel-395635fa185d358d3cae44064d08815aea3a1adb,0,0,14,8,59,15,3,0,6,44,0,1,31,76,0,293,0,4,0,0,0,2,4,4,0,110,2,3,6,8,20,0,0,5,2,1,8,1,6,5,20,5,12,121,124,28,0,2,0,0,4,2,0,3,1,2,5,10,18,25,0,9,24,1,29,44,1,0,11,3,0,0,4,36,16,0,105,2,2,67,0,5,2,0,11,4,0,5,0,0,3,1,3,0,0,1,12,4,2,0,0,0,3,4,0,1,0,2,18,10,0,1,0,1,8,2,0,5,7,0,1,62,33,7,0,0,0,0,4,0,2,1,1,1,0,0,0,0,0,11,7,1,1,0,35,67,1,0
seatunnel-396db0dccf52b6c9552f8c13ee333753a9899737,0,0,1,0,1,0,0,0,0,4,0,0,7,4,0,27,0,3,0,0,1,0,0,3,0,4,0,0,1,4,5,0,0,6,0,0,0,0,1,2,2,0,0,25,12,3,0,2,1,0,2,8,0,1,0,0,2,0,3,2,0,1,1,0,0,0,0,0,0,3,0,0,2,14,1,0,64,0,0,6,0,0,1,0,0,0,0,0,1,0,0,1,0,0,0,0,0,0,0,0,0,0,2,5,0,0,0,1,2,2,0,0,0,0,5,0,0,0,3,0,1,12,12,0,0,0,0,0,0,0,0,0,0,0,0,0,0,0,0,1,0,0,1,0,0,4,0,0
seatunnel-397e192f3477d7f42f2fba66c519be7109162ebd,0,0,1,0,0,0,0,0,0,3,0,0,8,18,0,16,0,2,0,0,1,0,2,2,0,3,1,0,1,0,5,0,0,0,0,0,0,0,1,3,2,0,0,26,11,5,0,0,0,0,2,8,0,0,0,0,2,0,1,0,0,0,2,0,0,0,0,0,0,0,0,0,3,13,1,0,8,0,0,2,0,0,1,0,0,0,0,1,1,0,0,0,0,0,0,0,0,0,0,0,0,0,2,7,0,0,0,1,2,2,0,0,0,0,5,1,0,0,5,0,1,46,8,0,0,0,0,0,0,0,0,0,0,0,0,0,0,0,0,2,1,0,1,0,0,4,0,0
seatunnel-39a09d91824a517aa0c366d6369375565772ea2a,0,0,1,0,1,0,0,0,0,3,0,0,8,7,0,23,0,2,0,0,1,0,3,2,0,3,1,0,1,0,5,0,0,6,0,0,0,0,1,3,2,0,0,26,8,3,0,2,2,0,2,8,0,0,0,0,2,0,2,2,0,0,1,0,0,0,0,0,0,0,0,0,2,13,0,0,72,0,0,6,0,0,1,0,0,0,0,1,1,0,0,1,0,0,0,0,1,0,0,0,0,0,2,9,0,0,0,1,2,2,0,0,0,0,5,1,0,0,6,0,1,12,12,0,0,0,0,0,0,0,0,0,0,0,0,0,0,0,0,1,0,0,1,0,0,4,0,0
seatunnel-39aef9fe172268a1190a3afac7c4266c7240801d,0,0,10,14,55,23,4,0,6,54,0,0,33,96,0,147,2,4,0,0,0,0,8,5,1,120,8,5,4,10,19,0,0,2,3,0,16,1,6,3,23,2,6,96,144,54,0,0,1,0,7,4,0,3,1,1,13,15,28,22,0,13,28,1,26,42,1,0,16,3,0,0,3,34,21,0,119,3,2,71,0,10,1,0,12,5,0,5,0,0,5,0,3,0,3,1,16,4,3,0,3,0,5,8,0,0,0,2,31,8,0,1,0,1,9,2,0,5,10,0,0,72,44,6,0,1,0,1,4,0,4,1,1,0,0,0,0,0,1,13,11,1,0,1,38,96,1,2
seatunnel-39d4a6fc67f6d4ab3e48af6b4b254e5bf358f5e4,0,0,1,0,1,0,0,0,0,3,0,0,8,7,0,18,0,2,0,0,1,0,3,2,0,3,1,0,1,0,6,0,0,0,0,0,0,0,1,4,2,0,0,33,12,5,0,0,0,0,2,8,0,0,0,0,2,0,1,0,0,0,1,0,0,0,0,0,0,0,0,0,3,13,0,0,70,0,0,5,0,0,1,0,0,0,0,1,1,0,0,0,0,0,0,0,0,0,0,0,0,0,2,9,0,0,0,1,2,2,0,0,0,0,5,1,0,0,6,0,1,43,8,0,0,0,0,0,0,0,0,0,0,0,0,0,0,0,0,1,1,0,1,0,0,4,0,0
seatunnel-39dae4cfd9d78e713025250fe43654bb60685e71,0,0,10,10,58,16,4,0,6,46,0,1,32,84,0,127,2,4,0,0,0,0,6,4,1,112,7,4,4,4,19,0,0,4,2,0,12,1,7,3,24,2,6,88,120,47,0,0,1,0,5,2,0,3,1,1,8,8,28,21,0,8,25,1,30,42,1,0,16,3,0,0,4,36,16,0,125,4,2,60,0,10,1,0,8,5,0,5,0,0,3,0,3,0,0,1,10,2,2,0,0,0,4,7,0,0,0,2,20,10,0,1,0,1,9,2,0,5,9,0,1,62,35,6,0,1,0,1,4,0,4,1,1,0,0,0,0,0,0,8,14,1,0,0,37,85,1,0
seatunnel-39dbe21a2f3bdbb1d47fb30b69f7524edbc2d240,0,0,10,15,57,25,4,0,6,53,0,0,42,110,2,152,2,19,0,0,3,0,5,20,2,160,8,4,4,10,28,0,1,2,3,0,15,1,5,3,26,2,6,101,148,65,0,0,9,1,8,16,3,4,4,3,15,15,26,26,1,13,32,1,27,43,1,3,14,3,0,1,5,32,27,0,127,4,2,81,0,10,2,0,16,4,2,18,0,0,5,0,3,0,1,1,24,5,4,0,1,1,7,9,0,0,0,3,34,8,0,1,0,1,15,5,0,4,10,0,4,75,72,6,0,1,0,1,4,0,2,1,1,0,0,0,0,0,1,13,11,1,1,2,38,106,1,2
seatunnel-3a095d30fd4476e212889cf6c8d3ac18e871c179,0,0,8,9,62,15,3,0,6,42,0,1,26,77,0,177,0,4,0,0,0,2,4,4,0,105,2,4,4,4,17,0,0,4,2,1,10,1,7,3,20,3,6,87,120,35,0,0,0,0,2,2,0,2,1,1,5,9,22,23,0,6,24,1,29,42,1,0,13,3,0,0,4,32,14,0,121,3,2,58,0,4,1,0,8,4,0,5,0,0,3,0,3,0,0,1,11,2,1,0,0,0,3,7,0,0,0,2,16,10,0,1,0,1,8,2,0,5,5,0,1,59,31,6,0,0,0,1,4,0,2,1,1,0,0,3,0,0,0,7,8,1,0,0,35,70,1,0
seatunnel-3a2586f6dc007ac465588c9f4e04dd237064ca5f,0,0,8,5,38,11,1,0,0,18,1,1,14,38,0,224,0,3,0,0,0,0,4,3,0,67,1,1,1,8,14,0,0,1,0,1,5,1,1,2,8,4,6,76,95,10,0,2,0,0,4,2,0,2,0,2,0,1,16,19,0,5,6,0,7,3,0,0,4,0,0,0,2,15,5,0,78,0,0,24,0,1,1,1,6,2,0,6,0,0,2,1,0,0,0,0,4,4,1,0,0,0,2,16,0,0,0,0,6,9,0,0,0,0,4,0,0,3,15,0,0,42,9,0,0,0,0,0,4,0,1,0,0,0,0,0,0,0,0,6,2,0,1,0,12,26,0,0
seatunnel-3a4ef4c60d8397fbf7ee7b16a06494072d3f0245,0,0,2,1,1,0,0,0,0,4,0,0,8,6,0,42,0,3,0,0,1,0,0,3,0,5,0,0,1,4,5,0,0,0,0,0,0,0,1,2,2,0,0,27,12,4,0,2,0,0,2,8,0,1,0,1,2,0,3,2,0,1,1,0,1,0,0,0,0,3,0,0,2,13,1,0,68,0,0,2,0,0,1,0,0,0,0,0,1,0,0,1,0,0,0,0,0,0,0,0,0,0,2,3,0,0,0,0,3,2,0,0,0,0,5,0,0,0,2,0,1,17,12,0,0,0,0,0,0,0,0,0,0,0,0,0,0,0,0,1,0,0,1,0,0,4,0,0
seatunnel-3a5aa421f88ff1bc4db4d1b28cd405c6c3e2e08e,0,0,6,11,50,19,4,0,6,53,0,0,28,83,0,120,2,4,0,0,0,0,6,5,1,106,8,5,4,6,18,0,0,2,3,0,12,1,6,3,24,2,6,88,113,50,0,0,1,0,10,4,0,3,1,1,10,15,27,21,0,12,26,1,22,42,1,0,14,3,0,0,3,31,19,0,100,3,2,61,0,10,1,0,8,5,0,5,0,0,4,0,3,0,0,1,14,3,2,0,0,0,4,7,0,0,0,2,29,10,0,1,0,1,9,2,0,5,9,0,0,69,39,6,0,1,0,1,4,0,4,1,1,0,0,0,0,0,0,9,11,1,0,0,35,86,1,0
seatunnel-3abf728a77299dafe221bceb5bd5a43d5163ca59,0,0,4,1,9,1,0,0,0,4,0,0,10,10,0,76,0,3,0,0,0,0,0,3,0,35,0,0,1,4,6,0,0,2,0,0,1,0,2,2,3,1,2,57,104,7,0,2,0,0,4,0,0,1,0,3,0,0,4,5,0,4,0,0,1,4,0,0,0,0,0,0,3,13,4,0,68,0,0,12,0,0,1,2,0,0,0,1,1,0,1,1,0,0,0,0,1,4,0,0,0,0,0,7,0,0,0,0,2,3,0,0,0,0,6,0,0,1,4,0,0,18,5,0,0,0,0,0,0,0,0,0,0,0,0,0,0,0,0,4,0,0,1,0,2,9,0,0
seatunnel-3acaa82c544c4e31c474704ddc73d7e2e75b4093,0,0,5,5,0,0,0,0,4,0,0,0,13,23,0,6,0,4,0,0,1,0,2,8,1,4,1,0,4,0,2,1,0,0,0,0,1,0,2,2,5,0,0,17,11,10,0,0,0,0,13,13,0,0,0,0,10,0,1,1,0,0,5,0,0,4,0,0,0,0,0,0,4,5,3,4,8,0,0,3,1,0,1,0,0,0,0,0,1,6,1,0,0,0,0,0,147,0,0,0,0,0,2,6,0,0,0,0,6,5,1,0,0,0,5,1,4,0,1,0,2,52,38,0,0,0,0,1,0,1,0,0,7,0,0,0,0,0,0,1,2,0,0,0,0,4,0,2
seatunnel-3ace2551e1884e66a706a86f7a8794bcc9484d60,0,0,12,7,51,12,3,0,6,31,1,1,29,60,0,271,0,3,0,0,0,0,2,3,0,105,2,3,6,8,18,0,0,5,2,0,6,0,17,3,15,5,11,112,109,22,0,2,0,0,4,2,0,3,0,2,2,5,17,24,0,11,18,1,23,44,0,0,12,3,0,0,2,26,12,0,104,2,2,50,0,5,2,0,11,4,0,5,0,0,1,1,3,0,0,0,12,4,2,0,0,0,3,1,0,1,0,2,13,9,0,1,0,1,8,2,0,5,6,0,1,61,30,6,0,0,0,0,4,0,2,1,1,1,0,0,0,0,0,11,4,1,1,0,23,41,0,0
seatunnel-3aee11fc16c918213a81a8462ba2a65697d1aed8,0,0,12,7,39,7,1,0,0,25,1,1,19,57,0,239,0,4,0,0,0,0,2,4,0,73,1,1,3,8,12,0,0,1,1,1,5,2,14,2,10,3,6,88,94,14,0,2,0,0,4,2,0,2,0,2,0,5,12,19,0,6,9,2,8,3,0,0,1,3,0,0,2,21,7,0,87,0,0,39,0,3,1,0,6,4,0,17,0,0,1,1,0,0,0,0,9,4,1,1,0,0,3,14,0,1,0,0,13,9,0,0,0,1,5,0,0,3,13,1,0,58,21,0,0,0,0,0,0,0,1,1,1,1,0,0,0,0,0,6,2,0,1,0,13,36,0,0
seatunnel-3b573798db97d9aa0b41cb2828dbfc897658ad6f,0,0,8,9,62,15,3,0,6,42,0,1,26,76,0,181,0,4,0,0,0,2,3,4,0,105,2,4,4,4,17,0,0,4,2,1,10,1,7,3,20,3,6,87,120,34,0,0,0,0,2,2,0,2,1,1,5,9,22,23,0,6,24,1,29,42,1,0,13,3,0,0,4,32,14,0,121,3,2,58,0,4,1,0,8,4,0,5,0,0,3,0,3,0,0,1,11,2,1,0,0,0,3,7,0,0,0,2,15,10,0,1,0,1,8,2,0,5,5,0,1,59,31,6,0,0,0,0,4,0,2,1,1,0,0,3,0,0,0,7,8,1,0,0,35,70,1,0
seatunnel-3b5927584db5302bc512801d9f82f4451d5891ca,0,0,12,7,46,10,2,0,0,24,1,1,15,53,0,286,0,3,0,0,0,0,4,3,0,74,1,1,3,8,17,0,0,1,0,1,5,2,12,2,11,4,6,92,93,13,0,2,0,0,4,2,0,1,0,2,0,2,17,19,0,8,7,0,8,3,0,0,3,0,2,0,2,21,11,0,89,1,0,37,0,3,1,1,6,4,0,15,0,1,1,1,0,0,0,0,8,4,1,1,0,0,0,18,0,1,0,0,12,9,0,0,0,0,8,0,0,3,19,1,0,46,18,0,0,0,0,0,0,0,1,1,0,1,0,2,0,0,0,6,2,0,1,0,13,33,0,0
seatunnel-3b59ff7419da757be442e73ff8781f348654281b,0,0,21,5,0,0,0,0,4,0,0,6,13,21,0,5,0,4,186,0,6,0,0,8,1,4,0,0,4,9,2,1,1,0,0,0,1,0,2,2,8,0,0,17,11,12,0,0,0,0,14,13,1,0,0,0,10,0,1,0,0,0,6,0,0,4,0,0,0,0,0,0,3,5,2,3,8,0,0,3,1,0,1,0,0,0,0,0,1,6,1,0,0,0,0,0,146,0,0,0,0,0,2,0,1,0,3,0,2,5,1,0,0,0,5,1,4,0,0,0,8,52,43,0,0,0,1,1,0,1,0,0,7,0,0,0,0,0,0,1,2,0,0,0,0,4,0,2
seatunnel-3b6a8b4058593b1ff11c44560ebcc56142cda830,0,0,0,0,2,0,0,0,0,0,0,0,3,2,0,2,0,0,0,0,0,0,0,0,0,1,0,1,0,0,0,0,0,0,0,0,0,0,2,0,0,0,0,4,15,0,0,0,0,0,3,0,0,0,0,0,0,0,0,0,0,0,1,0,0,0,0,0,0,0,0,0,1,0,0,0,0,0,0,0,0,0,0,0,0,0,0,0,0,0,0,0,0,0,0,0,0,0,0,0,0,0,0,1,0,0,0,0,0,0,0,0,0,0,1,0,0,0,1,0,0,9,0,0,0,0,0,0,0,0,0,0,0,0,0,0,0,0,0,0,0,0,0,0,0,0,0,0
seatunnel-3b73cc73211645fb0fa3d2f5682be9278857b921,0,0,12,7,58,11,3,0,6,31,1,1,27,58,0,270,1,3,0,1,0,0,2,3,0,103,2,3,4,8,16,0,0,3,2,0,6,0,15,2,13,5,10,108,109,18,0,2,0,0,4,2,0,4,0,2,2,5,14,23,0,8,8,0,20,44,0,0,13,3,0,0,2,22,9,0,104,0,2,45,0,5,2,0,10,4,0,5,0,0,1,1,0,0,0,0,8,4,2,1,0,0,3,0,0,1,0,0,13,9,0,1,0,1,5,2,0,3,5,0,1,60,24,5,0,0,0,0,4,0,2,1,1,1,0,0,0,0,0,6,5,1,1,0,21,41,0,0
seatunnel-3ba8631f38fe5a4c962bea34b4fe08f6e22f85a0,0,0,12,6,46,12,2,0,0,24,1,1,14,48,0,281,0,3,0,0,0,0,4,3,0,73,1,1,3,8,15,0,0,1,0,1,5,2,4,2,9,4,7,91,95,12,0,2,0,0,4,2,0,2,0,2,0,1,22,19,0,6,8,0,8,3,0,0,5,0,2,0,2,21,7,0,80,0,0,35,0,3,1,1,6,3,0,15,0,1,2,1,0,0,0,0,7,4,1,1,0,0,2,18,0,0,0,0,11,9,0,0,0,0,5,0,0,3,20,0,0,42,18,0,0,0,0,0,4,0,1,1,0,1,0,2,0,0,0,6,2,0,1,0,12,33,0,0
seatunnel-3bae2dd6c8d006017954208f765915bef8f9efdb,0,0,5,5,0,0,0,0,4,0,0,0,13,27,0,8,0,4,0,0,1,0,2,8,1,4,1,0,4,0,3,1,0,0,0,0,1,0,2,2,4,0,0,17,11,10,0,0,0,0,13,13,0,0,0,0,10,0,1,1,0,0,5,0,0,4,0,0,0,0,0,0,4,5,4,4,8,0,0,3,1,0,1,0,0,0,0,0,1,6,1,0,0,0,0,0,147,0,0,0,0,0,2,6,0,0,0,0,7,5,1,0,0,0,5,1,4,0,1,0,2,48,38,0,0,0,0,1,0,1,0,0,7,0,0,0,0,0,0,1,2,0,0,0,0,4,0,2
seatunnel-3be75c49f98219111523297f26303a289892f5c6,0,0,8,16,64,26,4,3,6,55,0,1,44,117,2,148,2,20,0,1,3,0,5,21,2,142,9,4,4,10,27,0,1,3,3,0,15,1,7,3,25,2,6,106,140,65,2,0,9,1,7,16,4,4,4,3,15,17,28,24,1,11,33,1,31,43,1,3,20,3,0,1,5,25,26,0,129,4,2,77,0,10,3,0,14,4,2,18,0,0,5,0,3,1,1,1,24,7,3,0,1,1,8,9,0,0,0,4,35,8,0,1,0,1,15,6,0,6,9,0,2,79,86,7,0,1,0,1,4,0,2,2,1,0,1,6,0,0,1,11,13,0,1,2,42,106,1,0
seatunnel-3bee6873d2f87144957d5707a9e0a0f09a6999a7,0,0,1,0,1,0,0,0,0,3,0,0,8,7,0,18,0,2,0,0,1,0,3,2,0,3,1,0,1,0,5,0,0,0,0,0,0,0,1,4,2,0,0,33,12,5,0,0,0,0,2,8,0,0,0,0,2,0,1,0,0,0,2,0,0,0,0,0,0,0,0,0,3,13,1,0,68,0,0,5,0,0,1,0,0,0,0,1,1,0,0,0,0,0,0,0,0,0,0,0,0,0,2,9,0,0,0,1,2,2,0,0,0,0,5,1,0,0,6,0,1,46,8,0,0,0,0,0,0,0,0,0,0,0,0,0,0,0,0,2,1,0,1,0,0,4,0,0
seatunnel-3bf7018a5f1a2be3c69a710da450b265b74a58e9,0,0,10,14,53,25,4,0,6,53,0,0,39,97,0,150,2,9,0,0,2,0,8,10,2,161,9,5,4,10,21,0,0,2,3,0,17,1,5,3,24,3,6,100,148,65,0,0,8,0,8,4,0,3,1,1,13,15,29,23,0,13,29,1,27,42,1,0,15,3,0,0,5,34,26,0,122,5,2,77,0,10,1,0,16,5,0,5,0,0,5,0,3,0,3,1,16,5,4,0,3,0,7,9,0,0,0,3,31,8,0,1,0,1,15,2,0,5,13,0,1,76,48,6,0,1,0,1,4,0,2,1,1,0,0,0,0,0,1,13,11,1,0,2,38,102,1,2
seatunnel-3c012c7976dd505a19435ac382ca6b043074d1ae,0,0,12,7,56,12,3,0,6,31,1,1,28,60,0,271,1,3,0,1,0,0,2,3,0,103,2,3,4,8,16,0,0,3,2,0,6,0,15,2,13,5,10,112,109,18,0,2,0,0,4,2,0,4,0,2,2,5,13,23,0,8,9,0,20,44,0,0,13,3,0,0,2,27,9,0,104,0,2,49,0,5,2,0,10,4,0,5,0,0,1,1,0,0,0,0,8,4,2,0,0,0,3,0,0,1,0,0,13,9,0,1,0,1,5,2,0,3,5,0,1,60,25,5,0,0,0,0,4,0,2,1,1,1,0,0,0,0,0,6,5,1,1,0,21,41,0,0
seatunnel-3c0415e56e42d79b403164897724a0199fe0443c,0,0,8,5,38,11,1,0,0,18,1,1,14,38,0,224,0,3,0,0,0,0,3,3,0,67,1,1,1,8,14,0,0,1,0,1,5,1,1,2,8,4,6,76,95,10,0,2,0,0,4,2,0,2,0,2,0,1,16,19,0,5,6,0,7,3,0,0,6,0,0,0,2,15,5,0,78,0,0,24,0,1,1,1,6,2,0,6,0,0,2,1,0,0,0,0,4,4,1,0,0,0,2,16,0,0,0,0,6,9,0,0,0,0,4,0,0,3,15,0,0,42,8,0,0,0,0,0,4,0,1,0,0,0,0,0,0,0,0,6,2,0,1,0,12,26,0,0
seatunnel-3c10987e7759cf6cba553e4fbe6463118940b694,0,0,2,0,1,0,0,0,0,4,0,0,8,4,0,26,0,3,0,0,1,0,0,3,0,4,0,0,1,4,5,0,0,0,0,0,0,0,1,2,2,0,0,25,12,4,0,2,0,0,2,8,0,1,0,0,2,0,3,2,0,1,1,0,0,0,0,0,0,3,0,0,2,13,1,0,67,0,0,2,0,0,1,0,0,0,0,0,1,0,0,1,0,0,0,0,0,0,0,0,0,0,2,3,0,0,0,0,2,2,0,0,0,0,5,0,0,0,2,0,1,12,12,0,0,0,0,0,0,0,0,0,0,0,0,0,0,0,0,1,0,0,1,0,0,4,0,0
seatunnel-3ca5e2600f1eadc73718c58b0ddb8e6882e5fb9c,0,0,1,0,1,0,0,0,0,3,0,0,8,7,0,18,0,2,0,0,1,0,3,2,0,3,1,0,1,0,6,0,0,0,0,0,0,0,1,4,2,0,0,33,12,5,0,0,0,0,2,8,0,0,0,0,2,0,1,0,0,0,1,0,0,0,0,0,0,0,0,0,3,13,0,0,70,0,0,5,0,0,1,0,0,0,0,1,1,0,0,0,0,0,0,0,0,0,0,0,0,0,2,9,0,0,0,1,2,2,0,0,0,0,5,1,0,0,6,0,1,43,8,0,0,0,0,0,0,0,0,0,0,0,0,0,0,0,0,1,1,0,1,0,0,4,0,0
seatunnel-3ca60c6feddc35a1283b25058ba36853201e19f7,0,0,10,14,53,25,4,0,6,53,0,0,39,97,0,152,2,9,0,0,2,0,8,10,2,163,9,5,4,10,21,0,0,2,3,0,17,1,5,3,24,3,6,100,148,65,0,0,8,0,8,4,0,3,1,1,13,15,29,23,0,13,29,1,27,42,1,0,15,3,0,0,5,34,26,0,122,5,2,77,0,10,1,0,16,5,0,5,0,0,5,0,3,0,3,1,16,5,4,0,3,0,7,9,0,0,0,3,31,8,0,1,0,1,15,2,0,5,13,0,1,76,48,6,0,1,0,1,4,0,2,1,1,0,0,0,0,0,1,13,11,1,0,2,38,102,1,2
seatunnel-3ccbbc13f53bfecb525c9148f6765b3d2a3f3824,0,0,8,16,62,26,4,2,6,55,0,1,44,117,2,148,2,20,0,1,3,0,5,21,2,142,9,4,4,10,30,0,1,3,3,0,15,1,8,3,25,2,6,106,140,65,2,0,9,1,7,16,4,4,4,3,15,17,28,24,1,10,33,1,31,43,1,3,20,3,0,1,5,25,25,0,129,4,2,77,0,10,3,0,14,4,2,18,0,0,5,0,3,1,1,1,24,7,3,0,1,1,8,9,0,0,0,4,35,8,0,1,0,1,15,6,0,6,9,0,2,79,84,7,0,1,0,1,4,0,2,2,1,0,1,6,0,0,1,11,13,1,1,2,42,106,1,0
seatunnel-3cd5a48a6b0911e8ba33977b83654737aeeda7e1,0,0,21,5,0,0,0,0,4,0,0,6,13,21,0,6,0,4,186,0,6,2,1,8,1,4,0,0,4,9,2,1,1,0,0,0,1,0,2,2,8,0,0,17,11,12,0,0,0,0,14,13,1,0,0,0,10,0,1,0,0,0,6,0,0,4,0,0,0,0,0,0,3,5,2,3,8,0,0,26,1,0,1,0,0,0,0,0,1,6,1,0,0,0,0,0,146,0,0,0,0,0,2,0,1,0,3,0,2,5,1,0,0,0,5,1,4,0,1,0,8,64,43,0,0,0,1,1,0,1,0,0,7,0,0,0,0,0,0,1,2,0,0,0,0,4,0,2
seatunnel-3cdb7cfa4d045c6edb0eb43772613836c09e3fed,0,0,10,15,57,25,4,1,6,53,0,0,42,112,2,152,2,19,0,0,3,0,6,20,2,160,8,4,4,10,28,0,1,2,3,0,15,1,5,3,26,2,6,101,150,65,0,0,9,1,8,16,3,4,4,3,15,15,27,26,1,13,32,1,26,43,1,3,14,3,0,1,5,32,28,0,127,4,2,81,0,10,2,0,16,4,2,18,0,0,5,0,3,0,1,1,24,5,4,0,1,1,7,9,0,0,0,3,34,8,0,1,0,1,15,5,0,4,10,0,4,75,73,6,0,1,0,1,4,0,2,1,1,0,0,6,0,0,1,13,11,1,1,2,38,106,1,2
seatunnel-3cdf3f59c137bbdd1e4c382500bcfc49863c8d6e,0,0,10,10,58,16,4,0,6,46,0,1,32,86,0,127,2,4,0,0,0,0,6,5,1,112,7,5,4,6,19,0,0,2,2,0,12,1,7,3,24,2,6,88,120,47,0,0,1,0,9,2,0,6,1,1,8,8,28,21,0,8,26,1,23,42,1,0,16,3,0,0,4,36,16,0,125,3,2,60,0,10,1,0,8,5,0,5,0,0,3,0,3,0,0,1,10,3,2,0,0,0,4,7,0,0,0,2,20,10,0,1,0,1,9,2,0,5,9,0,0,62,35,6,0,1,0,1,4,0,4,1,1,0,0,0,0,0,0,8,12,1,0,0,37,85,1,0
seatunnel-3ce56e4657006f43905272acbe252cdb3ff6178d,0,0,8,5,43,9,1,0,2,19,0,1,15,34,0,217,0,3,0,0,0,0,3,3,0,70,1,1,1,8,15,0,0,1,1,1,5,0,1,2,8,5,7,82,101,12,0,2,0,0,4,2,0,3,0,2,0,1,16,14,0,6,7,0,8,3,0,0,6,0,0,0,2,14,6,0,77,0,0,24,0,1,1,1,7,2,0,6,0,0,2,1,0,0,0,0,4,4,1,0,0,0,2,17,0,0,0,0,7,9,0,0,0,0,1,2,0,3,15,0,0,24,8,3,0,0,0,0,4,0,2,0,0,0,0,0,0,0,0,6,0,0,1,0,12,19,0,0
seatunnel-3d4267d9e1745683c7032d76dd273be0e12fb814,0,0,21,5,0,0,0,0,4,0,0,6,13,22,0,6,0,4,186,0,6,0,2,8,1,4,1,0,4,9,2,1,1,0,0,0,1,0,2,2,5,0,0,16,11,10,0,0,0,0,14,13,1,0,0,0,10,0,1,1,0,0,6,0,0,4,0,0,0,0,0,0,4,5,2,3,8,0,0,3,1,0,1,0,0,0,0,0,1,6,1,0,0,0,0,0,147,0,0,0,0,0,2,5,1,0,3,0,2,5,1,0,0,0,5,1,4,0,1,0,8,52,43,0,0,0,1,1,0,1,0,0,7,0,0,0,0,0,0,1,2,0,0,0,0,4,0,2
seatunnel-3d45a9bee862def58b7e864a0d3668ef912aad74,0,0,1,0,1,0,0,0,0,3,0,0,8,7,0,18,0,2,0,0,1,0,3,2,0,3,1,0,1,0,6,0,0,0,0,0,0,0,1,4,2,0,0,33,12,5,0,0,0,0,2,8,0,0,0,0,2,0,1,0,0,0,2,0,0,0,0,0,0,0,0,0,3,13,1,0,68,0,0,5,0,0,1,0,0,0,0,1,1,0,0,0,0,0,0,0,0,0,0,0,0,0,2,9,0,0,0,1,2,2,0,0,0,0,5,1,0,0,6,0,1,46,8,0,0,0,0,0,0,0,0,0,0,0,0,0,0,0,0,2,1,0,1,0,0,4,0,0
seatunnel-3d46b7961451e0ed6bcb6a4ba8589c90f7505f34,0,0,8,9,62,15,3,0,6,47,0,1,26,78,0,149,0,4,0,0,0,2,5,4,0,107,3,4,4,4,17,0,0,4,2,1,10,1,7,3,20,3,6,87,120,36,0,0,1,0,4,2,0,2,1,1,7,9,23,23,0,6,24,1,29,42,1,0,14,3,0,0,4,32,14,0,121,3,2,58,0,4,1,0,8,4,0,5,0,0,3,0,3,0,0,1,11,2,1,0,0,0,4,7,0,0,0,2,18,10,0,1,0,1,8,2,0,5,5,0,1,62,30,6,0,0,0,1,4,0,2,1,1,0,0,3,0,0,0,7,8,1,0,0,35,70,1,0
seatunnel-3d6482368a2e4fb88f472038ae2b53484a9959fb,0,0,8,5,53,10,1,0,5,20,0,1,15,36,0,219,0,3,0,0,0,0,3,3,0,81,1,7,1,8,16,0,0,1,1,1,6,0,1,2,10,4,8,87,106,13,0,2,0,0,4,2,0,3,0,2,1,1,20,14,0,9,8,0,9,3,0,0,8,0,0,0,2,14,9,0,77,0,0,29,0,1,1,1,9,2,0,6,0,0,2,1,0,0,0,0,5,4,1,0,0,0,2,17,0,0,0,0,7,9,0,0,0,0,1,2,0,3,15,0,0,25,9,3,1,0,0,0,4,0,2,0,0,0,0,0,0,0,0,6,0,0,1,0,15,19,0,0
seatunnel-3d707a6d4ac24cf2da3b9321974ec929084a0cc4,0,0,1,0,1,0,0,0,0,3,0,0,8,7,0,18,0,2,0,0,1,0,3,2,0,3,1,0,1,0,6,0,0,0,0,0,0,0,1,4,2,0,0,33,12,5,0,0,0,0,2,8,0,0,0,0,2,0,1,0,0,0,1,0,0,0,0,0,0,0,0,0,3,13,0,0,70,0,0,5,0,0,1,0,0,0,0,1,1,0,0,0,0,0,0,0,0,0,0,0,0,0,2,9,0,0,0,1,2,2,0,0,0,0,5,1,0,0,6,0,1,43,8,0,0,0,0,0,0,0,0,0,0,0,0,0,0,0,0,1,1,0,1,0,0,4,0,0
seatunnel-3d7ff831f90dade78171070bb157e98384ca1591,0,0,10,15,57,24,4,0,6,53,0,0,42,109,2,152,2,16,0,0,3,0,5,17,2,160,8,4,4,10,26,0,1,2,3,0,15,1,5,3,23,2,6,101,148,66,0,0,8,1,8,16,3,4,4,1,15,15,26,22,1,13,32,1,27,43,1,0,14,3,0,1,5,32,27,0,127,4,2,81,0,10,2,0,16,4,2,18,0,0,5,0,3,0,1,1,24,5,4,0,1,1,8,9,0,0,0,3,34,8,0,1,0,1,15,5,0,5,10,0,2,82,72,6,0,1,0,1,4,0,2,1,1,0,0,0,0,0,1,13,11,1,1,2,38,106,1,2
seatunnel-3da11ce19b8f6d7e3a64b934983bd1bfc73b3f89,0,0,12,7,38,7,1,0,0,25,1,1,20,57,0,243,0,4,0,0,0,0,2,4,0,72,1,1,3,8,12,0,0,1,1,1,5,2,14,2,12,3,6,87,94,14,0,2,0,0,4,2,0,2,0,2,0,5,12,19,0,6,9,2,8,3,0,0,1,3,0,0,2,21,7,0,85,0,0,39,0,3,1,0,6,4,0,17,0,0,1,1,0,0,0,0,9,4,1,1,0,0,3,14,0,1,0,0,13,9,0,0,0,1,5,0,0,3,13,1,0,58,21,0,0,0,0,0,0,0,1,1,1,1,0,0,0,0,0,6,2,0,1,0,13,36,0,0
seatunnel-3da19d444408b4a8fc71d4c73a39d2754af467ca,0,0,14,8,54,12,3,0,6,40,1,1,29,72,0,290,0,4,0,0,0,2,3,4,0,105,2,3,6,8,18,0,0,5,2,1,8,1,9,5,18,5,11,116,108,27,0,2,0,0,4,2,0,3,0,2,3,12,17,26,0,10,24,1,27,44,0,0,11,3,0,0,2,38,11,0,105,2,2,54,0,5,2,0,11,4,0,5,0,0,1,1,3,0,0,0,12,4,2,0,0,0,3,2,0,1,0,2,18,10,0,1,0,1,8,2,0,5,7,0,1,61,33,6,0,0,0,0,4,0,2,1,1,1,0,0,0,0,0,11,4,1,1,0,23,45,1,0
seatunnel-3dd3f50c52b259244bae4a3075ecfb1642e28311,0,0,1,0,0,0,0,0,0,3,0,0,8,18,0,15,0,0,0,0,1,0,2,0,0,4,1,0,1,0,4,0,0,0,0,0,0,0,1,3,3,0,0,24,11,5,0,0,0,0,2,8,0,0,0,0,2,0,1,0,0,0,2,0,0,0,0,0,0,0,0,0,3,7,1,0,6,0,0,1,0,0,1,0,0,0,0,1,1,0,0,0,0,0,0,0,0,0,0,0,0,0,2,7,0,0,0,1,2,2,0,0,0,0,5,1,0,1,5,0,0,45,8,0,0,0,0,0,0,0,0,0,0,0,0,0,0,0,0,2,1,0,1,0,0,4,0,0
seatunnel-3dd7dc0e4cdf77bb5a039d3848365561cfac0f92,0,0,8,2,28,7,1,0,0,18,0,1,13,27,0,184,0,3,0,0,0,0,1,3,0,62,1,1,1,8,11,0,0,1,0,1,5,0,1,2,6,4,6,68,95,11,0,2,0,0,4,2,0,2,0,2,0,1,12,13,0,6,4,0,8,3,0,0,2,0,0,0,2,14,6,0,92,0,0,21,0,1,1,1,0,2,0,6,0,0,2,1,0,0,0,0,2,4,1,0,0,0,0,15,0,0,0,0,5,9,0,0,0,0,1,0,0,3,12,0,0,22,8,0,0,0,0,0,0,0,1,0,0,0,0,0,0,0,0,7,0,0,1,0,10,19,0,0
seatunnel-3ddec233a3069885f5bc14932e1f937c12a2f917,0,0,12,6,44,12,2,0,0,24,1,1,14,48,0,281,0,3,0,0,0,0,4,3,0,73,1,1,3,8,15,0,0,1,0,1,5,2,4,2,9,4,6,91,95,10,0,2,0,0,4,2,0,2,0,2,0,1,21,19,0,6,7,0,8,3,0,0,5,0,2,0,2,19,7,0,80,0,0,35,0,1,1,1,6,3,0,15,0,1,2,1,0,0,0,0,7,4,1,1,0,0,2,18,0,0,0,0,11,9,0,0,0,0,5,0,0,3,20,0,0,42,17,0,0,0,0,0,4,0,1,1,0,1,0,2,0,0,0,6,2,0,1,0,12,31,0,0
seatunnel-3e186a6edd498ac32b3f4f43e18b44fc3a7b7671,0,0,12,7,38,7,1,0,0,25,1,1,19,57,0,240,0,4,0,0,0,0,3,4,0,73,1,1,3,8,12,0,0,1,1,1,5,2,14,2,10,5,6,89,94,14,0,2,0,0,4,2,0,2,0,2,0,5,12,19,0,6,9,2,8,3,0,0,1,0,0,0,2,21,7,0,87,0,0,39,0,3,1,0,6,4,0,16,0,0,1,1,0,0,0,0,7,4,1,1,0,0,3,14,0,1,0,0,13,9,0,0,0,1,5,0,0,3,14,1,0,58,21,0,0,0,0,0,0,0,1,1,1,1,0,0,0,0,0,6,2,0,1,0,13,36,0,0
seatunnel-3e200e0a38b1358c025b7c5e08572eccfd10fbb1,0,0,8,6,44,11,1,0,0,24,1,1,14,45,0,275,0,3,0,0,0,0,4,3,0,72,1,1,3,8,14,0,0,1,0,1,5,2,3,2,9,4,6,90,95,10,0,2,0,0,4,2,0,2,0,2,0,1,17,19,0,5,6,0,8,3,0,0,4,0,0,0,2,16,5,0,80,0,0,32,0,1,1,1,6,3,0,15,0,0,2,1,0,0,0,0,5,4,1,0,0,0,2,16,0,0,0,0,6,9,0,0,0,0,5,0,0,3,17,0,0,39,14,0,0,0,0,0,4,0,1,1,0,0,0,0,0,0,0,6,2,0,1,0,12,28,0,0
seatunnel-3e54b82fb5cffdba517df173700a695e4ac4c89d,0,0,8,9,63,15,3,0,6,47,0,1,27,77,0,149,2,4,0,0,0,2,5,4,0,107,3,4,4,4,18,0,0,4,2,1,9,1,7,3,20,2,6,88,120,37,0,0,1,0,4,2,0,2,1,1,7,9,25,21,0,6,24,1,32,42,1,0,14,3,0,0,4,32,14,0,121,3,2,60,0,4,1,0,8,4,0,5,0,0,3,0,3,0,0,1,11,2,1,0,0,0,4,7,0,0,0,2,18,10,0,1,0,1,8,2,0,5,5,0,1,61,32,6,0,0,0,1,4,0,5,1,1,0,0,3,0,0,0,7,8,1,0,0,35,70,1,0
seatunnel-3e6caf7053b3675766e201eb3b69b35a2833c304,0,0,12,7,53,12,3,0,6,33,1,1,29,66,0,280,0,4,0,0,0,0,3,4,0,106,2,3,6,8,18,0,0,5,2,1,8,0,18,5,16,5,11,114,108,26,0,2,0,0,4,2,0,3,0,2,3,5,17,24,0,10,24,1,25,44,0,0,11,3,0,0,2,30,11,0,104,2,2,53,0,5,2,0,11,4,0,5,0,0,1,1,3,0,0,0,13,4,2,0,0,0,3,2,0,1,0,2,11,9,0,1,0,1,8,2,0,5,7,0,1,61,32,6,0,0,0,0,4,0,2,1,1,1,0,0,0,0,0,11,4,1,1,0,23,43,1,0
seatunnel-3e7d04bcbcf0224d1530a278e92bea8375d3151c,0,0,1,0,6,0,0,0,0,3,0,0,8,18,0,18,0,2,0,0,1,0,3,2,0,3,1,0,1,0,5,0,0,0,0,0,0,0,1,4,3,0,0,30,11,5,0,0,0,0,3,8,0,0,0,0,2,0,7,0,0,0,2,0,0,0,0,0,0,0,0,0,3,13,1,0,66,0,0,5,0,0,1,0,0,0,0,1,1,0,0,0,0,0,0,0,0,0,0,0,0,0,2,9,0,0,0,1,2,2,0,0,0,0,5,1,0,0,6,0,1,48,8,0,0,0,0,0,0,0,0,0,0,0,0,0,0,0,0,2,1,0,1,0,0,4,0,0
seatunnel-3e7d82bd758419238573a6a3eecdd977b0c008cc,0,0,6,2,17,4,1,0,0,5,0,0,12,15,0,110,0,3,0,0,0,0,0,3,0,52,0,0,1,8,10,0,0,0,0,0,4,0,1,2,4,1,3,57,107,10,0,2,0,0,4,0,0,2,0,3,0,0,7,5,0,2,3,0,6,4,0,0,0,0,0,0,2,14,2,0,87,0,0,16,0,0,1,3,0,0,0,1,1,0,2,1,0,0,0,0,1,5,0,0,0,0,0,10,0,0,0,0,2,3,0,0,0,0,1,0,0,0,6,0,0,20,6,0,0,0,0,0,0,0,0,0,0,0,0,0,0,1,0,5,0,0,1,0,5,11,0,0
seatunnel-3ea7a429b9de19298d272ec777e52b5f8ba149a7,0,0,12,7,55,10,2,0,0,25,1,1,15,50,0,284,0,3,0,0,0,0,4,3,0,73,1,1,3,8,17,0,0,1,0,1,5,2,12,2,11,4,6,93,95,13,0,2,0,0,4,2,0,2,0,2,0,2,26,19,0,8,7,0,8,3,0,0,3,0,2,0,2,21,11,0,89,0,0,37,0,3,1,1,6,4,0,15,0,1,1,1,0,0,0,0,8,4,1,1,0,0,0,18,0,1,0,0,12,9,0,0,0,0,8,0,0,3,19,1,0,46,18,0,0,0,0,0,0,0,1,1,0,1,0,2,0,0,0,6,2,0,1,0,13,33,0,0
seatunnel-3ec47c6848d5f77197c1cd0c0bd7549c4884027b,0,0,8,9,61,15,3,0,6,47,0,1,29,78,0,124,2,4,0,0,0,0,5,4,1,109,3,4,4,4,19,0,0,4,2,0,9,1,7,3,20,2,6,86,120,39,0,0,1,0,4,2,0,3,1,1,7,9,25,21,0,6,24,1,32,42,1,0,14,3,0,0,4,32,14,0,122,3,2,57,0,4,1,0,8,4,0,5,0,0,3,0,3,0,0,1,10,2,2,0,0,0,4,7,0,0,0,2,19,10,0,1,0,1,8,2,0,5,5,0,1,61,32,6,0,0,0,1,4,0,5,1,1,0,0,3,0,0,0,7,10,1,0,0,37,73,1,0
seatunnel-3ee8a8a619e51a2b3772f8226dd77c8989e52a01,0,0,12,7,54,10,2,0,0,25,1,1,15,50,0,286,0,3,0,0,0,0,4,3,0,73,1,1,3,8,17,0,0,1,0,1,5,2,12,2,11,4,6,93,95,13,0,2,0,0,4,2,0,2,0,2,0,2,26,19,0,8,7,0,8,3,0,0,3,0,2,0,2,21,11,0,92,0,0,39,0,3,1,1,6,4,0,15,0,1,1,1,0,0,0,0,8,4,1,1,0,0,0,18,0,1,0,0,12,9,0,0,0,0,8,0,0,3,19,1,0,46,18,0,0,0,0,0,0,0,1,1,0,1,0,2,0,0,0,6,2,0,1,0,13,33,0,0
seatunnel-3eef2e2e9740a44407d9fa5b138794ac49c540ba,0,0,10,14,54,23,4,0,6,54,0,0,34,96,0,147,2,4,0,0,0,0,8,5,1,120,8,5,4,10,19,0,0,2,3,0,16,1,6,3,23,2,6,96,144,55,0,0,1,0,7,4,0,3,1,1,13,15,28,22,0,13,28,1,26,42,1,0,16,3,0,0,3,34,21,0,119,3,2,71,0,10,1,0,12,5,0,5,0,0,5,0,3,0,3,1,16,4,3,0,3,0,5,8,0,0,0,2,31,8,0,1,0,1,9,2,0,5,10,0,0,72,44,6,0,1,0,1,4,0,4,1,1,0,0,0,0,0,1,13,11,1,0,1,38,96,1,2
seatunnel-3ef889f7c2ef3c8f0ad6a65087eaa0d9982601b0,0,0,1,0,6,0,0,0,0,3,0,0,8,18,0,18,0,2,0,0,1,0,3,2,0,3,1,0,1,0,5,0,0,0,0,0,0,0,1,4,3,0,0,30,11,5,0,0,0,0,3,8,0,0,0,0,2,0,7,0,0,0,2,0,0,0,0,0,0,0,0,0,3,13,1,0,66,0,0,5,0,0,1,0,0,0,0,1,1,0,0,0,0,0,0,0,0,0,0,0,0,0,2,9,0,0,0,1,2,2,0,0,0,0,5,1,0,0,6,0,1,46,8,0,0,0,0,0,0,0,0,0,0,0,0,0,0,0,0,2,1,0,1,0,0,4,0,0
seatunnel-3f1dcfc9157647b98946171a034a01a60dc8fd0e,0,0,8,11,55,23,4,0,6,53,0,0,32,93,0,147,2,4,0,0,0,0,8,5,1,119,8,5,4,10,20,0,0,2,3,0,15,1,6,3,23,2,6,96,144,54,0,0,1,0,7,4,0,3,1,1,12,15,27,22,0,13,28,1,24,42,1,0,16,3,0,0,3,34,21,0,119,3,2,70,0,10,1,0,12,5,0,5,0,0,5,0,3,0,3,1,15,4,2,0,3,0,5,8,0,0,0,2,31,8,0,1,0,1,9,2,0,5,10,0,0,72,42,6,0,1,0,1,4,0,4,1,1,0,0,0,0,0,1,13,11,1,0,1,38,96,1,0
seatunnel-3f443c8093ca22bd5ef5b554ad2bfd4a6dae9ce2,0,0,1,0,1,0,0,0,0,3,0,0,6,7,0,22,0,2,0,0,1,0,3,2,0,3,1,0,1,0,5,0,0,6,0,0,0,0,1,3,2,0,0,27,8,3,0,2,2,0,2,8,0,0,0,0,2,0,2,2,0,0,1,0,0,0,0,0,0,0,0,0,2,13,0,0,72,0,0,6,0,0,1,0,0,0,0,1,1,0,0,1,0,0,0,0,1,0,0,0,0,0,2,9,0,0,0,1,2,2,0,0,0,0,5,1,0,0,6,0,1,12,12,0,0,0,0,0,0,0,0,0,0,0,0,0,0,0,0,1,0,0,1,0,0,4,0,0
seatunnel-3fcc7c377a159ad2fc880f1019acc1a066461839,0,0,8,9,63,15,3,0,6,47,0,1,27,77,0,149,2,4,0,0,0,2,5,4,0,107,3,4,4,4,18,0,0,4,2,1,9,1,7,3,20,2,6,88,120,37,0,0,1,0,4,2,0,2,1,1,7,9,25,21,0,6,24,1,32,42,1,0,14,3,0,0,4,32,14,0,121,3,2,60,0,4,1,0,8,4,0,5,0,0,3,0,3,0,0,1,11,2,1,0,0,0,4,7,0,0,0,2,18,10,0,1,0,1,8,2,0,5,5,0,1,61,32,6,0,0,0,1,4,0,5,1,1,0,0,3,0,0,0,7,8,1,0,0,35,70,1,0
seatunnel-402ead2a00212b8868b3c9ac5785167ff6cc3198,0,0,1,0,1,0,0,0,0,3,0,0,6,7,0,22,0,2,0,0,1,0,3,2,0,3,1,0,1,0,5,0,0,6,0,0,0,0,1,3,2,0,0,34,8,3,0,2,2,0,2,8,0,0,0,0,2,0,2,2,0,0,1,0,0,0,0,0,0,0,0,0,2,13,0,0,72,0,0,6,0,0,1,0,0,0,0,1,1,0,0,1,0,0,0,0,1,0,0,0,0,0,2,9,0,0,0,1,2,2,0,0,0,0,5,1,0,0,6,0,1,12,12,0,0,0,0,0,0,0,0,0,0,0,0,0,0,0,0,1,0,0,1,0,0,4,0,0
seatunnel-403226dbe12d6a6a9a87eb09fba0dd6fb63c76be,0,0,8,16,57,25,4,2,6,55,0,1,44,114,2,149,2,20,0,1,3,0,6,21,2,142,9,4,4,10,29,0,1,3,3,0,15,1,8,3,25,2,6,101,140,64,2,0,9,1,7,16,3,4,4,3,15,17,26,24,1,11,33,1,31,43,1,3,17,3,0,1,5,33,26,0,127,4,2,72,0,10,3,0,14,4,2,18,0,0,5,0,3,0,1,1,24,7,3,0,1,1,8,9,0,0,0,3,35,8,0,1,0,1,15,5,0,6,9,0,2,79,79,7,0,1,0,1,4,0,2,2,1,0,0,6,0,0,1,11,11,1,1,2,42,107,1,0
seatunnel-405f7d6f998e488b2c26fbbf357769f5d579e069,0,0,12,7,50,11,2,0,0,25,1,1,15,50,0,303,0,3,0,0,0,0,5,3,0,74,1,1,3,8,17,0,0,1,0,1,5,2,11,2,11,4,7,93,95,13,0,2,0,0,4,2,0,2,0,2,0,2,23,19,0,7,8,0,8,3,0,0,3,0,2,0,2,21,9,0,88,0,0,40,0,3,1,1,6,3,0,15,0,1,2,1,0,0,0,0,8,4,1,1,0,0,2,20,0,1,0,0,12,9,0,0,0,0,6,0,0,3,22,0,0,42,18,0,0,0,0,0,4,0,1,1,0,1,0,2,0,0,0,6,2,0,1,0,13,34,0,0
seatunnel-4061866d13affa9f29696501e23f4781d4171c81,0,0,1,0,6,0,0,0,0,3,0,0,8,18,0,17,0,2,0,0,1,0,2,2,0,3,1,0,1,0,5,0,0,0,0,0,0,0,1,3,3,0,0,26,11,5,0,0,0,0,3,8,0,0,0,0,2,0,7,0,0,0,2,0,0,0,0,0,0,0,0,0,3,13,1,0,66,0,0,2,0,0,1,0,0,0,0,1,1,0,0,0,0,0,0,0,0,0,0,0,0,0,2,8,0,0,0,1,2,2,0,0,0,0,5,1,0,0,5,0,1,47,8,0,0,0,0,0,0,0,0,0,0,0,0,0,0,0,0,2,1,0,1,0,0,4,0,0
seatunnel-40699b660cfecb5cffb2da0a94dc1bbd29a19579,0,0,10,15,57,24,4,0,6,53,0,0,42,109,2,152,2,16,0,0,3,0,5,17,2,160,8,4,4,10,26,0,1,2,3,0,15,1,5,3,23,2,6,101,148,66,0,0,8,1,8,16,3,4,4,1,15,15,26,22,1,13,32,1,27,43,1,0,14,3,0,1,5,32,27,0,127,4,2,81,0,10,2,0,16,4,2,18,0,0,5,0,3,0,1,1,24,5,4,0,1,1,8,9,0,0,0,3,34,8,0,1,0,1,15,5,0,5,10,0,2,82,72,6,0,1,0,1,4,0,2,1,1,0,0,0,0,0,1,13,11,1,1,2,38,106,1,2
seatunnel-40707a3bc6586886b9f6ff855090452d9bc26d37,0,0,8,16,61,26,4,2,6,55,0,1,43,116,2,148,2,20,0,1,3,0,6,21,2,142,9,4,4,10,30,0,1,3,3,0,15,1,8,3,25,2,6,106,140,65,2,0,9,1,7,16,4,4,4,3,15,17,28,24,1,11,33,1,31,43,1,3,20,3,0,1,5,25,26,0,129,4,2,77,0,10,3,0,14,4,2,18,0,0,5,0,3,1,1,1,24,7,3,0,1,1,8,9,0,0,0,4,35,8,0,1,0,1,15,6,0,6,9,0,2,75,84,7,0,1,0,1,4,0,2,2,1,0,1,6,0,0,1,11,13,1,1,2,42,106,1,0
seatunnel-407628879f02cae093047fd444f8fcaaec1ef414,0,0,10,16,53,25,4,0,6,53,0,0,40,101,2,150,2,9,0,0,2,0,8,10,2,159,9,4,4,10,22,0,0,2,3,0,17,1,5,3,25,3,6,101,148,70,0,0,8,1,8,8,3,4,4,1,13,15,26,23,1,13,29,1,28,42,1,0,14,3,0,1,5,34,25,0,122,5,2,77,0,10,1,0,16,5,0,5,0,0,5,0,3,0,3,1,16,5,4,0,3,1,6,9,0,0,0,3,33,8,0,1,0,1,15,5,0,5,12,0,1,77,63,6,0,1,0,1,4,0,2,1,1,0,0,0,0,0,1,13,11,1,0,2,38,102,1,2
seatunnel-40a1712d2db623ea0e89bd658a462edaef5f9d12,0,0,5,5,0,0,0,0,4,3,0,0,14,28,0,17,0,4,0,0,1,0,2,8,1,4,1,0,4,0,4,1,0,0,0,0,1,0,2,3,5,1,0,22,11,11,0,0,0,0,13,13,0,0,0,0,10,0,1,1,0,0,5,0,0,4,0,0,0,0,0,0,4,5,4,4,8,0,0,3,1,0,2,0,0,0,0,1,1,6,1,0,0,0,0,0,152,0,0,0,0,0,2,6,0,0,0,0,7,5,0,0,0,0,5,1,4,1,4,0,2,53,39,0,0,0,0,1,0,1,0,0,7,0,0,0,0,0,0,2,2,0,0,0,0,4,0,2
seatunnel-40c5d00792fde4845d9c3256d4b1ee8cf3374dfb,0,0,10,10,57,15,4,0,6,46,0,1,32,79,0,125,2,4,0,0,0,0,6,4,1,108,6,4,4,4,19,0,0,4,2,0,10,1,7,3,23,2,6,89,120,47,0,0,1,0,4,2,0,3,1,1,8,8,25,21,0,7,24,1,29,42,1,0,16,3,0,0,4,36,15,0,122,4,2,60,0,10,1,0,8,5,0,5,0,0,3,0,3,0,0,1,10,2,2,0,0,0,4,7,0,0,0,2,20,10,0,1,0,1,8,2,0,5,9,0,1,60,35,6,0,1,0,1,4,0,4,1,1,0,0,3,0,0,0,8,14,1,0,0,37,84,1,0
seatunnel-40d67ab902c69494f9803c0859ed8f7f84657380,0,0,12,7,51,12,3,0,6,31,1,1,28,61,0,269,0,3,0,0,0,0,2,3,0,103,2,3,6,8,18,0,0,5,2,0,6,0,17,2,15,5,11,112,109,21,0,2,0,0,4,2,0,3,0,2,2,5,14,23,0,11,18,1,23,44,0,0,12,3,0,0,2,26,12,0,104,2,2,50,0,5,2,0,11,4,0,5,0,0,1,1,3,0,0,0,12,4,2,0,0,0,3,1,0,1,0,0,13,9,0,1,0,1,8,2,0,5,6,0,1,57,28,6,0,0,0,0,4,0,2,1,1,1,0,0,0,0,0,9,4,1,1,0,21,41,0,0
seatunnel-40f2fb64a68cb95f173b884916c5b4f38114915d,0,0,12,7,53,12,3,0,6,31,1,1,28,61,0,271,1,3,0,0,0,0,2,3,0,104,2,3,4,8,16,0,0,3,2,0,6,0,16,2,13,5,10,112,109,19,0,2,0,0,4,2,0,3,0,2,2,5,13,23,0,8,9,0,21,44,0,0,11,3,0,0,2,26,9,0,104,0,2,50,0,5,2,0,9,4,0,5,0,0,1,1,0,0,0,0,7,4,2,0,0,0,3,0,0,1,0,0,13,9,0,1,0,1,5,2,0,3,5,0,1,57,25,5,0,0,0,0,4,0,2,1,1,1,0,0,0,0,0,6,5,1,1,0,21,41,0,0
seatunnel-4104a3e30e3d48b56f03ca2e37f0f0445331c2d8,0,0,14,8,54,12,3,0,6,40,1,1,29,73,0,292,0,4,0,0,0,2,3,4,0,105,2,3,6,8,18,0,0,5,2,1,8,1,9,5,18,5,11,116,108,27,0,2,0,0,4,2,0,3,0,2,3,12,17,26,0,10,24,1,27,44,0,0,11,3,0,0,2,38,11,0,105,2,2,56,0,5,2,0,11,4,0,5,0,0,1,1,3,0,0,0,12,4,2,0,0,0,4,2,0,1,0,2,18,10,0,1,0,1,8,2,0,5,7,0,1,63,33,6,0,0,0,0,4,0,2,1,1,1,0,0,0,0,0,11,4,1,1,0,23,45,1,0
seatunnel-41277d7f787ed7fb0da2b78406516ffd66de1212,0,0,10,16,57,25,4,1,6,55,0,1,44,115,2,149,2,20,0,1,3,0,6,21,2,142,9,4,4,10,29,0,1,3,3,0,15,1,8,3,25,2,6,101,140,64,2,0,9,1,7,16,3,4,4,3,16,17,26,24,1,11,33,1,31,43,1,3,17,3,0,1,5,33,26,0,127,4,2,72,0,10,2,0,14,4,2,18,0,0,5,0,3,0,1,1,25,7,4,0,1,1,8,9,0,0,0,3,35,8,0,1,0,1,15,5,0,6,9,0,2,79,77,7,0,1,0,1,4,0,2,2,1,0,0,6,0,0,1,11,11,1,1,2,42,107,1,2
seatunnel-415150635c0bcbe564001ab3dd9b9bccfafe0a6e,0,0,8,16,57,26,4,2,6,55,0,1,41,114,2,148,2,20,0,1,3,0,6,21,2,138,9,4,4,10,30,0,1,3,3,0,15,1,8,3,25,2,6,102,140,65,2,0,9,1,7,16,4,4,4,3,15,17,26,24,1,11,33,1,31,43,1,3,19,3,0,1,5,33,26,0,127,4,2,75,0,10,3,0,14,4,2,18,0,0,5,0,3,1,1,1,24,7,3,0,1,1,8,9,0,0,0,4,35,8,0,1,0,1,15,6,0,6,9,0,2,75,82,7,0,1,0,1,4,0,2,2,1,0,1,6,0,0,1,11,13,1,1,2,42,106,1,0
seatunnel-417178fb84f0c4d1e56d3dbddf6bca419e88a1b0,0,0,10,10,58,16,4,0,6,46,0,1,32,84,0,127,2,4,0,0,0,0,6,5,1,112,7,5,4,6,19,0,0,4,2,0,12,1,7,3,24,2,6,88,120,47,0,0,1,0,9,2,0,6,1,1,8,8,28,21,0,8,26,1,27,42,1,0,16,3,0,0,4,36,16,0,125,3,2,60,0,10,1,0,8,5,0,5,0,0,3,0,3,0,0,1,10,2,2,0,0,0,4,7,0,0,0,2,20,10,0,1,0,1,9,2,0,5,9,0,0,62,35,6,0,1,0,1,4,0,4,1,1,0,0,0,0,0,0,8,13,1,0,0,37,85,1,0
seatunnel-41751d8b636064d73ffb66ab07cea0c7e3091e47,0,0,10,10,58,16,4,0,6,46,0,1,32,86,0,127,2,4,0,0,0,0,6,5,1,112,7,5,4,6,19,0,0,2,2,0,12,1,7,3,24,2,6,88,120,47,0,0,1,0,9,2,0,6,1,1,8,8,28,21,0,8,26,1,23,42,1,0,16,3,0,0,4,36,16,0,125,3,2,60,0,10,1,0,8,5,0,5,0,0,3,0,3,0,0,1,10,3,2,0,0,0,4,7,0,0,0,2,20,10,0,1,0,1,9,2,0,5,9,0,0,62,35,6,0,1,0,1,4,0,4,1,1,0,0,0,0,0,0,8,12,1,0,0,37,85,1,0
seatunnel-418e40818d108c4b4330061dde688ac9eb9f8363,0,0,8,2,27,7,1,0,0,18,0,1,13,25,0,180,0,3,0,0,0,0,1,3,0,65,1,1,1,8,11,0,0,1,0,0,5,0,1,2,5,4,6,62,95,11,0,2,0,0,4,2,0,2,0,4,0,1,11,13,0,6,2,0,8,3,0,0,2,0,0,0,2,14,6,0,92,0,0,20,0,1,1,1,0,2,0,6,0,0,2,1,0,0,0,0,2,4,1,0,0,0,0,14,0,0,0,0,5,9,0,0,0,0,1,0,0,3,12,0,0,22,8,0,0,0,0,0,0,0,1,0,0,0,0,0,0,0,0,7,0,0,1,0,10,19,0,0
seatunnel-419c82841b21f31dac7176909046265ef72b6cfe,0,0,8,16,57,25,4,2,6,55,0,1,44,114,2,149,2,20,0,1,3,0,6,21,2,142,9,4,4,10,29,0,1,3,3,0,15,1,8,3,25,2,6,101,140,64,2,0,9,1,7,16,3,4,4,3,15,17,26,24,1,11,33,1,31,43,1,3,17,3,0,1,5,33,26,0,127,4,2,72,0,10,3,0,14,4,2,18,0,0,5,0,3,0,1,1,24,7,3,0,1,1,8,9,0,0,0,3,35,8,0,1,0,1,15,5,0,6,9,0,2,79,79,7,0,1,0,1,4,0,2,2,1,0,0,6,0,0,1,11,11,1,1,2,42,107,1,0
seatunnel-41e530afd59d3e72e0517c2f3c2287c86d935f59,0,0,8,5,35,9,1,0,0,18,0,1,14,32,0,215,0,3,0,0,0,0,3,3,0,65,1,1,1,8,14,0,0,1,0,1,5,0,1,2,6,4,6,76,95,12,0,2,0,0,4,2,0,2,0,2,0,1,16,13,0,5,6,0,7,3,0,0,6,0,0,0,2,14,5,0,77,0,0,24,0,1,1,1,6,2,0,6,0,0,2,1,0,0,0,0,3,4,1,0,0,0,2,17,0,0,0,0,6,9,0,0,0,0,1,0,0,3,15,0,0,24,8,0,0,0,0,0,4,0,1,0,0,0,0,0,0,0,0,6,0,0,1,0,12,19,0,0
seatunnel-41ea851fd4ae41ab35fc451ba461cdecf2879000,0,0,1,0,1,0,0,0,0,3,0,0,8,7,0,18,0,2,0,0,1,0,3,2,0,3,1,0,1,0,6,0,0,0,0,0,0,0,1,4,2,0,0,33,12,5,0,0,0,0,2,8,0,0,0,0,2,0,1,0,0,0,1,0,0,0,0,0,0,0,0,0,3,13,0,0,70,0,0,5,0,0,1,0,0,0,0,1,1,0,0,0,0,0,0,0,0,0,0,0,0,0,2,9,0,0,0,1,2,2,0,0,0,0,5,1,0,0,6,0,1,43,8,0,0,0,0,0,0,0,0,0,0,0,0,0,0,0,0,1,1,0,1,0,0,4,0,0
seatunnel-421baf5bb0292e26970e3a27b24744ec631f1164,0,0,10,15,57,24,4,0,6,53,0,0,42,109,2,152,2,16,0,0,3,0,5,17,2,160,8,4,4,10,26,0,1,2,3,0,15,1,5,3,23,2,6,101,148,66,0,0,8,1,8,16,3,4,4,1,15,15,26,22,1,13,32,1,27,43,1,0,14,3,0,1,5,32,27,0,127,4,2,81,0,10,2,0,16,4,2,18,0,0,5,0,3,0,1,1,24,5,4,0,1,1,8,9,0,0,0,3,34,8,0,1,0,1,15,5,0,5,10,0,2,82,72,6,0,1,0,1,4,0,2,1,1,0,0,0,0,0,1,13,11,1,1,2,38,106,1,2
seatunnel-423d170e5c43f5f767cd9210ebd94ca4bf2635f2,0,0,9,8,59,15,3,0,6,42,0,1,27,74,0,249,0,4,0,0,0,2,4,4,0,105,2,3,5,4,17,0,0,4,2,1,10,1,5,3,20,3,6,85,124,27,0,0,0,0,2,2,0,3,1,1,5,9,19,23,0,7,24,1,28,42,1,0,13,3,0,0,4,27,15,0,97,2,2,61,0,4,1,0,8,4,0,5,0,0,3,0,3,0,0,1,11,4,1,0,0,0,3,7,0,1,0,2,15,10,0,1,1,1,7,2,0,5,5,0,1,54,30,7,0,0,0,0,4,0,2,1,1,1,0,3,0,0,0,7,8,1,0,0,35,65,1,0
seatunnel-42b3ccdf2e4972fcaf42f502819073143454c418,0,0,8,5,32,9,2,0,0,18,0,1,15,32,0,205,0,3,0,0,0,0,3,3,0,65,1,1,1,8,15,0,0,1,0,1,5,0,1,2,6,4,6,76,95,13,0,2,0,0,4,2,0,2,0,2,0,1,16,13,0,5,7,0,8,3,0,0,5,0,0,0,2,14,5,0,92,0,0,25,0,1,1,1,6,2,0,6,0,0,2,1,0,0,0,0,3,4,1,0,0,0,2,19,0,0,0,0,6,9,0,0,0,0,1,0,0,3,17,0,0,24,9,0,0,0,0,0,4,0,1,0,0,0,0,0,0,0,0,7,0,0,1,0,11,19,0,0
seatunnel-42bb0129327fef63e5e048baa7985b3d1b96ff30,0,0,8,13,55,23,4,0,6,54,0,0,32,94,0,147,2,4,0,0,0,0,8,5,1,121,8,5,4,10,20,0,0,2,3,0,15,1,6,3,23,2,6,96,144,54,0,0,1,0,7,4,0,3,1,1,12,15,27,22,0,13,28,1,24,42,1,0,16,3,0,0,3,34,21,0,119,3,2,70,0,10,1,0,12,5,0,5,0,0,5,0,3,0,3,1,15,4,2,0,3,0,5,8,0,0,0,2,31,8,0,1,0,1,9,2,0,5,10,0,0,72,43,6,0,1,0,1,4,0,4,1,1,0,0,0,0,0,1,13,11,1,0,1,38,96,1,0
seatunnel-42be825539eded661c6b2ed8d83627dba0781860,0,0,12,7,53,11,2,0,0,25,1,1,15,51,0,302,0,3,0,0,0,0,5,3,0,71,1,1,3,8,17,0,0,1,0,1,5,2,11,2,11,4,6,93,95,13,0,2,0,0,4,2,0,2,0,2,0,2,25,19,0,7,7,0,8,3,0,0,3,0,2,0,2,21,9,0,92,0,0,39,0,3,1,1,6,4,0,15,0,1,1,1,0,0,0,0,8,4,1,1,0,0,2,20,0,1,0,0,12,9,0,0,0,0,6,0,0,3,22,1,0,46,18,0,0,0,0,0,4,0,1,1,0,1,0,2,0,0,0,6,2,0,1,0,13,34,0,0
seatunnel-42e8c25e50d66496da2de6a5ab927a322b9fcacf,0,0,8,5,44,11,1,0,0,24,1,1,14,40,0,250,0,3,0,0,0,0,4,3,0,68,1,1,2,8,14,0,0,1,0,1,5,1,3,2,8,4,6,84,95,10,0,2,0,0,4,2,0,2,0,2,0,1,18,19,0,5,6,0,7,3,0,0,4,0,0,0,2,16,5,0,79,0,0,31,0,1,1,1,6,3,0,15,0,0,2,1,0,0,0,0,5,4,1,0,0,0,2,16,0,0,0,0,6,9,0,0,0,0,4,0,0,3,17,0,0,42,11,0,0,0,0,0,4,0,1,1,0,0,0,0,0,0,0,6,2,0,1,0,12,26,0,0
seatunnel-4304a947e956d2894ebe8abdaf3adf009826945b,0,0,8,13,55,23,4,0,6,54,0,0,32,94,0,147,2,4,0,0,0,0,8,5,1,121,8,5,4,10,20,0,0,2,3,0,15,1,6,3,23,2,6,96,144,54,0,0,1,0,7,4,0,3,1,1,12,15,27,22,0,13,28,1,24,42,1,0,16,3,0,0,3,34,21,0,119,3,2,70,0,10,1,0,12,5,0,5,0,0,5,0,3,0,3,1,15,4,2,0,3,0,5,8,0,0,0,2,31,8,0,1,0,1,9,2,0,5,10,0,0,72,43,6,0,1,0,1,4,0,4,1,1,0,0,0,0,0,1,13,11,1,0,1,38,96,1,0
seatunnel-43600a70499cf220485cc8a32604c89e464e8c04,0,0,12,7,49,11,2,0,0,25,1,1,15,49,0,302,0,3,0,0,0,0,5,3,0,73,1,1,3,8,17,0,0,1,0,1,5,2,11,2,10,4,7,93,95,13,0,2,0,0,4,2,0,2,0,2,0,2,22,19,0,6,8,0,8,3,0,0,3,0,2,0,2,21,7,0,88,0,0,40,0,3,1,1,6,3,0,15,0,1,2,1,0,0,0,0,8,4,1,1,0,0,2,20,0,1,0,0,12,9,0,0,0,0,6,0,0,3,22,0,0,42,18,0,0,0,0,0,4,0,1,1,0,1,0,2,0,0,0,6,2,0,1,0,13,34,0,0
seatunnel-4399c50848ac7c1486fe6a32f8efe9d12001b329,0,0,8,6,54,11,2,0,6,20,0,1,15,36,0,229,0,3,0,0,0,0,3,3,0,91,1,4,1,8,16,0,0,1,1,1,5,0,1,2,10,5,7,89,108,15,0,2,0,0,5,2,0,3,0,2,1,1,17,15,0,8,7,0,12,3,0,0,9,0,0,0,2,15,8,1,77,0,0,31,0,1,1,1,10,2,0,6,0,0,2,1,0,0,0,0,3,4,1,0,0,0,2,17,0,0,0,0,7,9,0,0,0,0,1,2,0,3,15,1,0,26,10,1,1,0,0,0,4,0,2,0,0,0,0,0,0,0,0,6,0,0,1,0,16,26,0,0
seatunnel-439f686d92426b3df95806c622cbff17ced2a41a,0,0,14,8,59,15,3,0,6,44,0,1,31,76,0,293,0,4,0,0,0,2,4,4,0,110,2,3,6,8,20,0,0,5,2,1,8,1,6,5,20,5,12,121,124,28,0,2,0,0,4,2,0,3,1,2,5,10,18,25,0,9,26,1,29,44,1,0,11,3,0,0,4,36,16,0,105,2,2,67,0,5,2,0,11,4,0,5,0,0,3,1,3,0,0,1,12,4,2,0,0,0,3,4,0,1,0,2,18,10,0,1,0,1,8,2,0,5,7,0,1,62,33,7,0,0,0,0,4,0,2,1,1,1,0,0,0,0,0,11,7,1,1,0,35,67,1,0
seatunnel-43b7a829283472d3de39f463f399f8ce07e861f0,0,0,1,0,1,0,0,0,0,3,0,0,8,7,0,18,0,2,0,0,1,0,3,2,0,3,1,0,1,0,5,0,0,0,0,0,0,0,1,4,2,0,0,33,12,5,0,0,0,0,2,8,0,0,0,0,2,0,1,0,0,0,2,0,0,0,0,0,0,0,0,0,3,13,1,0,68,0,0,5,0,0,1,0,0,0,0,1,1,0,0,0,0,0,0,0,0,0,0,0,0,0,2,9,0,0,0,1,2,2,0,0,0,0,5,1,0,0,6,0,1,46,8,0,0,0,0,0,0,0,0,0,0,0,0,0,0,0,0,2,1,0,1,0,0,4,0,0
seatunnel-4409425d57e4451855d7c0d5eb63be474fb0935c,0,0,12,7,51,11,2,0,0,25,1,1,15,50,0,303,0,3,0,0,0,0,5,3,0,74,1,1,3,8,17,0,0,1,0,1,5,2,11,2,11,4,7,93,95,13,0,2,0,0,4,2,0,2,0,2,0,2,24,19,0,7,8,0,8,3,0,0,3,0,2,0,2,21,9,0,89,0,0,40,0,3,1,1,6,3,0,15,0,1,2,1,0,0,0,0,8,4,1,1,0,0,2,20,0,1,0,0,12,9,0,0,0,0,6,0,0,3,22,1,0,43,18,0,0,0,0,0,4,0,1,1,0,1,0,2,0,0,0,6,2,0,1,0,13,34,0,0
seatunnel-4487079ce944120a3f33d603499eb7049a566a3e,0,0,21,5,0,0,0,0,4,0,0,6,13,22,0,6,0,4,186,0,6,0,2,8,1,4,1,0,4,9,2,1,1,0,0,0,1,0,2,2,5,0,0,16,11,10,0,0,0,0,14,13,1,0,0,0,10,0,1,1,0,0,6,0,0,4,0,0,0,0,0,0,4,5,2,3,8,0,0,3,1,0,1,0,0,0,0,0,1,6,1,0,0,0,0,0,147,0,0,0,0,0,2,5,1,0,3,0,2,5,1,0,0,0,5,1,4,0,1,0,8,52,43,0,0,0,1,1,0,1,0,0,7,0,0,0,0,0,0,1,2,0,0,0,0,4,0,2
seatunnel-44bdc0c28444bcc251db31f5047463098018a2f4,0,0,8,5,62,11,3,0,6,23,0,1,17,37,0,237,0,3,0,0,0,0,3,3,0,91,1,2,1,8,19,0,0,1,1,1,5,0,1,2,9,5,7,88,108,16,0,2,0,0,4,2,0,4,0,2,1,1,18,13,0,8,9,0,11,3,0,0,16,0,0,0,2,15,8,0,77,0,0,27,0,1,1,2,10,2,0,6,0,0,2,1,0,0,0,0,4,4,1,0,0,0,2,17,0,0,0,0,7,9,0,1,0,0,1,2,0,3,15,0,0,29,11,0,0,0,0,0,4,0,2,0,0,0,0,0,0,0,0,6,0,1,1,0,18,26,0,0
seatunnel-44ee9a8ad8ad9031b418d3a2a3ceff87bc236526,0,0,12,7,52,12,3,0,6,31,1,1,28,61,0,271,1,3,0,0,0,0,2,3,0,104,2,3,4,8,16,0,0,3,2,0,6,0,16,2,13,5,10,112,109,19,0,2,0,0,4,2,0,3,0,2,2,5,13,23,0,8,9,0,21,44,0,0,11,3,0,0,2,26,9,0,104,0,2,50,0,5,2,0,9,4,0,5,0,0,1,1,0,0,0,0,7,4,2,0,0,0,3,0,0,1,0,0,13,9,0,1,0,1,5,2,0,3,5,0,1,57,25,5,0,0,0,0,4,0,2,1,1,1,0,0,0,0,0,7,5,1,1,0,21,41,0,0
seatunnel-4513015cc1b7b1c5e190a35fd4e6697710465832,0,0,14,8,58,14,3,0,6,42,1,1,31,76,0,302,0,4,0,0,0,2,4,4,0,110,2,3,6,8,18,0,0,5,2,1,8,1,6,5,19,5,11,121,124,28,0,2,0,0,4,2,0,3,0,2,5,10,18,26,0,9,24,1,29,44,1,0,11,3,0,0,4,36,16,0,105,2,2,64,0,5,2,0,11,4,0,5,0,0,3,1,3,0,0,1,12,4,2,0,0,0,3,4,0,1,0,2,16,10,0,1,0,1,8,2,0,5,7,0,1,62,33,6,0,0,0,0,4,0,2,1,1,1,0,0,0,0,0,11,5,1,1,0,33,62,1,0
seatunnel-45c542c95ebec1f28aa059dc1d1a9462caeacae4,0,0,8,6,45,11,1,0,0,24,1,1,14,45,0,275,0,3,0,0,0,0,4,3,0,72,1,1,2,8,14,0,0,1,0,1,5,2,3,2,9,4,6,90,95,10,0,2,0,0,4,2,0,2,0,2,0,1,18,19,0,5,6,0,8,3,0,0,4,0,0,0,2,16,5,0,80,0,0,32,0,1,1,1,6,3,0,15,0,0,2,1,0,0,0,0,5,4,1,0,0,0,2,16,0,0,0,0,6,9,0,0,0,0,5,0,0,3,17,0,0,41,14,0,0,0,0,0,4,0,1,1,0,0,0,0,0,0,0,6,2,0,1,0,12,28,0,0
seatunnel-460eb5d6bd56c8e646ca9fe6fda37918c60c366d,0,0,5,5,0,0,0,0,4,0,0,0,13,25,0,7,0,4,0,0,1,0,2,8,1,4,1,0,4,0,3,1,0,0,0,0,1,0,2,2,5,0,0,17,11,10,0,0,0,0,13,13,0,0,0,0,10,0,1,1,0,0,5,0,0,4,0,0,0,0,0,0,4,5,4,4,8,0,0,3,1,0,1,0,0,0,0,0,1,6,1,0,0,0,0,0,147,0,0,0,0,0,2,6,0,0,0,0,7,5,1,0,0,0,5,1,4,0,1,0,2,48,38,0,0,0,0,1,0,1,0,0,7,0,0,0,0,0,0,1,2,0,0,0,0,4,0,2
seatunnel-4639ba16a9cf0328c97fa8ebfaed8540b5d48366,0,0,2,1,5,1,0,0,0,4,0,0,7,7,0,70,0,4,0,0,0,0,0,4,0,7,0,0,1,4,5,0,0,0,0,0,1,0,1,2,3,1,1,37,26,5,0,2,0,0,3,0,0,1,0,1,0,0,4,9,0,1,0,0,1,2,0,0,0,3,0,0,2,13,1,0,69,0,0,9,0,0,1,2,0,0,0,1,1,0,0,1,0,0,0,0,0,2,0,0,0,0,0,7,0,0,0,0,2,3,0,0,0,0,5,0,0,0,4,0,0,18,6,0,0,0,0,0,0,0,0,0,0,0,0,0,0,0,0,4,0,0,1,0,0,7,0,0
seatunnel-463cafe38e35c62318b3b3a11a477a8b1786c452,0,0,6,2,20,4,1,0,0,17,0,1,14,20,0,144,0,3,0,0,0,0,1,3,0,56,0,1,1,8,11,0,0,0,0,0,4,0,1,2,5,4,7,94,92,11,0,2,0,0,4,2,0,2,0,3,0,0,8,10,0,6,2,0,6,4,0,0,2,0,0,0,2,14,6,0,90,0,0,19,0,1,1,3,0,2,0,4,1,0,2,1,0,0,0,0,2,4,0,0,0,0,0,10,0,0,0,0,2,9,0,0,0,0,0,0,0,2,9,0,0,20,8,0,0,0,0,0,0,0,0,0,0,0,0,0,0,1,0,5,0,0,1,0,8,18,0,0
seatunnel-464632d074b6a340f636a1d83609369c83241bf4,0,0,2,1,2,1,0,0,0,4,0,0,8,6,0,59,0,3,0,0,1,0,0,3,0,5,0,0,1,4,5,0,0,0,0,0,0,0,1,2,3,0,1,31,12,4,0,2,0,0,2,8,0,1,0,1,2,0,4,2,0,1,1,0,1,2,0,0,0,3,0,0,2,13,1,0,68,0,0,3,0,0,1,0,0,0,0,0,1,0,0,1,0,0,0,0,0,0,0,0,0,0,2,4,0,0,0,0,3,2,0,0,0,0,5,0,0,0,2,0,1,16,12,0,0,0,0,0,0,0,0,0,0,0,0,0,0,0,0,4,0,0,1,0,0,6,0,0
seatunnel-4651bf4945a891649aececb15150518d9ceaa623,0,0,1,0,0,0,0,0,0,3,0,0,8,18,0,16,0,0,0,0,1,0,2,0,0,4,1,0,1,0,4,0,0,0,0,0,0,0,1,3,3,0,0,26,11,5,0,0,0,0,2,8,0,0,0,0,2,0,1,0,0,0,2,0,0,0,0,0,0,0,0,0,3,11,1,0,6,0,0,2,0,0,1,0,0,0,0,1,1,0,0,0,0,0,0,0,0,0,0,0,0,0,2,7,0,0,0,1,2,2,0,0,0,0,5,1,0,1,5,0,0,45,8,0,0,0,0,0,0,0,0,0,0,0,0,0,0,0,0,2,1,0,1,0,0,4,0,0
seatunnel-465e75cbf5d94769948733ab96c0347e24684dfd,0,0,10,15,56,25,4,1,6,55,0,0,45,112,2,152,2,21,0,1,3,0,6,22,2,161,9,4,4,10,28,0,1,2,3,0,15,1,5,3,25,2,6,101,150,65,0,0,9,1,8,16,3,4,4,3,16,17,26,26,1,13,33,1,27,43,1,3,14,3,0,1,5,33,28,0,131,4,2,81,0,10,2,0,17,4,2,18,0,0,5,0,3,0,1,1,26,5,4,0,1,1,7,9,0,0,0,3,36,8,0,1,0,1,15,5,0,4,10,0,3,75,73,6,0,1,0,1,4,0,2,1,1,0,0,6,0,0,1,13,11,1,1,2,43,106,1,2
seatunnel-4686f35d68458c2f86471ed8678a0e43152bb28a,0,0,8,9,62,15,3,0,6,42,0,1,26,71,0,241,0,4,0,0,0,2,4,4,0,108,2,4,4,4,17,0,0,4,2,1,10,1,7,3,20,3,6,87,120,30,0,0,0,0,2,2,0,2,1,1,5,9,22,23,0,6,24,1,29,42,1,0,13,3,0,0,4,32,14,0,121,2,2,58,0,4,1,0,8,4,0,5,0,0,3,0,3,0,0,1,11,2,1,0,0,0,3,7,0,1,0,2,15,10,0,1,0,1,8,2,0,5,5,0,1,60,31,6,0,0,0,0,4,0,2,1,1,0,0,3,0,0,0,7,8,1,0,0,35,70,1,0
seatunnel-46abc6d9437987deed44705396260b7c81026be0,0,0,8,9,61,15,3,0,6,47,0,1,29,78,0,124,2,4,0,0,0,0,5,4,1,109,3,4,4,4,19,0,0,4,2,0,9,1,7,3,20,2,6,86,120,39,0,0,1,0,4,2,0,3,1,1,7,9,25,21,0,6,24,1,32,42,1,0,14,3,0,0,4,32,14,0,122,3,2,57,0,4,1,0,8,4,0,5,0,0,3,0,3,0,0,1,10,2,2,0,0,0,4,7,0,0,0,2,19,10,0,1,0,1,8,2,0,5,5,0,1,61,32,6,0,0,0,1,4,0,5,1,1,0,0,3,0,0,0,7,10,1,0,0,37,73,1,0
seatunnel-46ad3a240b927c93240886d8689e65c803a2c5eb,0,0,1,0,0,0,0,0,0,3,0,0,8,18,0,15,0,0,0,0,1,0,2,0,0,4,1,0,1,0,4,0,0,0,0,0,0,0,1,3,3,0,0,24,11,5,0,0,0,0,2,8,0,0,0,0,2,0,1,0,0,0,2,0,0,0,0,0,0,0,0,0,3,7,1,0,6,0,0,1,0,0,1,0,0,0,0,1,1,0,0,0,0,0,0,0,0,0,0,0,0,0,2,7,0,0,0,1,2,2,0,0,0,0,5,1,0,1,5,0,0,45,8,0,0,0,0,0,0,0,0,0,0,0,0,0,0,0,0,2,1,0,1,0,0,4,0,0
seatunnel-46cf8393b1577d58f2d82fb482525a8867117a6e,0,0,12,5,42,9,2,0,0,24,1,1,18,53,0,263,0,3,0,0,0,0,3,3,0,74,1,1,3,8,15,0,0,1,0,1,5,2,12,2,10,4,6,87,93,11,0,2,0,0,4,2,0,1,0,2,0,2,17,19,0,8,6,2,8,3,0,0,3,0,2,0,2,21,11,0,88,1,0,38,0,3,1,0,6,4,0,15,0,1,1,1,0,0,0,0,7,4,1,1,0,0,0,16,0,1,0,0,13,9,0,0,0,0,5,0,0,3,17,1,0,53,17,0,0,0,0,0,0,0,1,1,1,1,0,2,0,0,0,6,2,0,1,0,14,37,0,0
seatunnel-4710918b027aedf427a7867e9b559f1da89c80d2,0,0,8,9,61,15,3,0,6,47,0,1,29,77,0,124,2,5,0,0,0,0,5,5,1,110,3,4,4,4,18,0,0,4,2,0,9,1,7,3,21,2,6,86,120,40,0,0,1,0,4,2,0,3,1,1,7,9,24,21,0,6,24,1,32,42,1,0,14,3,0,0,4,32,14,0,122,3,2,59,0,4,1,0,8,4,0,5,0,0,3,0,3,0,0,1,10,2,2,0,0,0,4,7,0,0,0,2,19,10,0,1,0,1,8,2,0,5,5,0,1,61,32,6,0,0,0,1,4,0,5,1,1,0,0,3,0,0,0,7,8,1,0,0,37,73,1,0
seatunnel-473971b94bc4c550bd6d18f61635a117f1de2bf0,0,0,8,11,54,23,4,0,6,53,0,0,36,92,0,152,2,4,0,0,0,0,7,5,1,158,8,5,4,10,20,0,0,2,3,0,16,1,6,3,23,3,6,99,148,61,0,0,7,0,7,4,0,3,1,1,12,15,27,27,0,15,29,1,25,42,1,0,16,3,0,0,4,30,26,0,119,3,2,72,0,10,1,0,16,5,0,5,0,0,5,0,3,0,3,1,15,5,2,0,3,0,5,9,0,0,0,2,31,8,0,1,0,1,9,2,0,6,11,0,1,74,42,6,0,1,0,1,4,0,2,1,1,0,0,0,0,0,1,13,14,1,0,1,39,102,1,0
seatunnel-475622138194cd45e2e8bcea4e62893ab31e4cf0,0,0,12,7,56,12,3,0,6,31,1,1,27,60,0,271,1,3,0,1,0,0,2,3,0,103,2,3,4,8,16,0,0,3,2,0,6,0,15,2,13,5,10,113,109,18,0,2,0,0,4,2,0,4,0,2,2,5,13,23,0,8,9,0,20,44,0,0,13,3,0,0,2,27,9,0,104,0,2,47,0,5,2,0,10,4,0,5,0,0,1,1,0,0,0,0,8,4,2,1,0,0,3,0,0,1,0,0,13,9,0,1,0,1,5,2,0,3,5,0,1,60,24,5,0,0,0,0,4,0,2,1,1,1,0,0,0,0,0,6,5,1,1,0,21,41,0,0
seatunnel-4764ebbd9829afd898fa248f3c1a49e5eb414949,0,0,1,0,0,0,0,0,0,3,0,0,8,18,0,15,0,0,0,0,1,0,2,0,0,4,1,0,1,0,4,0,0,0,0,0,0,0,1,3,3,0,0,24,11,5,0,0,0,0,2,8,0,0,0,0,2,0,1,0,0,0,2,0,0,0,0,0,0,0,0,0,3,7,1,0,6,0,0,1,0,0,1,0,0,0,0,1,1,0,0,0,0,0,0,0,0,0,0,0,0,0,2,7,0,0,0,1,2,2,0,0,0,0,5,1,0,1,5,0,0,45,8,0,0,0,0,0,0,0,0,0,0,0,0,0,0,0,0,2,1,0,1,0,0,4,0,0
seatunnel-47821952bc71d303678e3f50e55a444f796c9f7d,0,0,10,14,57,23,4,0,6,54,0,0,34,96,0,147,2,10,0,0,2,0,8,11,1,125,8,5,4,10,21,0,0,2,3,0,16,1,6,3,23,2,6,98,144,55,0,0,1,0,7,4,0,3,1,1,13,15,29,22,0,13,28,1,26,42,1,0,16,3,0,0,4,38,21,0,119,3,2,76,0,10,1,0,12,5,0,5,0,0,5,0,3,0,3,1,16,4,4,0,3,0,6,8,0,0,0,2,31,8,0,1,0,1,14,2,0,5,10,0,0,72,46,6,0,1,0,1,4,0,4,1,1,0,0,0,0,0,1,13,11,1,0,1,38,96,1,2
seatunnel-47becb96fa9fc8b4a5def6fc3a6db2ce34ea83df,0,0,10,10,58,16,4,0,6,46,0,1,32,84,0,127,2,4,0,0,0,0,6,4,1,112,7,4,4,4,19,0,0,4,2,0,12,1,7,3,24,2,6,88,120,47,0,0,1,0,5,2,0,3,1,1,8,8,28,21,0,8,25,1,30,42,1,0,16,3,0,0,4,36,16,0,125,4,2,60,0,10,1,0,8,5,0,5,0,0,3,0,3,0,0,1,10,2,2,0,0,0,4,7,0,0,0,2,20,10,0,1,0,1,9,2,0,5,9,0,0,62,35,6,0,1,0,1,4,0,4,1,1,0,0,0,0,0,0,8,13,1,0,0,37,85,1,0
seatunnel-4831e2a3f057a8f59e4c4fa810891f5e1840d378,0,0,10,6,46,12,2,0,0,24,1,1,14,48,0,281,0,3,0,0,0,0,4,3,0,73,1,1,3,8,15,0,0,1,0,1,5,2,4,2,9,4,6,91,95,10,0,2,0,0,4,2,0,2,0,2,0,1,21,19,0,6,7,0,8,3,0,0,5,0,2,0,2,19,7,0,80,0,0,35,0,1,1,1,6,3,0,15,0,1,2,1,0,0,0,0,7,4,1,1,0,0,2,18,0,0,0,0,11,9,0,0,0,0,5,0,0,3,20,0,0,42,17,0,0,0,0,0,4,0,1,1,0,1,0,2,0,0,0,6,2,0,1,0,12,31,0,0
seatunnel-48423a92138838fa3dec7ce6bb05f338d63ec4df,0,0,4,1,9,1,0,0,0,4,0,0,6,10,0,80,0,3,0,0,0,0,0,3,0,20,0,0,1,4,6,0,0,0,0,0,1,0,1,2,3,1,2,55,99,5,0,2,0,0,4,0,0,1,0,2,0,0,4,5,0,3,0,0,1,2,0,0,0,3,0,0,2,13,3,0,68,0,0,12,0,0,1,2,0,0,0,1,1,0,1,1,0,0,0,0,1,3,0,0,0,0,0,7,0,0,0,0,2,3,0,0,0,0,6,0,0,1,4,0,0,18,6,0,0,0,0,0,0,0,0,0,0,0,0,0,0,0,0,4,0,0,1,0,0,9,0,0
seatunnel-48537f5cc00629fb9a910d6a8c071d1d44a013c1,0,0,1,0,6,0,0,0,0,3,0,0,8,18,0,16,0,2,0,0,1,0,2,2,0,3,1,0,1,0,5,0,0,0,0,0,0,0,1,3,3,0,0,26,11,5,0,0,0,0,3,8,0,0,0,0,2,0,7,0,0,0,2,0,0,0,0,0,0,0,0,0,3,13,1,0,66,0,0,2,0,0,1,0,0,0,0,1,1,0,0,0,0,0,0,0,0,0,0,0,0,0,2,7,0,0,0,1,2,2,0,0,0,0,5,1,0,0,5,0,1,47,8,0,0,0,0,0,0,0,0,0,0,0,0,0,0,0,0,2,1,0,1,0,0,4,0,0
seatunnel-4883e2cfb8e8fffe5a31f0f62f0d111c14a1ab41,0,0,8,16,57,26,4,2,6,55,0,1,41,114,2,148,2,20,0,1,3,0,6,21,2,138,9,4,4,10,30,0,1,3,3,0,15,1,8,3,25,2,6,102,140,65,2,0,9,1,7,16,4,4,4,3,15,17,26,24,1,11,33,1,31,43,1,3,19,3,0,1,5,33,26,0,127,4,2,75,0,10,3,0,14,4,2,18,0,0,5,0,3,1,1,1,24,7,3,0,1,1,8,9,0,0,0,4,35,8,0,1,0,1,15,6,0,6,9,0,2,75,82,7,0,1,0,1,4,0,2,2,1,0,1,6,0,0,1,11,13,1,1,2,42,106,1,0
seatunnel-488e561eef40f547b741473c8d01e4fc502aea71,0,0,12,5,42,9,2,0,0,25,1,1,18,54,0,266,0,3,0,0,0,0,3,3,0,74,1,1,3,8,15,0,0,1,0,1,5,2,13,2,10,4,6,88,93,11,0,2,0,0,4,2,0,1,0,2,0,3,17,19,0,8,6,2,8,3,0,0,3,0,2,0,2,21,11,0,88,1,0,38,0,3,1,0,6,4,0,15,0,1,1,1,0,0,0,0,7,4,1,1,0,0,0,16,0,1,0,0,14,9,0,0,0,0,5,0,0,3,17,1,0,53,18,0,0,0,0,0,0,0,1,1,1,1,0,2,0,0,0,6,2,0,1,0,14,37,0,0
seatunnel-48a42723a7381e0781f1de66694acb336ada1ce6,0,0,8,4,35,9,1,0,0,18,0,1,15,32,0,214,0,3,0,0,0,0,3,3,0,65,1,1,1,8,14,0,0,1,0,1,5,0,1,2,6,4,6,76,95,12,0,2,0,0,4,2,0,2,0,2,0,1,16,13,0,5,6,0,7,3,0,0,6,0,0,0,2,14,5,0,92,0,0,24,0,1,1,1,6,2,0,6,0,0,2,1,0,0,0,0,3,4,1,0,0,0,2,17,0,0,0,0,6,9,0,0,0,0,1,0,0,3,14,0,0,24,9,0,0,0,0,0,4,0,1,0,0,0,0,0,0,0,0,6,0,0,1,0,10,19,0,0
seatunnel-48ab7c97d57b7e2d504698c583df5f8dfdef98a6,0,0,8,9,62,15,3,0,6,42,0,1,26,76,0,229,0,4,0,0,0,2,4,4,0,105,2,4,4,4,17,0,0,4,2,1,10,1,7,3,20,3,6,87,120,31,0,0,0,0,2,2,0,2,1,1,5,9,22,23,0,6,24,1,29,42,1,0,13,3,0,0,4,32,14,0,121,3,2,58,0,4,1,0,8,4,0,5,0,0,3,0,3,0,0,1,11,2,1,0,0,0,3,7,0,1,0,2,15,10,0,1,0,1,8,2,0,5,5,0,1,60,31,6,0,0,0,0,4,0,2,1,1,0,0,3,0,0,0,7,8,1,0,0,35,70,1,0
seatunnel-4900c343e05fe4f58e068d14db76b900243082f8,0,0,5,1,3,1,0,0,0,5,0,0,5,9,0,76,0,3,0,0,0,0,1,3,0,8,1,1,1,4,5,0,0,0,0,0,0,0,1,2,4,0,0,37,12,5,0,2,0,0,3,0,0,1,0,1,0,1,3,3,0,1,0,0,1,2,0,0,0,3,0,0,2,13,1,0,69,0,0,9,0,0,1,0,0,0,0,2,0,0,0,1,0,0,0,0,0,1,1,0,0,0,0,7,0,0,0,0,5,3,0,0,0,0,1,0,0,0,5,0,0,20,6,0,0,0,0,0,0,0,0,0,0,0,0,0,0,1,0,4,0,0,1,0,0,5,0,0
seatunnel-4942e5d9cea77c8b05b9aeb31b8056cb5889a5f2,0,0,8,5,38,11,1,0,0,18,1,1,14,38,0,224,0,3,0,0,0,0,3,3,0,67,1,1,1,8,14,0,0,1,0,1,5,1,1,2,8,4,6,76,95,10,0,2,0,0,4,2,0,2,0,2,0,1,16,19,0,5,6,0,7,3,0,0,6,0,0,0,2,15,5,0,78,0,0,24,0,1,1,1,6,2,0,6,0,0,2,1,0,0,0,0,4,4,1,0,0,0,2,16,0,0,0,0,6,9,0,0,0,0,4,0,0,3,15,0,0,42,8,0,0,0,0,0,4,0,1,0,0,0,0,0,0,0,0,6,2,0,1,0,12,26,0,0
seatunnel-4969ffae88494b69de694f03a9c534f25dd5d242,0,0,12,7,51,12,3,0,6,31,1,1,28,61,0,268,1,3,0,0,0,0,2,3,0,102,2,3,4,8,16,0,0,3,2,0,6,0,17,2,13,5,10,112,109,19,0,2,0,0,4,2,0,3,0,2,2,5,14,23,0,10,9,1,21,44,0,0,11,3,0,0,2,26,11,0,104,0,2,50,0,5,2,0,10,4,0,5,0,0,1,1,0,0,0,0,7,4,2,0,0,0,3,0,0,1,0,0,13,9,0,1,0,1,5,2,0,3,5,0,1,57,25,5,0,0,0,0,4,0,2,1,1,1,0,0,0,0,0,9,5,1,1,0,21,41,0,0
seatunnel-49b219003e9f6bab0dea31c93402c104d45402b4,0,0,1,0,0,0,0,0,0,3,0,0,8,18,0,16,0,0,0,0,1,0,2,0,0,4,1,0,1,0,4,0,0,0,0,0,0,0,1,3,3,0,0,26,11,5,0,0,0,0,2,8,0,0,0,0,2,0,1,0,0,0,2,0,0,0,0,0,0,0,0,0,3,11,1,0,6,0,0,2,0,0,1,0,0,0,0,1,1,0,0,0,0,0,0,0,0,0,0,0,0,0,2,7,0,0,0,1,2,2,0,0,0,0,5,1,0,1,5,0,0,45,8,0,0,0,0,0,0,0,0,0,0,0,0,0,0,0,0,2,1,0,1,0,0,4,0,0
seatunnel-49cbb9d8b6943f1dd8a99d4da873ce23dd4d870e,0,0,8,9,61,15,3,0,6,47,0,1,27,78,0,125,2,4,0,0,0,0,5,4,1,108,3,4,4,4,18,0,0,4,2,0,9,1,7,3,20,2,6,88,120,38,0,0,1,0,4,2,0,3,1,1,7,9,25,21,0,6,24,1,33,42,1,0,14,3,0,0,4,32,14,0,121,3,2,61,0,4,1,0,8,4,0,5,0,0,3,0,3,0,0,1,10,2,1,0,0,0,4,7,0,0,0,2,19,10,0,1,0,1,8,2,0,5,5,0,1,61,32,6,0,0,0,1,4,0,5,1,1,0,0,3,0,0,0,7,8,1,0,0,35,70,1,0
seatunnel-49d77f55c03ba3c3519bb3a0bbcf8df579418198,0,0,1,0,0,0,0,0,0,3,0,0,8,18,0,15,0,0,0,0,1,0,2,0,0,4,1,0,1,0,4,1,0,0,0,0,0,0,1,3,3,0,0,24,11,5,0,0,0,0,2,8,0,0,0,0,3,0,1,0,0,0,2,0,0,0,0,0,0,0,0,0,3,7,1,0,6,0,0,1,0,0,2,0,0,0,0,1,1,0,0,0,0,0,0,0,28,0,0,0,0,0,2,7,0,0,0,1,2,2,0,0,0,0,5,1,0,1,5,0,2,45,8,0,0,0,0,0,0,0,0,0,0,0,0,0,0,0,0,2,1,0,1,0,0,4,0,0
seatunnel-49d9172b1049878fb6ee7d5861edd7ebb560cd60,0,0,10,14,56,23,4,0,6,54,0,0,34,96,0,147,2,10,0,0,1,0,8,11,1,125,8,5,4,10,19,0,0,2,3,0,16,1,6,3,23,2,6,97,144,54,0,0,1,0,7,4,0,3,1,1,13,15,28,22,0,13,28,1,26,42,1,0,16,3,0,0,3,34,21,0,119,3,2,73,0,10,1,0,12,5,0,5,0,0,5,0,3,0,3,1,16,4,4,0,3,0,5,8,0,0,0,2,31,8,0,1,0,1,9,2,0,5,10,0,0,72,45,6,0,1,0,1,4,0,4,1,1,0,0,0,0,0,1,13,11,1,0,1,38,96,1,2
seatunnel-4a4ebf68650294f2c244ba3a6eb98cc959b18ad0,0,0,12,7,51,12,3,0,6,31,1,1,28,61,0,271,1,3,0,0,0,0,2,3,0,102,2,3,4,8,16,0,0,3,2,0,6,0,16,2,13,5,10,112,109,19,0,2,0,0,4,2,0,3,0,2,2,5,13,23,0,10,9,0,21,44,0,0,11,3,0,0,2,26,11,0,104,0,2,50,0,5,2,0,9,4,0,5,0,0,1,1,0,0,0,0,7,4,2,0,0,0,3,0,0,1,0,0,13,9,0,1,0,1,5,2,0,3,5,0,1,57,25,5,0,0,0,0,4,0,2,1,1,1,0,0,0,0,0,7,5,1,1,0,21,41,0,0
seatunnel-4a6e1a2b1e136899121c414d8b6efd3ec13d9d27,0,0,5,1,3,1,0,0,0,5,0,0,5,9,0,76,0,3,0,0,0,0,1,3,0,8,1,1,1,4,5,0,0,1,0,0,0,0,1,2,4,0,0,38,12,5,0,2,0,0,3,0,0,1,0,1,0,1,3,3,0,1,0,0,1,2,0,0,0,3,0,0,2,13,1,0,71,0,0,9,0,0,1,0,0,0,0,2,0,0,0,1,0,0,0,0,0,1,1,0,0,0,0,7,0,0,0,0,5,3,0,0,0,0,1,0,0,0,5,0,0,17,6,0,0,0,0,0,0,0,0,0,0,0,0,0,0,0,0,4,0,0,1,0,0,5,0,0
seatunnel-4a7de0021f52812d854ce5728bc66e6b5e141524,0,0,2,1,2,1,0,0,0,4,0,0,8,6,0,59,0,3,0,0,1,0,0,3,0,5,0,0,1,4,5,0,0,0,0,0,0,0,1,2,3,0,1,31,12,4,0,2,0,0,2,8,0,1,0,1,2,0,4,2,0,1,1,0,1,2,0,0,0,3,0,0,2,13,1,0,68,0,0,3,0,0,1,0,0,0,0,0,1,0,0,1,0,0,0,0,0,0,0,0,0,0,2,4,0,0,0,0,3,2,0,0,0,0,5,0,0,0,2,0,1,16,12,0,0,0,0,0,0,0,0,0,0,0,0,0,0,0,0,4,0,0,1,0,0,6,0,0
seatunnel-4aacbcdd1f0ca7613c9c70579a77b5dcd33c3ba6,0,0,12,5,37,7,1,0,0,25,1,1,19,53,0,245,0,4,0,0,0,0,3,4,0,72,1,1,3,8,10,0,0,1,1,1,5,2,13,2,11,4,6,87,93,14,0,2,0,0,4,2,0,1,0,2,0,3,12,19,0,7,9,2,8,3,0,0,1,0,0,0,2,21,9,0,90,0,0,39,0,3,1,0,6,4,0,16,0,0,1,1,0,0,0,0,7,4,1,1,0,0,3,14,0,1,0,0,9,9,0,0,0,0,5,0,0,3,14,1,0,57,18,0,0,0,0,0,0,0,1,1,1,1,0,0,0,0,0,6,2,0,1,0,13,37,0,0
seatunnel-4ab3c21b8de28c76d784029e2a49bde50c426479,0,0,8,5,38,11,1,0,0,18,1,1,14,38,0,224,0,3,0,0,0,0,3,3,0,67,1,1,1,8,14,0,0,1,0,1,5,1,1,2,8,4,6,76,95,10,0,2,0,0,4,2,0,2,0,2,0,1,16,19,0,5,6,0,7,3,0,0,4,0,0,0,2,15,5,0,78,0,0,24,0,1,1,1,6,2,0,6,0,0,2,1,0,0,0,0,4,4,1,0,0,0,2,16,0,0,0,0,6,9,0,0,0,0,4,0,0,3,15,0,0,42,9,0,0,0,0,0,4,0,1,0,0,0,0,0,0,0,0,6,2,0,1,0,12,26,0,0
seatunnel-4ad483357ab6a919cbfdc13866fadc0c07fa2a2a,0,0,10,17,57,24,4,0,6,53,0,0,42,109,2,152,2,16,0,0,3,0,5,17,2,160,8,4,4,10,26,0,1,2,3,0,15,1,5,3,23,3,6,101,148,66,0,0,8,1,8,16,3,4,4,1,15,15,26,22,1,13,32,1,27,43,1,0,14,3,0,1,5,32,27,0,127,4,2,81,0,10,2,0,16,4,2,18,0,0,5,0,3,0,1,1,24,5,4,0,1,1,8,9,0,0,0,3,34,8,0,1,0,1,15,5,0,5,10,0,2,82,72,6,0,1,0,1,4,0,2,1,1,0,0,0,0,0,1,13,11,1,1,2,38,106,1,2
seatunnel-4ae251e2020c55cccc446a376ac0514579a88103,0,0,8,9,63,15,3,0,6,47,0,1,27,77,0,147,2,4,0,0,0,2,5,4,0,107,3,4,4,4,18,0,0,4,2,1,9,1,7,3,20,2,6,88,120,37,0,0,1,0,4,2,0,2,1,1,7,9,25,21,0,6,24,1,32,42,1,0,14,3,0,0,4,32,14,0,121,3,2,60,0,4,1,0,8,4,0,5,0,0,3,0,3,0,0,1,11,2,1,0,0,0,4,7,0,0,0,2,18,10,0,1,0,1,8,2,0,5,5,0,1,61,32,6,0,0,0,1,4,0,5,1,1,0,0,3,0,0,0,7,8,1,0,0,35,70,1,0
seatunnel-4af3bf90156df9de1cf2ecfc3972f03254787639,0,0,8,16,57,25,4,2,6,55,0,1,44,114,2,149,2,20,0,1,3,0,6,21,2,142,9,4,4,10,29,0,1,3,3,0,15,1,8,3,25,2,6,101,140,64,2,0,9,1,7,16,3,4,4,3,15,17,26,24,1,11,33,1,31,43,1,3,19,3,0,1,5,33,26,0,127,4,2,72,0,10,3,0,14,4,2,18,0,0,5,0,3,0,1,1,24,7,3,0,1,1,8,9,0,0,0,3,35,8,0,1,0,1,15,5,0,6,9,0,2,79,79,7,0,1,0,1,4,0,2,2,1,0,0,6,0,0,1,11,11,1,1,2,42,107,1,0
seatunnel-4af4d8c3e989f3602dba7610c2f234028712a13a,0,0,12,7,58,11,3,0,6,31,1,1,27,58,0,270,1,3,0,1,0,0,2,3,0,103,2,3,4,8,16,0,0,3,2,0,6,0,15,2,13,5,10,108,109,18,0,2,0,0,4,2,0,4,0,2,2,5,14,23,0,8,8,0,20,44,0,0,13,3,0,0,2,22,9,0,104,0,2,45,0,5,2,0,10,4,0,5,0,0,1,1,0,0,0,0,8,4,2,1,0,0,3,0,0,1,0,0,13,9,0,1,0,1,5,2,0,3,5,0,1,60,24,5,0,0,0,0,4,0,2,1,1,1,0,0,0,0,0,6,5,1,1,0,21,41,0,0
seatunnel-4b12691a8d495d4c91a54a3612a4ef99243fdd7a,0,0,8,9,62,15,3,0,6,41,0,1,26,71,0,250,0,4,0,0,0,2,4,4,0,108,2,4,4,4,17,0,0,4,2,1,10,1,7,3,20,3,6,87,120,28,0,0,0,0,2,2,0,2,1,1,5,9,22,23,0,6,25,1,29,42,1,0,13,3,0,0,4,32,14,0,121,2,2,59,0,4,1,0,8,4,0,5,0,0,3,0,3,0,0,1,11,2,1,0,0,0,3,7,0,1,0,2,15,10,0,1,0,1,7,2,0,5,5,0,1,57,31,6,0,0,0,0,4,0,2,1,1,0,0,3,0,0,0,7,8,1,0,0,35,70,1,0
seatunnel-4b326d4fefb24d4f51fa7f6c6520e0ee214eb38b,0,0,5,5,0,0,0,0,4,3,0,0,13,27,0,17,0,4,0,0,1,0,2,8,1,4,1,0,4,0,3,1,0,0,0,0,1,0,2,2,4,0,0,20,11,10,0,0,0,0,13,13,0,0,0,0,10,0,1,1,0,0,5,0,0,4,0,0,0,0,0,0,4,5,4,4,8,0,0,3,1,0,2,0,0,0,0,1,1,6,1,0,0,0,0,0,147,0,0,0,0,0,2,6,0,0,0,0,7,5,1,0,0,0,5,1,4,1,1,0,2,51,39,0,0,0,0,1,0,1,0,0,7,0,0,0,0,0,0,2,2,0,0,0,0,4,0,2
seatunnel-4b42ffa657ec5d62a64a3e303cf6711068c46a08,0,0,1,0,1,0,0,0,0,3,0,0,8,7,0,18,0,2,0,0,1,0,3,2,0,3,1,0,1,0,6,0,0,0,0,0,0,0,1,4,2,0,0,33,12,5,0,0,0,0,2,8,0,0,0,0,2,0,1,0,0,0,1,0,0,0,0,0,0,0,0,0,3,13,0,0,70,0,0,5,0,0,1,0,0,0,0,1,1,0,0,0,0,0,0,0,0,0,0,0,0,0,2,9,0,0,0,1,2,2,0,0,0,0,5,1,0,0,6,0,1,43,8,0,0,0,0,0,0,0,0,0,0,0,0,0,0,0,0,1,1,0,1,0,0,4,0,0
seatunnel-4b7207490a8613f94b2574daef93051e62151383,0,0,8,5,40,11,1,0,0,18,1,1,14,38,0,226,0,3,0,0,0,0,4,3,0,67,1,1,2,8,14,0,0,1,0,1,5,1,3,2,8,4,6,77,95,10,0,2,0,0,4,2,0,2,0,2,0,1,17,19,0,5,6,0,7,3,0,0,4,0,0,0,2,15,5,0,78,0,0,25,0,1,1,1,6,2,0,8,0,0,2,1,0,0,0,0,4,4,1,0,0,0,2,16,0,0,0,0,6,9,0,0,0,0,4,0,0,3,15,0,0,42,9,0,0,0,0,0,4,0,1,0,0,0,0,0,0,0,0,6,2,0,1,0,12,26,0,0
seatunnel-4bb2beb8c42914e434134823cf31ad6d1f8c70eb,0,0,12,5,42,9,2,0,0,25,1,1,18,54,0,259,0,3,0,0,0,0,3,3,0,74,1,1,3,8,15,0,0,1,0,1,5,2,13,2,10,4,6,88,93,11,0,2,0,0,4,2,0,1,0,2,0,3,17,19,0,8,6,2,8,3,0,0,3,0,2,0,2,21,11,0,88,1,0,38,0,3,1,0,6,4,0,16,0,1,1,1,0,0,0,0,7,4,1,1,0,0,0,16,0,1,0,0,14,9,0,0,0,0,5,0,0,3,17,1,0,53,19,0,0,0,0,0,0,0,1,1,1,1,0,2,0,0,0,6,2,0,1,0,14,37,0,0
seatunnel-4bdbbfdb0dd36e8918500509c8eb32f39d51189e,0,0,2,0,1,0,0,0,0,4,0,0,8,4,0,27,0,3,0,0,1,0,0,3,0,4,0,0,1,4,5,0,0,6,0,0,0,0,1,2,2,0,0,25,12,3,0,2,0,0,2,8,0,1,0,0,2,0,3,2,0,1,1,0,0,0,0,0,0,3,0,0,2,14,1,0,68,0,0,6,0,0,1,0,0,0,0,0,1,0,0,1,0,0,0,0,0,0,0,0,0,0,2,4,0,0,0,1,2,2,0,0,0,0,5,0,0,0,2,0,1,12,12,0,0,0,0,0,0,0,0,0,0,0,0,0,0,0,0,1,0,0,1,0,0,4,0,0
seatunnel-4be278ff73404159facb63c4f928583a803bfbcb,0,0,1,0,1,0,0,0,0,3,0,0,8,7,0,18,0,2,0,0,1,0,3,2,0,3,1,0,1,0,6,0,0,0,0,0,0,0,1,4,2,0,0,33,12,5,0,0,0,0,2,8,0,0,0,0,2,0,1,0,0,0,1,0,0,0,0,0,0,0,0,0,3,13,0,0,70,0,0,5,0,0,1,0,0,0,0,1,1,0,0,0,0,0,0,0,0,0,0,0,0,0,2,9,0,0,0,1,2,2,0,0,0,0,5,1,0,0,6,0,1,43,8,0,0,0,0,0,0,0,0,0,0,0,0,0,0,0,0,1,1,0,1,0,0,4,0,0
seatunnel-4bfd6cb1c97a0ffa75e0cd8a0ff8fc758de5f9d6,0,0,1,0,0,0,0,0,0,0,0,0,8,6,0,5,0,0,20,0,0,1,0,0,0,3,0,0,0,0,1,0,0,0,0,0,0,0,2,1,3,0,0,9,11,1,0,0,0,0,1,0,2,0,0,0,0,0,1,0,0,0,0,0,0,0,0,0,0,0,0,0,1,0,0,0,7,0,0,3,0,0,0,0,0,0,0,0,1,3,0,0,0,0,0,0,0,0,0,0,0,0,0,1,0,0,0,0,0,2,0,0,0,0,4,0,0,0,1,0,0,35,2,0,0,0,0,0,0,0,0,0,0,0,0,0,0,0,0,1,0,0,0,0,0,3,0,0
seatunnel-4c0393712eff807833ca85564fbae554ab56d201,0,0,12,7,58,11,3,0,6,31,1,1,27,58,0,270,1,4,0,1,0,0,2,4,0,103,2,2,4,8,16,0,0,3,2,0,6,0,15,2,13,5,10,108,109,18,0,2,0,0,4,2,0,4,0,2,2,5,14,23,0,8,8,0,20,44,0,0,13,3,0,0,2,22,9,0,106,0,2,45,0,5,2,0,10,4,0,5,0,0,1,1,0,0,0,0,8,4,2,1,0,0,3,0,0,1,0,0,13,9,0,1,0,1,5,2,0,3,5,0,1,60,24,5,0,0,0,0,4,0,2,1,1,1,0,0,0,0,0,6,5,1,1,0,21,41,0,0
seatunnel-4c442832166594ec9ce59c1b08d5fdc8909d0d3b,0,0,12,7,51,12,3,0,6,31,1,1,29,60,0,270,0,3,0,0,0,0,2,3,0,105,2,3,6,8,18,0,0,5,2,0,6,0,17,2,15,5,11,112,109,22,0,2,0,0,4,2,0,3,0,2,2,5,17,24,0,11,18,1,23,44,0,0,12,3,0,0,2,26,12,0,104,2,2,50,0,5,2,0,11,4,0,5,0,0,1,1,3,0,0,0,12,4,2,0,0,0,3,1,0,1,0,1,13,9,0,1,0,1,8,2,0,5,6,0,1,61,30,6,0,0,0,0,4,0,2,1,1,1,0,0,0,0,0,9,4,1,1,0,23,41,0,0
seatunnel-4c6278a36c9c857446c7fbdb286063122b35627f,0,0,12,7,54,10,2,0,0,25,1,1,15,50,0,286,0,3,0,0,0,0,4,3,0,73,1,1,3,8,17,0,0,1,0,1,5,2,12,2,11,4,6,93,95,13,0,2,0,0,4,2,0,2,0,2,0,2,26,19,0,8,7,0,8,3,0,0,3,0,2,0,2,21,11,0,92,0,0,39,0,3,1,1,6,4,0,15,0,1,1,1,0,0,0,0,8,4,1,1,0,0,0,18,0,1,0,0,12,9,0,0,0,0,8,0,0,3,19,1,0,46,18,0,0,0,0,0,0,0,1,1,0,1,0,2,0,0,0,6,2,0,1,0,13,33,0,0
seatunnel-4c761298d8ec31f35b2b4e0c736631315870c4f3,0,0,12,7,64,11,3,0,6,31,1,1,27,64,0,270,1,4,0,0,0,0,2,4,0,105,2,2,4,8,17,0,0,3,2,1,6,2,15,2,15,5,9,106,109,18,0,2,0,0,4,2,0,4,0,2,2,5,15,23,0,7,11,2,21,44,0,0,23,3,0,0,2,22,8,0,85,0,0,43,0,5,1,0,10,4,0,17,0,0,1,1,0,0,0,0,11,4,1,1,0,0,3,14,0,1,0,0,13,9,0,1,0,1,5,2,0,3,13,1,1,85,25,5,0,0,0,0,0,0,2,1,1,1,0,0,0,0,0,6,3,1,1,0,21,46,0,0
seatunnel-4cc20a4beffd3824baeb2a0e25a79120cc982358,0,0,3,1,2,1,0,0,0,4,0,0,4,8,0,64,0,3,0,0,0,0,0,3,0,5,1,0,1,4,4,0,0,0,0,0,0,0,1,2,3,0,1,37,12,5,0,2,0,0,3,0,0,1,0,1,0,0,3,2,0,1,0,0,1,2,0,0,0,3,0,0,2,13,1,0,68,0,0,8,0,0,1,0,0,0,0,2,1,0,0,1,0,0,0,0,0,1,0,0,0,0,0,7,0,0,0,0,3,3,0,0,0,0,5,0,0,0,5,0,0,20,6,0,0,0,0,0,0,0,0,0,0,0,0,0,0,0,0,4,0,0,1,0,0,5,0,0
seatunnel-4cecedbb87fc53ad39fc0631e57b92ce60fb6c63,0,0,12,7,51,12,3,0,6,31,1,1,28,61,0,271,1,3,0,0,0,0,2,3,0,103,2,3,4,8,16,0,0,3,2,0,6,0,16,2,13,5,10,112,109,19,0,2,0,0,4,2,0,3,0,2,2,5,13,23,0,8,9,0,21,44,0,0,11,3,0,0,2,26,9,0,104,0,2,50,0,5,2,0,9,4,0,5,0,0,1,1,0,0,0,0,7,4,2,0,0,0,3,0,0,1,0,0,13,9,0,1,0,1,5,2,0,3,5,0,1,57,25,5,0,0,0,0,4,0,2,1,1,1,0,0,0,0,0,7,5,1,1,0,21,41,0,0
seatunnel-4cecf607ae9e8ddf5c75bfa5931b8240b89b3224,0,0,10,11,57,17,4,0,6,53,0,1,34,84,0,129,2,4,0,0,0,0,6,5,1,112,8,5,4,6,20,0,0,2,2,0,12,1,6,3,26,2,6,90,120,47,0,0,1,0,10,2,0,6,1,1,10,15,28,23,0,11,26,1,23,42,1,0,14,3,0,0,5,36,19,0,158,3,2,61,0,10,1,0,8,5,0,5,0,0,3,0,3,0,0,1,11,3,2,0,0,0,4,7,0,0,0,2,29,12,0,1,0,1,9,2,0,5,9,0,0,64,39,6,0,1,0,1,4,0,4,1,1,0,0,0,0,0,0,10,12,1,0,0,35,86,1,0
seatunnel-4cf07f3bebc33761ec23572c1b774bcaedc1fda4,0,0,8,11,55,23,4,0,6,53,0,0,36,92,0,151,2,4,0,0,0,0,7,5,1,159,8,5,4,10,20,0,0,2,3,0,16,1,6,3,23,3,6,99,148,61,0,0,5,0,7,4,0,3,1,1,12,15,27,27,0,15,28,1,25,42,1,0,16,3,0,0,4,34,26,0,119,3,2,72,0,10,1,0,14,5,0,5,0,0,5,0,3,0,3,1,15,5,2,0,3,0,5,9,0,0,0,2,31,8,0,1,0,1,9,2,0,6,11,0,1,74,42,6,0,1,0,1,4,0,2,1,1,0,0,0,0,0,1,13,14,1,0,1,39,102,1,0
seatunnel-4d048cc23ea535a5e1ac07ec973ec74e0e725880,0,0,12,7,39,7,1,0,0,25,1,1,19,57,0,244,0,4,0,0,0,0,2,4,0,72,1,1,3,8,12,0,0,1,1,1,5,2,14,2,10,3,6,88,94,14,0,2,0,0,4,2,0,2,0,2,0,5,12,19,0,6,9,2,8,3,0,0,1,3,0,0,2,21,7,0,87,0,0,39,0,3,1,0,6,4,0,17,0,0,1,1,0,0,0,0,9,4,1,1,0,0,3,14,0,1,0,0,13,9,0,0,0,1,5,0,0,3,13,1,0,58,21,0,0,0,0,0,0,0,1,1,1,1,0,0,0,0,0,6,2,0,1,0,13,36,0,0
seatunnel-4d05c3c265fbb672223e763eecf217675f006075,0,0,5,5,0,0,0,0,4,0,0,0,13,25,0,7,0,4,0,0,1,0,2,8,1,4,1,0,4,0,3,1,0,0,0,0,1,0,2,2,5,0,0,17,11,10,0,0,0,0,13,13,0,0,0,0,10,0,1,1,0,0,5,0,0,4,0,0,0,0,0,0,4,5,4,4,8,0,0,3,1,0,1,0,0,0,0,0,1,6,1,0,0,0,0,0,147,0,0,0,0,0,2,6,0,0,0,0,7,5,1,0,0,0,5,1,4,0,1,0,2,48,38,0,0,0,0,1,0,1,0,0,7,0,0,0,0,0,0,1,2,0,0,0,0,4,0,2
seatunnel-4d429cab55482986b4d8a24c699d315631c8242a,0,0,8,16,64,27,4,5,6,55,0,2,44,117,2,148,2,20,0,1,3,0,6,21,2,142,9,4,4,10,27,0,1,3,3,0,15,1,7,3,24,2,6,106,140,67,2,0,9,1,7,16,4,4,4,3,16,17,28,24,1,11,33,1,31,43,1,3,18,3,0,1,5,25,26,0,129,4,2,77,0,10,3,0,14,4,2,18,0,0,5,0,3,1,1,1,24,7,3,0,1,1,8,9,0,0,0,4,35,8,0,1,0,1,15,6,0,6,9,0,2,78,88,7,0,1,0,1,4,0,2,2,1,0,1,6,0,0,1,11,13,0,1,2,42,106,1,0
seatunnel-4d430942f45a2a5a089b3a04645f0ba1b1cbf310,0,0,9,8,59,15,3,0,6,42,0,1,27,74,0,249,0,4,0,0,0,2,4,4,0,105,2,3,5,4,16,0,0,4,2,1,10,1,5,3,20,3,6,85,124,27,0,0,0,0,2,2,0,3,1,1,5,9,19,23,0,7,24,1,28,42,1,0,13,3,0,0,4,27,15,0,97,2,2,61,0,4,1,0,8,4,0,5,0,0,3,0,3,0,0,1,11,4,1,0,0,0,3,7,0,1,0,2,15,10,0,1,1,1,7,2,0,5,5,0,1,54,31,7,0,0,0,0,4,0,2,1,1,1,0,3,0,0,0,7,8,1,0,0,35,65,1,0
seatunnel-4da5b0c64d88ff2fb34add55330127186883d2ff,0,0,10,15,57,25,4,1,6,55,0,0,45,112,2,152,2,21,0,1,3,0,6,22,2,161,9,4,4,10,28,0,1,2,3,0,15,1,5,3,25,2,6,101,150,65,0,0,9,1,8,16,3,4,4,3,16,17,27,26,1,13,33,1,27,43,1,3,14,3,0,1,5,33,28,0,131,4,2,81,0,10,2,0,17,4,2,18,0,0,5,0,3,0,1,1,26,5,4,0,1,1,7,9,0,0,0,3,36,8,0,1,0,1,15,5,0,4,10,0,3,75,73,6,0,1,0,1,4,0,2,1,1,0,0,6,0,0,1,13,11,1,1,2,43,106,1,2
seatunnel-4dafdf6f36fdc14a36a06f1aed49cc86cbf881f6,0,0,1,0,1,0,0,0,0,4,0,0,7,4,0,27,0,3,0,0,1,0,0,3,0,4,0,0,1,4,5,0,0,6,0,0,0,0,1,2,2,0,0,25,12,3,0,2,1,0,2,8,0,1,0,0,2,0,3,2,0,1,1,0,0,0,0,0,0,3,0,0,2,14,1,0,64,0,0,6,0,0,1,0,0,0,0,0,1,0,0,1,0,0,0,0,0,0,0,0,0,0,2,5,0,0,0,1,2,2,0,0,0,0,5,0,0,0,3,0,1,12,12,0,0,0,0,0,0,0,0,0,0,0,0,0,0,0,0,1,0,0,1,0,0,4,0,0
seatunnel-4dc871faa662ce06a51e58095b09e8752134b705,0,0,8,4,35,9,1,0,0,18,0,1,15,32,0,214,0,3,0,0,0,0,3,3,0,65,1,1,1,8,14,0,0,1,0,1,5,0,1,2,6,4,6,76,95,12,0,2,0,0,4,2,0,2,0,2,0,1,16,13,0,5,6,0,7,3,0,0,6,0,0,0,2,14,5,0,92,0,0,24,0,1,1,1,6,2,0,6,0,0,2,1,0,0,0,0,3,4,1,0,0,0,2,17,0,0,0,0,6,9,0,0,0,0,1,0,0,3,14,0,0,24,9,0,0,0,0,0,4,0,1,0,0,0,0,0,0,0,0,6,0,0,1,0,10,19,0,0
seatunnel-4dd4995b88e229dac68b0e48036f6bad89733558,0,0,21,5,0,0,0,0,4,0,0,6,13,21,0,6,0,4,186,0,6,8,1,8,1,4,0,0,4,9,2,1,1,0,0,0,1,0,2,2,8,0,0,17,11,12,0,0,0,0,14,13,1,0,0,0,10,0,1,0,0,0,6,0,0,4,0,0,0,0,0,0,3,5,2,3,8,0,0,26,1,0,1,0,0,0,0,0,1,6,1,0,0,0,0,0,146,0,0,0,0,0,2,0,1,0,3,0,2,5,1,0,0,0,5,1,4,0,1,0,8,64,43,0,0,0,1,1,0,1,0,0,7,0,0,0,0,0,0,1,2,0,0,0,0,4,0,2
seatunnel-4de5e6ceeb600d9d3d4e3596f6c451924a0e86bd,0,0,1,0,0,0,0,0,0,3,0,0,8,18,0,16,0,0,0,0,1,0,2,0,0,4,1,0,1,0,4,0,0,0,0,0,0,0,1,3,3,0,0,26,11,5,0,0,0,0,2,8,0,0,0,0,2,0,1,0,0,0,2,0,0,0,0,0,0,0,0,0,3,11,1,0,6,0,0,2,0,0,1,0,0,0,0,1,1,0,0,0,0,0,0,0,0,0,0,0,0,0,2,7,0,0,0,1,2,2,0,0,0,0,5,1,0,1,5,0,0,45,8,0,0,0,0,0,0,0,0,0,0,0,0,0,0,0,0,2,1,0,1,0,0,4,0,0
seatunnel-4dfd58d4ebdd65305000f2035a0043f18a8b843a,0,0,12,7,51,12,3,0,6,31,1,1,28,61,0,268,0,3,0,0,0,0,2,3,0,103,2,3,6,8,18,0,0,5,2,0,6,0,17,2,15,5,11,112,109,21,0,2,0,0,4,2,0,3,0,2,2,5,14,23,0,11,18,1,23,44,0,0,12,3,0,0,2,26,12,0,104,2,2,50,0,5,2,0,10,4,0,5,0,0,1,1,3,0,0,0,12,4,2,0,0,0,3,1,0,1,0,0,13,9,0,1,0,1,8,2,0,5,6,0,1,57,28,6,0,0,0,0,4,0,2,1,1,1,0,0,0,0,0,9,4,1,1,0,21,41,0,0
seatunnel-4e141fa506a17e661fab7845cbfcb993cf167208,0,0,1,0,0,0,0,0,0,3,0,0,8,18,0,16,0,2,0,0,1,0,2,2,0,3,1,0,1,0,5,0,0,0,0,0,0,0,1,3,2,0,0,26,11,5,0,0,0,0,2,8,0,0,0,0,2,0,1,0,0,0,2,0,0,0,0,0,0,0,0,0,3,12,1,0,8,0,0,2,0,0,1,0,0,0,0,1,1,0,0,0,0,0,0,0,0,0,0,0,0,0,2,7,0,0,0,1,2,2,0,0,0,0,5,1,0,0,5,0,1,46,8,0,0,0,0,0,0,0,0,0,0,0,0,0,0,0,0,2,1,0,1,0,0,4,0,0
seatunnel-4e52eba53c61ba3d791dfdacc27e95b2cc55ad2b,0,0,10,15,57,25,4,0,6,53,0,0,42,110,2,152,2,19,0,0,3,0,5,20,2,160,8,4,4,10,28,0,1,2,3,0,15,1,5,3,26,2,6,101,148,65,0,0,9,1,8,16,3,4,4,3,15,15,26,26,1,13,32,1,27,43,1,3,14,3,0,1,5,32,27,0,127,4,2,81,0,10,2,0,16,4,2,18,0,0,5,0,3,0,1,1,24,5,4,0,1,1,7,9,0,0,0,3,34,8,0,1,0,1,15,5,0,4,10,0,4,75,72,6,0,1,0,1,4,0,2,1,1,0,0,0,0,0,1,13,11,1,1,2,38,106,1,2
seatunnel-4e604184bd5d9a43f9b5d718d3a153baaa8d67f6,0,0,8,8,60,15,3,0,6,41,0,1,26,71,0,251,0,4,0,0,0,2,4,4,0,107,2,4,4,4,17,0,0,4,2,1,10,1,6,3,19,3,6,87,120,28,0,0,0,0,2,2,0,2,1,1,5,9,19,23,0,6,24,1,29,42,1,0,13,3,0,0,4,27,14,0,121,2,2,59,0,4,1,0,8,4,0,5,0,0,3,0,3,0,0,1,11,2,1,0,0,0,3,7,0,1,0,2,15,10,0,1,0,1,7,2,0,5,5,0,1,56,31,6,0,0,0,0,4,0,2,1,1,1,0,3,0,0,0,7,8,1,0,0,35,70,1,0
seatunnel-4e867f6df0b84ed32b27ade2b97b789b5c0d11e5,0,0,8,5,38,11,1,0,0,18,1,1,14,38,0,224,0,3,0,0,0,0,4,3,0,67,1,1,1,8,14,0,0,1,0,1,5,1,3,2,8,4,6,77,95,10,0,2,0,0,4,2,0,2,0,2,0,1,16,19,0,5,6,0,7,3,0,0,4,0,0,0,2,15,5,0,78,0,0,25,0,1,1,1,6,2,0,6,0,0,2,1,0,0,0,0,4,4,1,0,0,0,2,16,0,0,0,0,6,9,0,0,0,0,4,0,0,3,15,0,0,42,9,0,0,0,0,0,4,0,1,0,0,0,0,0,0,0,0,6,2,0,1,0,12,26,0,0
seatunnel-4ea5d49214b276c110e97f12610fc3e6d919780c,0,0,1,0,0,0,0,0,0,3,0,0,8,18,0,16,0,2,0,0,1,0,2,2,0,3,1,0,1,0,5,0,0,0,0,0,0,0,1,3,2,0,0,26,11,5,0,0,0,0,2,8,0,0,0,0,2,0,1,0,0,0,2,0,0,0,0,0,0,0,0,0,3,13,1,0,8,0,0,2,0,0,1,0,0,0,0,1,1,0,0,0,0,0,0,0,0,0,0,0,0,0,2,7,0,0,0,1,2,2,0,0,0,0,5,1,0,0,5,0,1,46,8,0,0,0,0,0,0,0,0,0,0,0,0,0,0,0,0,2,1,0,1,0,0,4,0,0
seatunnel-4f1dc0c60052b3bc7582936e17cf72b81f91adf8,0,0,1,0,1,0,0,0,0,4,0,0,7,4,0,27,0,3,0,0,1,0,0,3,0,4,0,0,1,4,5,0,0,6,0,0,0,0,1,2,2,0,0,25,12,3,0,2,0,0,2,8,0,1,0,0,2,0,3,2,0,1,1,0,0,0,0,0,0,3,0,0,2,14,1,0,68,0,0,6,0,0,1,0,0,0,0,0,1,0,0,1,0,0,0,0,0,0,0,0,0,0,2,4,0,0,0,1,2,2,0,0,0,0,5,0,0,0,2,0,1,12,12,0,0,0,0,0,0,0,0,0,0,0,0,0,0,0,0,1,0,0,1,0,0,4,0,0
seatunnel-4f3b8c5a6fde6524d38b58f0f2bebfa3afee0994,0,0,12,7,51,11,2,0,0,25,1,1,15,50,0,302,0,3,0,0,0,0,5,3,0,70,1,1,3,8,17,0,0,1,0,1,5,2,11,2,11,4,6,93,95,13,0,2,0,0,4,2,0,2,0,2,0,2,24,19,0,7,7,0,8,3,0,0,3,0,2,0,2,21,9,0,89,0,0,39,0,3,1,1,6,3,0,15,0,1,1,1,0,0,0,0,8,4,1,1,0,0,2,20,0,1,0,0,12,9,0,0,0,0,6,0,0,3,22,1,0,43,18,0,0,0,0,0,4,0,1,1,0,1,0,2,0,0,0,6,2,0,1,0,13,34,0,0
seatunnel-4f824fea36a1460f9031f0ea3672c848d5972a85,0,0,14,8,59,14,3,0,6,44,0,1,31,75,0,293,0,4,0,0,0,2,4,4,0,110,2,3,6,8,20,0,0,5,2,1,8,1,6,5,20,5,12,121,124,28,0,2,0,0,4,2,0,3,0,2,5,10,18,25,0,9,24,1,29,44,1,0,11,3,0,0,4,36,16,0,105,2,2,65,0,5,2,0,11,4,0,5,0,0,3,1,3,0,0,1,12,4,2,0,0,0,3,4,0,1,0,2,16,10,0,1,0,1,8,2,0,5,7,0,1,62,33,6,0,0,0,0,4,0,2,1,1,1,0,0,0,0,0,11,7,1,1,0,33,62,1,0
seatunnel-4f96a95557fcb5ef044ba5a2ce929ae2ca144678,0,0,5,5,0,0,0,0,4,0,0,0,13,27,0,8,0,4,0,0,1,0,2,8,1,4,1,0,4,0,3,1,0,0,0,0,1,0,2,2,5,0,0,17,11,10,0,0,0,0,13,13,0,0,0,0,10,0,1,1,0,0,5,0,0,4,0,0,0,0,0,0,4,5,4,4,8,0,0,3,1,0,1,0,0,0,0,0,1,6,1,0,0,0,0,0,147,0,0,0,0,0,2,6,0,0,0,0,7,5,1,0,0,0,5,1,4,0,1,0,2,48,38,0,0,0,0,1,0,1,0,0,7,0,0,0,0,0,0,1,2,0,0,0,0,4,0,2
seatunnel-4fb1fb27a571025bbed30eea7c020fa116701213,0,0,12,7,64,11,3,0,6,30,1,1,27,64,0,270,1,4,0,0,0,0,2,4,0,105,2,2,4,8,17,0,0,3,2,1,6,2,15,2,15,5,9,106,109,18,0,2,0,0,4,2,0,4,0,2,2,5,15,23,0,7,11,2,21,44,0,0,23,3,0,0,2,22,8,0,85,0,0,43,0,5,1,0,10,4,0,17,0,0,1,1,0,0,0,0,11,4,1,1,0,0,3,14,0,1,0,0,13,9,0,1,0,1,5,2,0,3,13,1,1,85,25,5,0,0,0,0,0,0,2,1,1,1,0,0,0,0,0,6,3,1,1,0,21,46,0,0
seatunnel-4fb6f2a216df0c8b13ce410ecf967b33ae0a3df1,0,0,8,6,45,11,1,0,0,24,1,1,14,45,0,275,0,3,0,0,0,0,4,3,0,72,1,1,2,8,14,0,0,1,0,1,5,2,3,2,9,4,6,90,95,10,0,2,0,0,4,2,0,2,0,2,0,1,18,19,0,5,6,0,8,3,0,0,4,0,0,0,2,16,5,0,80,0,0,32,0,1,1,1,6,3,0,15,0,0,2,1,0,0,0,0,5,4,1,0,0,0,2,16,0,0,0,0,6,9,0,0,0,0,5,0,0,3,17,0,0,41,14,0,0,0,0,0,4,0,1,1,0,0,0,0,0,0,0,6,2,0,1,0,12,28,0,0
seatunnel-4fba0aa024e7327bc07fc0cbfa9454976b3a594c,0,0,10,9,61,15,4,0,6,47,0,1,31,80,0,124,2,4,0,0,0,0,6,4,1,110,5,4,4,4,19,0,0,4,2,0,11,1,7,3,22,2,6,95,120,47,0,0,1,0,4,2,0,3,1,1,8,9,24,21,0,7,26,1,32,42,1,0,16,3,0,0,4,36,15,0,122,4,2,58,0,10,1,0,8,5,0,5,0,0,3,0,3,0,0,1,10,2,2,0,0,0,4,7,0,0,0,2,20,10,0,1,0,1,8,2,0,5,9,0,1,61,35,6,0,1,0,1,4,0,4,1,1,0,0,3,0,0,0,8,14,1,0,0,37,84,1,0
seatunnel-4fbe412ec9e491475caea2fc576198cbf217d5a9,0,0,8,5,59,10,3,0,6,23,0,1,17,37,0,238,1,3,0,0,0,0,3,3,0,101,2,2,1,8,16,0,0,1,1,1,5,0,2,2,9,6,8,89,110,16,0,2,0,0,4,2,0,4,0,2,2,1,19,17,0,7,8,0,17,3,0,0,29,0,0,0,2,15,7,0,77,0,0,28,0,3,1,1,10,2,0,6,0,0,2,1,0,0,0,0,4,4,1,0,0,0,2,17,0,0,0,0,7,9,0,1,0,0,1,2,0,3,15,0,0,28,13,0,0,0,0,0,4,0,2,0,0,0,0,0,0,0,0,6,1,0,1,0,20,29,0,0
seatunnel-4fcb3caf0f984bc6745d0d1752b293ab0de421f4,0,0,12,7,53,12,3,0,6,33,1,1,29,68,0,280,0,4,0,0,0,0,3,4,0,106,2,3,6,8,18,0,0,5,2,1,8,0,18,5,18,5,11,114,108,26,0,2,0,0,4,2,0,3,0,2,3,5,17,26,0,10,24,1,25,44,0,0,11,3,0,0,2,30,11,0,105,2,2,53,0,5,2,0,11,4,0,5,0,0,1,1,3,0,0,0,12,4,2,0,0,0,3,2,0,1,0,2,11,10,0,1,0,1,8,2,0,5,7,0,1,61,32,6,0,0,0,0,4,0,2,1,1,1,0,0,0,0,0,11,4,1,1,0,23,43,1,0
seatunnel-4fe9323419e52af60dea6a9b17f8cc8cd6c0d499,0,0,8,9,63,15,3,0,6,47,0,1,27,77,0,138,2,4,0,0,0,2,5,4,0,107,3,4,4,4,18,0,0,4,2,1,9,1,7,3,20,2,6,88,120,37,0,0,1,0,4,2,0,2,1,1,7,9,25,21,0,6,24,1,32,42,1,0,14,3,0,0,4,32,14,0,121,3,2,60,0,4,1,0,8,4,0,5,0,0,3,0,3,0,0,1,11,2,1,0,0,0,4,7,0,0,0,2,18,10,0,1,0,1,8,2,0,5,5,0,1,61,32,6,0,0,0,1,4,0,5,1,1,0,0,3,0,0,0,7,8,1,0,0,35,70,1,0
seatunnel-500799d8bce41ad3203987556c528f9e6a0e0a22,0,0,6,2,19,5,0,0,0,5,0,1,13,19,0,138,0,3,0,0,0,0,0,3,0,57,0,1,1,8,6,0,0,0,0,0,4,0,1,2,5,4,6,84,107,10,0,2,0,0,5,2,0,2,0,3,0,0,8,11,0,3,1,0,5,4,0,0,2,0,0,0,2,14,3,0,88,0,0,18,0,1,1,2,0,0,0,3,1,0,2,1,0,0,0,0,2,4,0,0,0,0,0,8,0,0,0,0,2,9,0,0,0,0,1,0,0,0,3,0,0,21,6,0,0,0,0,0,0,0,0,0,0,0,0,0,0,1,0,4,0,0,1,0,5,18,0,0
seatunnel-5015732d11ba5b15754453c57dc41d3cbe25afee,0,0,5,5,0,0,0,0,4,0,0,0,13,23,0,6,0,4,0,0,1,0,2,8,1,4,1,0,4,0,2,1,0,0,0,0,1,0,2,2,5,0,0,17,11,10,0,0,0,0,13,13,0,0,0,0,10,0,1,1,0,0,5,0,0,4,0,0,0,0,0,0,4,5,3,4,8,0,0,3,1,0,1,0,0,0,0,0,1,6,1,0,0,0,0,0,147,0,0,0,0,0,2,6,0,0,0,0,6,5,1,0,0,0,5,1,4,0,1,0,2,48,38,0,0,0,0,1,0,1,0,0,7,0,0,0,0,0,0,1,2,0,0,0,0,4,0,2
seatunnel-5039752eacc8702477b77e5b9b0946ad87125f9b,0,0,12,7,54,10,2,0,0,25,1,1,15,50,0,284,0,3,0,0,0,0,4,3,0,73,1,1,3,8,17,0,0,1,0,1,5,2,12,2,11,4,6,93,95,13,0,2,0,0,4,2,0,2,0,2,0,2,26,19,0,8,7,0,8,3,0,0,3,0,2,0,2,21,11,0,89,0,0,37,0,3,1,1,6,4,0,15,0,1,1,1,0,0,0,0,8,4,1,1,0,0,0,18,0,1,0,0,12,9,0,0,0,0,8,0,0,3,19,1,0,46,18,0,0,0,0,0,0,0,1,1,0,1,0,2,0,0,0,6,2,0,1,0,13,33,0,0
seatunnel-503bb3bead559acad511be350f5d63b08fdb6add,0,0,8,16,57,26,4,2,6,55,0,1,41,115,2,149,2,20,0,1,3,0,6,21,2,142,9,4,4,10,30,0,1,3,3,0,15,1,8,3,25,2,6,102,140,65,2,0,9,1,7,16,3,4,4,3,15,17,26,24,1,11,33,1,31,43,1,3,19,3,0,1,5,33,26,0,127,4,2,75,0,10,3,0,14,4,2,18,0,0,5,0,3,1,1,1,24,7,3,0,1,1,8,9,0,0,0,4,35,8,0,1,0,1,15,6,0,6,9,0,2,75,80,7,0,1,0,1,4,0,2,2,1,0,1,6,0,0,1,11,13,1,1,2,42,107,1,0
seatunnel-5057448c96293bfe39f472dc89fa4eb1da2190fd,0,0,5,1,2,1,0,0,0,5,0,0,5,9,0,68,0,3,0,0,0,0,1,3,0,7,1,1,1,4,5,0,0,0,0,0,0,0,1,2,3,0,0,37,12,5,0,2,0,0,3,0,0,1,0,1,0,1,3,3,0,1,0,0,1,2,0,0,0,3,0,0,2,13,1,0,68,0,0,9,0,0,1,0,0,0,0,2,0,0,0,1,0,0,0,0,0,1,1,0,0,0,0,7,0,0,0,0,5,3,0,0,0,0,6,0,0,0,5,0,0,20,6,0,0,0,0,0,0,0,0,0,0,0,0,0,0,0,0,4,0,0,1,0,0,5,0,0
seatunnel-507ca85611b655be7f99b8530890a25705da7b31,0,0,8,12,52,23,4,0,6,53,0,0,36,93,0,151,2,4,0,0,0,0,7,5,1,155,8,5,4,10,20,0,0,2,3,0,16,1,6,3,23,3,6,100,148,62,0,0,7,0,7,4,0,3,1,1,12,15,26,27,0,14,29,1,25,42,1,0,16,3,0,0,4,30,26,0,119,3,2,71,0,10,1,0,16,5,0,5,0,0,5,0,3,0,3,1,15,5,2,0,3,0,5,9,0,0,0,3,31,8,0,1,0,1,9,2,0,6,11,0,1,74,42,6,0,1,0,1,4,0,2,1,1,0,0,0,0,0,1,13,14,1,0,2,38,102,1,0
seatunnel-509add587c5c2aa1f46947176c7e89032c1fceb7,0,0,8,4,31,9,2,0,0,18,0,1,15,30,0,204,0,3,0,0,0,0,3,3,0,62,1,1,1,8,15,0,0,1,0,1,5,0,1,2,6,4,6,69,95,13,0,2,0,0,4,2,0,2,0,2,0,1,13,13,0,6,7,0,8,3,0,0,5,0,0,0,2,14,6,0,92,0,0,24,0,1,1,1,6,2,0,6,0,0,2,1,0,0,0,0,3,4,1,0,0,0,2,19,0,0,0,0,5,9,0,0,0,0,1,0,0,3,17,0,0,24,9,0,0,0,0,0,4,0,1,0,0,0,0,0,0,0,0,7,0,0,1,0,11,19,0,0
seatunnel-50a725490255f9bac96aa1cadd7f90d7302f1464,0,0,12,7,64,11,3,0,6,30,1,1,27,64,0,270,1,4,0,0,0,0,2,4,0,105,2,2,4,8,17,0,0,3,2,1,6,2,15,2,15,5,9,106,109,18,0,2,0,0,4,2,0,4,0,2,2,5,15,23,0,7,11,2,21,44,0,0,23,3,0,0,2,22,8,0,85,0,0,43,0,5,1,0,10,4,0,17,0,0,1,1,0,0,0,0,11,4,1,1,0,0,3,14,0,1,0,0,13,9,0,1,0,1,5,2,0,3,13,1,1,85,25,5,0,0,0,0,0,0,2,1,1,1,0,0,0,0,0,6,3,1,1,0,21,46,0,0
seatunnel-50aa7a5236193e9856a9913983e045d6f702930a,0,0,17,0,0,0,0,0,0,0,0,0,7,9,0,4,0,0,28,0,0,1,1,0,0,3,0,0,0,0,1,1,0,0,0,0,0,0,1,2,5,0,0,17,11,5,0,0,0,0,1,0,1,0,0,0,0,0,0,0,0,0,0,0,0,0,0,0,0,0,0,0,2,1,0,0,6,0,0,3,0,0,0,0,0,0,0,0,1,0,0,0,0,0,0,0,0,0,0,0,0,0,0,0,0,0,0,0,0,2,1,0,0,0,5,1,0,0,0,0,0,40,3,0,0,0,0,0,0,0,0,0,0,0,0,0,0,0,0,1,1,0,0,0,0,4,0,0
seatunnel-50c08f50d7f88d5f447dde3a9281bbe17e004447,0,0,12,7,38,7,1,0,0,25,1,1,19,57,0,238,0,4,0,0,0,0,2,4,0,73,1,1,3,8,12,0,0,1,1,1,5,2,14,2,10,3,6,89,94,14,0,2,0,0,4,2,0,2,0,2,0,5,12,19,0,6,9,2,8,3,0,0,1,3,0,0,2,21,7,0,87,0,0,39,0,3,1,0,6,4,0,16,0,0,1,1,0,0,0,0,9,4,1,1,0,0,3,14,0,1,0,0,13,9,0,0,0,1,5,0,0,3,14,1,0,58,21,0,0,0,0,0,0,0,1,1,1,1,0,0,0,0,0,6,2,0,1,0,13,36,0,0
seatunnel-51c28a3387fa99ebea9118034cd0d99d3c82578a,0,0,12,7,55,10,2,0,0,25,1,1,15,50,0,284,0,3,0,0,0,0,4,3,0,73,1,1,3,8,17,0,0,1,0,1,5,2,12,2,11,4,6,93,95,13,0,2,0,0,4,2,0,2,0,2,0,2,26,19,0,8,7,0,8,3,0,0,3,0,2,0,2,21,11,0,89,0,0,37,0,3,1,1,6,4,0,15,0,1,1,1,0,0,0,0,8,4,1,1,0,0,0,18,0,1,0,0,12,9,0,0,0,0,8,0,0,3,19,1,0,46,18,0,0,0,0,0,0,0,1,1,0,1,0,2,0,0,0,6,2,0,1,0,13,33,0,0
seatunnel-51d5bcba10ba8047e744cf4c03fe8aad06b4fe76,0,0,9,8,60,15,3,0,6,42,0,1,27,74,0,250,0,4,0,0,0,2,4,4,0,106,2,3,4,4,17,0,0,4,2,1,10,1,5,3,20,3,6,87,124,29,0,0,0,0,2,2,0,3,1,1,5,9,19,23,0,5,24,1,27,42,1,0,13,3,0,0,4,27,13,0,97,2,2,61,0,4,1,0,8,4,0,5,0,0,3,0,3,0,0,1,11,4,1,0,0,0,3,7,0,1,0,2,15,10,0,1,1,1,7,2,0,5,5,0,1,55,32,7,0,0,0,0,4,0,2,1,1,1,0,3,0,0,0,7,8,1,0,0,35,65,1,0
seatunnel-51d9af9b4708f73f7251f292c68d451576b45c85,0,0,5,1,2,1,0,0,0,4,0,0,4,8,0,67,0,3,0,0,0,0,1,3,0,6,1,1,1,4,5,0,0,0,0,0,0,0,1,2,3,0,0,37,12,5,0,2,0,0,3,0,0,1,0,1,0,0,3,2,0,1,0,0,1,2,0,0,0,3,0,0,2,13,1,0,68,0,0,8,0,0,1,0,0,0,0,2,1,0,0,1,0,0,0,0,0,1,0,0,0,0,0,7,0,0,0,0,4,3,0,0,0,0,5,0,0,0,5,0,0,20,6,0,0,0,0,0,0,0,0,0,0,0,0,0,0,0,0,4,0,0,1,0,0,5,0,0
seatunnel-51e7c022ba606cf3d327a31e75dac3016d8c09ce,0,0,2,1,2,1,0,0,0,4,0,0,7,4,0,60,0,3,0,0,0,0,0,3,0,4,0,0,1,4,5,0,0,0,0,0,0,0,1,2,3,0,1,31,12,4,0,2,0,0,1,0,0,1,0,1,0,0,4,2,0,1,0,0,1,2,0,0,0,3,0,0,2,13,1,0,68,0,0,7,0,0,1,0,0,0,0,0,1,0,0,1,0,0,0,0,0,0,0,0,0,0,0,5,0,0,0,0,2,2,0,0,0,0,5,0,0,0,2,0,0,15,5,0,0,0,0,0,0,0,0,0,0,0,0,0,0,0,0,4,0,0,1,0,0,6,0,0
seatunnel-51f85c72470127795a11a59cb479c203930d9728,0,0,1,0,0,0,0,0,0,3,0,0,8,18,0,16,0,1,0,0,1,0,2,1,0,4,1,0,1,0,4,0,0,0,0,0,0,0,1,3,2,0,0,26,11,5,0,0,0,0,2,8,0,0,0,0,2,0,1,0,0,0,2,0,0,0,0,0,0,0,0,0,3,12,1,0,8,0,0,2,0,0,1,0,0,0,0,1,1,0,0,0,0,0,0,0,0,0,0,0,0,0,2,7,0,0,0,1,2,2,0,0,0,0,5,1,0,0,5,0,1,46,8,0,0,0,0,0,0,0,0,0,0,0,0,0,0,0,0,2,1,0,1,0,0,4,0,0
seatunnel-51fd0f7fe002fb1e8e7837f5ec1a9b70f4fcd1e9,0,0,4,1,11,1,0,0,0,4,0,0,12,10,0,88,0,3,0,0,0,0,0,3,0,47,0,0,1,4,6,0,0,2,0,0,3,0,2,2,3,1,3,57,98,8,0,2,0,0,4,0,0,1,0,3,0,0,6,5,0,3,1,0,1,4,0,0,0,0,0,0,3,14,3,0,71,0,0,15,0,0,1,2,0,0,0,1,1,0,2,1,0,0,0,0,1,4,0,0,0,0,0,6,0,0,0,0,2,3,0,0,0,0,6,0,0,1,3,0,0,18,5,0,0,0,0,0,0,0,0,0,0,0,0,0,0,0,0,4,0,0,1,0,2,10,0,0
seatunnel-5250c641b7af7e89f2a7c91595f2268b4ebb8caa,0,0,1,0,1,0,0,0,0,3,0,0,8,7,0,23,0,2,0,0,1,0,3,2,0,3,1,0,1,0,5,0,0,6,0,0,0,0,1,3,2,0,0,27,8,3,0,2,2,0,2,8,0,0,0,0,2,0,2,2,0,0,1,0,0,0,0,0,0,0,0,0,2,13,0,0,72,0,0,6,0,0,1,0,0,0,0,1,1,0,0,1,0,0,0,0,1,0,0,0,0,0,2,9,0,0,0,1,2,2,0,0,0,0,5,1,0,0,6,0,1,12,12,0,0,0,0,0,0,0,0,0,0,0,0,0,0,0,0,1,0,0,1,0,0,4,0,0
seatunnel-52610327dc07a24e7140b44acbecaec4c94b0a25,0,0,10,15,56,25,4,1,6,55,0,0,45,112,2,152,2,21,0,1,3,0,6,22,2,161,9,4,4,10,28,0,1,2,3,0,15,1,5,3,25,2,6,101,150,65,0,0,9,1,8,16,3,4,4,3,16,17,26,26,1,13,33,1,27,43,1,3,14,3,0,1,5,33,28,0,131,4,2,81,0,10,2,0,17,4,2,18,0,0,5,0,3,0,1,1,26,5,4,0,1,1,7,9,0,0,0,3,36,8,0,1,0,1,15,5,0,4,10,0,3,75,73,6,0,1,0,1,4,0,2,1,1,0,0,6,0,0,1,13,11,1,1,2,43,106,1,2
seatunnel-526727519277ef393f827da38047b3e9095027bb,0,0,8,5,63,10,3,0,6,23,0,1,17,37,0,238,1,3,0,0,0,0,3,3,0,91,1,2,1,8,19,0,0,1,1,1,5,0,1,2,9,5,8,88,108,16,0,2,0,0,4,2,0,4,0,2,1,1,18,13,0,9,9,0,11,3,0,0,16,0,0,0,2,15,9,0,77,0,0,27,0,1,1,2,10,2,0,6,0,0,2,1,0,0,0,0,4,4,1,0,0,0,2,17,0,0,0,0,7,9,0,1,0,0,1,2,0,3,15,0,0,29,11,0,0,0,0,0,4,0,2,0,0,0,0,0,0,0,0,6,0,1,1,0,18,26,0,0
seatunnel-527a48b3a549229c81e4777851a4f3ae09c5bd01,0,0,1,0,0,0,0,0,0,3,0,0,8,18,0,15,0,0,0,0,1,0,2,0,0,4,1,0,1,0,4,0,0,0,0,0,0,0,1,3,3,0,0,24,11,5,0,0,0,0,2,8,0,0,0,0,2,0,1,0,0,0,2,0,0,0,0,0,0,0,0,0,3,7,1,0,6,0,0,1,0,0,1,0,0,0,0,1,1,0,0,0,0,0,0,0,0,0,0,0,0,0,2,7,0,0,0,1,2,2,0,0,0,0,5,1,0,1,5,0,0,45,8,0,0,0,0,0,0,0,0,0,0,0,0,0,0,0,0,2,1,0,1,0,0,4,0,0
seatunnel-528c6fdeae34763193ca923099c88edcad5904d7,0,0,8,2,27,7,1,0,0,18,0,1,13,25,0,180,0,3,0,0,0,0,1,3,0,65,1,1,1,8,11,0,0,1,0,0,5,0,1,2,5,4,6,62,95,11,0,2,0,0,4,2,0,2,0,4,0,1,11,13,0,6,2,0,8,3,0,0,2,0,0,0,2,14,6,0,92,0,0,20,0,1,1,1,0,2,0,6,0,0,2,1,0,0,0,0,2,4,1,0,0,0,0,14,0,0,0,0,5,9,0,0,0,0,1,0,0,3,12,0,0,22,8,0,0,0,0,0,0,0,1,0,0,0,0,0,0,0,0,7,0,0,1,0,10,19,0,0
seatunnel-5290c81b1fa8c5ce6276e68e17ab7364fa183608,0,0,1,0,1,0,0,0,0,4,0,0,7,4,0,25,0,3,0,0,1,0,0,3,0,4,0,0,1,4,5,0,0,6,0,0,0,0,1,2,2,0,0,25,12,2,0,2,1,0,2,8,0,1,0,0,2,0,3,2,0,1,1,0,0,0,0,0,0,3,0,0,2,14,1,0,71,0,0,6,0,0,1,0,0,0,0,0,1,0,0,1,0,0,0,0,0,0,0,0,0,0,2,5,0,0,0,1,2,2,0,0,0,0,5,0,0,0,3,0,1,12,12,0,0,0,0,0,0,0,0,0,0,0,0,0,0,0,0,1,0,0,1,0,0,4,0,0
seatunnel-52b51edf7e1b98caf48b6832a613e5e1057918a7,0,0,12,7,51,12,3,0,6,31,1,1,29,60,0,271,0,3,0,0,0,0,2,3,0,105,2,3,6,8,18,0,0,5,2,0,6,0,17,3,15,5,11,112,109,22,0,2,0,0,4,2,0,3,0,2,2,5,17,24,0,11,18,1,23,44,0,0,12,3,0,0,2,26,12,0,104,2,2,50,0,5,2,0,11,4,0,5,0,0,1,1,3,0,0,0,12,4,2,0,0,0,3,1,0,1,0,2,13,9,0,1,0,1,8,2,0,5,6,0,1,61,30,6,0,0,0,0,4,0,2,1,1,1,0,0,0,0,0,11,4,1,1,0,23,41,0,0
seatunnel-52c6bf2a1f482b900a749befd9ac07788eb734df,0,0,10,10,58,16,4,0,6,46,0,1,32,84,0,127,2,4,0,0,0,0,6,4,1,112,7,5,4,4,19,0,0,4,2,0,12,1,7,3,24,2,6,88,120,47,0,0,1,0,9,2,0,3,1,1,8,8,28,21,0,8,25,1,30,42,1,0,16,3,0,0,4,36,16,0,125,3,2,60,0,10,1,0,8,5,0,5,0,0,3,0,3,0,0,1,10,2,2,0,0,0,4,7,0,0,0,2,20,10,0,1,0,1,9,2,0,5,9,0,0,61,34,6,0,1,0,1,4,0,4,1,1,0,0,0,0,0,0,8,13,1,0,0,37,85,1,0
seatunnel-52eb6924f397311395ef84b0268b21945923bdd1,0,0,1,0,7,0,0,0,0,3,0,0,8,18,0,18,0,2,0,0,1,0,3,2,0,3,1,0,1,0,5,0,0,0,0,0,0,0,1,4,3,0,0,33,12,5,0,0,0,0,3,8,0,0,0,0,2,0,7,0,0,0,2,0,0,0,0,0,0,0,0,0,3,13,1,0,66,0,0,5,0,0,1,0,0,0,0,1,1,0,0,0,0,0,0,0,0,0,0,0,0,0,2,9,0,0,0,1,2,2,0,0,0,0,5,1,0,0,6,0,1,46,8,0,0,0,0,0,0,0,0,0,0,0,0,0,0,0,0,2,1,0,1,0,0,4,0,0
seatunnel-5328e9d8475468f385d7f40e4baefbee1046a66e,0,0,10,10,58,16,4,0,6,46,0,1,32,83,0,127,2,4,0,0,0,0,6,4,1,111,7,4,4,4,19,0,0,4,2,0,12,1,7,3,24,2,6,88,120,47,0,0,1,0,4,2,0,3,1,1,8,8,28,21,0,8,25,1,30,42,1,0,16,3,0,0,4,36,16,0,125,4,2,60,0,10,1,0,8,5,0,5,0,0,3,0,3,0,0,1,10,2,2,0,0,0,4,7,0,0,0,2,20,10,0,1,0,1,9,2,0,5,9,0,1,62,35,6,0,1,0,1,4,0,4,1,1,0,0,0,0,0,0,8,14,1,0,0,37,85,1,0
seatunnel-533ff2c2fa9262defb86f37235ee10bf16135595,0,0,10,14,54,25,4,0,6,53,0,0,39,97,0,152,2,9,0,0,2,0,8,10,2,163,9,5,4,10,21,0,0,2,3,0,17,1,5,3,24,3,6,100,148,64,0,0,8,0,8,4,0,3,1,1,13,15,29,23,0,14,29,1,27,42,1,0,15,3,0,0,5,34,27,0,122,3,2,77,0,10,1,0,16,5,0,5,0,0,5,0,3,0,3,1,16,5,4,0,3,0,7,9,0,0,0,3,31,8,0,1,0,1,14,2,0,5,13,0,1,73,48,6,0,1,0,1,4,0,2,1,1,0,0,0,0,0,1,13,11,1,0,2,38,102,1,2
seatunnel-53430c7c604cf964341798e68d9a99af6707cbee,0,0,1,0,0,0,0,0,0,3,0,0,8,18,0,15,0,0,0,0,1,0,2,0,0,4,1,0,1,0,4,0,0,0,0,0,0,0,1,3,3,0,0,24,11,5,0,0,0,0,2,8,0,0,0,0,2,0,1,0,0,0,2,0,0,0,0,0,0,0,0,0,3,7,1,0,6,0,0,1,0,0,1,0,0,0,0,1,1,0,0,0,0,0,0,0,0,0,0,0,0,0,2,7,0,0,0,1,2,2,0,0,0,0,5,1,0,1,5,0,0,45,8,0,0,0,0,0,0,0,0,0,0,0,0,0,0,0,0,2,1,0,1,0,0,4,0,0
seatunnel-5376905075e1926f876dc8b850486efb84f8703e,0,0,8,12,52,23,4,0,6,53,0,0,36,93,0,151,2,4,0,0,0,0,7,5,1,155,8,5,4,10,20,0,0,2,3,0,16,1,6,3,23,3,6,100,148,62,0,0,7,0,7,4,0,3,1,1,12,15,26,27,0,14,29,1,25,42,1,0,16,3,0,0,4,30,25,0,119,3,2,71,0,10,1,0,16,5,0,5,0,0,5,0,3,0,3,1,15,5,2,0,3,0,5,9,0,0,0,3,31,8,0,1,0,1,9,2,0,6,11,0,1,74,42,6,0,1,0,1,4,0,2,1,1,0,0,0,0,0,1,13,14,1,0,2,39,102,1,0
seatunnel-53a9227c23774a5d1bcc63564e784d95cfcb87e2,0,0,1,0,1,0,0,0,0,3,0,0,8,7,0,25,0,3,0,0,1,0,1,3,0,3,1,0,1,0,4,0,0,6,0,0,0,0,1,3,2,0,0,26,8,2,0,2,2,0,2,8,0,0,0,0,2,0,4,2,0,0,1,0,0,0,0,0,0,0,0,0,2,14,0,0,72,0,0,6,0,0,1,0,0,0,0,2,1,0,0,1,0,0,0,0,0,0,0,0,0,0,2,4,0,0,0,1,2,2,0,0,0,0,5,0,0,0,3,0,1,12,12,0,0,0,0,0,0,0,0,0,0,0,0,0,0,0,0,1,0,0,1,0,0,4,0,0
seatunnel-53e7a8ce92313266ce38387c7aa1239ad3ddff5f,0,0,5,1,2,1,0,0,0,4,0,0,4,8,0,67,0,3,0,0,0,0,1,3,0,6,1,0,1,4,5,0,0,0,0,0,0,0,1,2,3,0,1,37,12,5,0,2,0,0,3,0,0,1,0,1,0,0,3,2,0,1,0,0,1,2,0,0,0,3,0,0,2,13,1,0,68,0,0,8,0,0,1,0,0,0,0,2,1,0,0,1,0,0,0,0,0,1,0,0,0,0,0,7,0,0,0,0,4,3,0,0,0,0,5,0,0,0,5,0,0,20,6,0,0,0,0,0,0,0,0,0,0,0,0,0,0,0,0,4,0,0,1,0,0,5,0,0
seatunnel-53fbef74eda04c84a78ed443ef1b3afa6d7a0fbf,0,0,1,0,1,0,0,0,0,3,0,0,6,7,0,22,0,2,0,0,1,0,3,2,0,3,1,0,1,0,5,0,0,6,0,0,0,0,1,3,2,0,0,27,8,3,0,2,2,0,2,8,0,0,0,0,2,0,2,2,0,0,1,0,0,0,0,0,0,0,0,0,2,13,0,0,72,0,0,6,0,0,1,0,0,0,0,1,1,0,0,1,0,0,0,0,1,0,0,0,0,0,2,9,0,0,0,1,2,2,0,0,0,0,5,1,0,0,6,0,1,12,12,0,0,0,0,0,0,0,0,0,0,0,0,0,0,0,0,1,0,0,1,0,0,4,0,0
seatunnel-5430ca9621ffdd7f7ec183235eed29764ecd6205,0,0,10,16,57,25,4,1,6,55,0,1,44,115,2,149,2,20,0,1,3,0,6,21,2,143,9,4,4,10,29,0,1,3,3,0,15,1,8,3,25,2,6,101,140,64,2,0,9,1,7,16,3,4,4,3,16,17,26,24,1,11,33,1,31,43,1,3,17,3,0,1,5,33,26,0,127,4,2,72,0,10,2,0,14,4,2,18,0,0,5,0,3,0,1,1,25,7,4,0,1,1,8,9,0,0,0,3,35,8,0,1,0,1,15,5,0,6,9,0,2,79,77,7,0,1,0,1,4,0,2,2,1,0,0,6,0,0,1,11,11,1,1,2,42,107,1,2
seatunnel-545595c6d2870d02af44925ba4d7e5beabfafc2e,0,0,9,8,60,15,3,0,6,42,0,1,27,74,0,250,0,4,0,0,0,2,4,4,0,106,2,3,4,4,17,0,0,4,2,1,10,1,5,3,19,3,6,87,124,29,0,0,0,0,2,2,0,3,1,1,5,9,19,23,0,5,24,1,27,42,1,0,13,3,0,0,4,27,13,0,97,2,2,61,0,4,1,0,8,4,0,5,0,0,3,0,3,0,0,1,11,4,1,0,0,0,3,7,0,1,0,2,15,10,0,1,1,1,7,2,0,5,5,0,1,55,32,7,0,0,0,0,4,0,2,1,1,1,0,3,0,0,0,7,8,1,0,0,35,65,1,0
seatunnel-547a6be2d4ff6b30ce66117100d0e9fca203ddb7,0,0,12,7,46,10,2,0,0,24,1,1,15,52,0,284,0,3,0,0,0,0,4,3,0,73,1,1,3,8,17,0,0,1,0,1,5,2,12,2,11,4,6,92,93,13,0,2,0,0,4,2,0,1,0,2,0,2,17,19,0,8,7,0,8,3,0,0,3,0,2,0,2,21,11,0,89,0,0,37,0,3,1,1,6,4,0,15,0,1,1,1,0,0,0,0,8,4,1,1,0,0,0,18,0,1,0,0,12,9,0,0,0,0,8,0,0,3,19,1,0,46,18,0,0,0,0,0,0,0,1,1,0,1,0,2,0,0,0,6,2,0,1,0,13,33,0,0
seatunnel-5488337c6710c43fdd1ba5e069160e918761721b,0,0,8,5,38,11,1,0,0,18,1,1,14,38,0,224,0,3,0,0,0,0,3,3,0,67,1,1,1,8,14,0,0,1,0,1,5,1,1,2,8,4,6,76,95,10,0,2,0,0,4,2,0,2,0,2,0,1,16,19,0,5,6,0,7,3,0,0,6,0,0,0,2,15,5,0,78,0,0,24,0,1,1,1,6,2,0,6,0,0,2,1,0,0,0,0,4,4,1,0,0,0,2,16,0,0,0,0,6,9,0,0,0,0,4,0,0,3,15,0,0,42,8,0,0,0,0,0,4,0,1,0,0,0,0,0,0,0,0,6,2,0,1,0,12,26,0,0
seatunnel-54a5e2b5264b7bc6ad8c23ba84a019611f4dd8f8,0,0,8,16,64,26,4,4,6,55,0,1,44,117,2,148,2,20,0,1,3,0,5,21,2,142,9,4,4,10,27,0,1,3,3,0,15,1,7,3,25,2,6,106,140,65,2,0,9,1,7,16,4,4,4,3,16,17,28,24,1,11,33,1,31,43,1,3,19,3,0,1,5,25,26,0,129,4,2,77,0,10,3,0,14,4,2,18,0,0,5,0,3,1,1,1,24,7,3,0,1,1,8,9,0,0,0,4,35,8,0,1,0,1,15,6,0,6,9,0,2,79,86,7,0,1,0,1,4,0,2,2,1,0,1,6,0,0,1,11,13,0,1,2,42,106,1,0
seatunnel-54ca43406bff4001ff016064710f8852dc8a7255,0,0,8,9,63,15,3,0,6,47,0,1,27,77,0,138,2,4,0,0,0,2,5,4,0,107,3,4,4,4,18,0,0,4,2,1,9,1,7,3,20,2,6,88,120,37,0,0,1,0,4,2,0,3,1,1,7,9,25,21,0,6,24,1,32,42,1,0,14,3,0,0,4,32,14,0,121,3,2,60,0,4,1,0,8,4,0,5,0,0,3,0,3,0,0,1,11,2,1,0,0,0,4,7,0,0,0,2,19,10,0,1,0,1,8,2,0,5,5,0,1,61,32,6,0,0,0,1,4,0,5,1,1,0,0,3,0,0,0,7,8,1,0,0,35,70,1,0
seatunnel-54eb70d49997aa2d722e86834649c9ab3ff93633,0,0,5,1,3,1,0,0,0,5,0,0,5,9,0,77,0,3,0,0,0,0,1,3,0,8,1,1,1,4,5,0,0,1,0,0,0,0,1,2,4,0,0,38,12,5,0,2,0,0,3,0,0,1,0,1,0,1,3,3,0,1,0,0,1,2,0,0,0,3,0,0,2,13,1,0,71,0,0,9,0,0,1,0,0,0,0,2,0,0,0,1,0,0,0,0,0,1,1,0,0,0,0,7,0,0,0,0,5,3,0,0,0,0,1,0,0,0,5,0,0,17,6,0,0,0,0,0,0,0,0,0,0,0,0,0,0,0,0,4,0,0,1,0,0,5,0,0
seatunnel-54f594d6ca25dfd8404027651e06b63249604013,0,0,8,9,61,15,3,0,6,47,0,1,29,78,0,124,2,4,0,0,0,0,5,4,1,109,3,4,4,4,19,0,0,4,2,0,9,1,7,3,20,2,6,86,120,39,0,0,1,0,4,2,0,3,1,1,7,9,25,21,0,6,24,1,32,42,1,0,14,3,0,0,4,32,14,0,122,3,2,57,0,4,1,0,8,4,0,5,0,0,3,0,3,0,0,1,10,2,2,0,0,0,4,7,0,0,0,2,19,10,0,1,0,1,8,2,0,5,5,0,1,61,32,6,0,0,0,1,4,0,5,1,1,0,0,3,0,0,0,7,10,1,0,0,37,73,1,0
seatunnel-555905b0b8ef843a84feb74f05630374aaeaa55c,0,0,10,9,64,15,4,0,6,47,0,1,31,79,0,124,2,5,0,0,0,0,5,5,1,110,5,4,4,4,18,0,0,4,2,0,9,1,7,3,21,2,6,95,120,42,0,0,1,0,4,2,0,3,1,1,7,9,24,21,0,7,26,1,32,42,1,0,16,3,0,0,4,32,15,0,122,3,2,60,0,10,1,0,8,4,0,5,0,0,3,0,3,0,0,1,10,2,2,0,0,0,4,7,0,0,0,2,20,10,0,1,0,1,8,2,0,5,6,0,1,61,34,6,0,0,0,1,4,0,4,1,1,0,0,3,0,0,0,7,11,1,0,0,37,81,1,0
seatunnel-5560123716a4b2f638d7fb71401bdfcca8e53331,0,0,8,5,32,9,2,0,0,18,0,1,15,32,0,205,0,3,0,0,0,0,3,3,0,65,1,1,1,8,15,0,0,1,0,1,5,0,1,2,6,4,6,76,95,13,0,2,0,0,4,2,0,2,0,2,0,1,16,13,0,5,7,0,8,3,0,0,5,0,0,0,2,14,5,0,92,0,0,25,0,1,1,1,6,2,0,6,0,0,2,1,0,0,0,0,3,4,1,0,0,0,2,19,0,0,0,0,6,9,0,0,0,0,1,0,0,3,17,0,0,24,9,0,0,0,0,0,4,0,1,0,0,0,0,0,0,0,0,7,0,0,1,0,11,19,0,0
seatunnel-55602f6b1c6e7ae477e1952d69bccd468de6bc81,0,0,9,11,50,17,4,0,6,53,0,0,27,83,0,120,2,4,0,0,0,0,6,5,1,107,8,5,4,6,18,0,0,2,2,0,12,1,6,3,24,3,6,88,113,50,0,0,1,0,10,3,0,3,1,1,10,15,27,21,0,11,26,1,22,42,1,0,14,3,0,0,3,31,19,0,103,3,2,61,0,10,1,0,8,5,0,5,0,0,4,0,3,0,0,1,14,3,2,0,0,0,4,7,0,0,0,2,29,10,0,1,0,1,9,2,0,5,9,0,0,70,38,6,0,1,0,1,4,0,4,1,1,0,0,0,0,0,0,10,11,1,0,0,35,86,1,0
seatunnel-55643cd8f81e22c8dd9f6f3c662e69751560f0de,0,0,8,13,55,23,4,0,6,54,0,0,33,95,0,147,2,4,0,0,0,0,8,5,1,121,8,5,4,10,20,0,0,2,3,0,15,1,6,3,23,2,6,96,144,54,0,0,1,0,7,4,0,3,1,1,12,15,27,22,0,13,28,1,24,42,1,0,16,3,0,0,3,34,21,0,119,3,2,70,0,10,1,0,12,5,0,5,0,0,5,0,3,0,3,1,15,4,2,0,3,0,5,8,0,0,0,2,31,8,0,1,0,1,9,2,0,5,10,0,0,72,43,6,0,1,0,1,4,0,4,1,1,0,0,0,0,0,1,13,11,1,0,1,38,96,1,0
seatunnel-556cb35ca89f95a3d5efbca43b6c150d3cd9b35f,0,0,12,7,58,11,3,0,6,31,1,1,27,58,0,270,1,4,0,1,0,0,2,4,0,103,2,2,4,8,16,0,0,3,2,0,6,0,15,2,13,5,10,108,109,18,0,2,0,0,4,2,0,4,0,2,2,5,14,23,0,8,8,0,20,44,0,0,13,3,0,0,2,22,9,0,106,0,2,45,0,5,2,0,10,4,0,5,0,0,1,1,0,0,0,0,8,4,2,1,0,0,3,0,0,1,0,0,13,9,0,1,0,1,5,2,0,3,5,0,1,60,24,5,0,0,0,0,4,0,2,1,1,1,0,0,0,0,0,6,5,1,1,0,21,41,0,0
seatunnel-560e0036157655c0256f3497092e6335728de59e,0,0,10,17,56,25,4,0,6,53,0,0,42,107,2,152,2,14,0,0,3,0,5,15,2,161,8,4,4,10,26,0,1,2,3,0,15,1,5,3,24,3,6,101,148,66,0,0,8,1,8,16,3,4,4,1,15,15,26,22,1,13,32,1,28,43,1,0,14,3,0,1,5,32,27,0,123,4,2,82,0,10,2,0,16,4,0,18,0,0,5,0,3,0,1,1,24,5,4,0,1,1,8,9,0,0,0,3,34,8,0,1,0,1,15,5,0,5,10,0,2,78,71,6,0,1,0,1,4,0,2,1,1,0,0,0,0,0,1,13,11,1,1,2,38,102,1,2
seatunnel-563637ebd1e597c3dbed3a62ca29cf716df3721e,0,0,12,5,42,9,2,0,0,25,1,1,18,54,0,266,0,3,0,0,0,0,3,3,0,74,1,1,3,8,15,0,0,1,0,1,5,2,13,2,10,4,6,88,93,11,0,2,0,0,4,2,0,1,0,2,0,3,17,19,0,8,6,2,8,3,0,0,3,0,2,0,2,21,11,0,88,1,0,38,0,3,1,0,6,4,0,16,0,1,1,1,0,0,0,0,7,4,1,1,0,0,0,16,0,1,0,0,14,9,0,0,0,0,5,0,0,3,17,1,0,53,18,0,0,0,0,0,0,0,1,1,1,1,0,2,0,0,0,6,2,0,1,0,14,37,0,0
seatunnel-5694d38b5c9620573c99a4f92d15d32dc63d6cb8,0,0,8,6,46,11,1,0,0,24,1,1,14,47,0,278,0,3,0,0,0,0,4,3,0,73,1,1,3,8,15,0,0,1,0,1,5,2,3,2,9,4,6,91,95,10,0,2,0,0,4,2,0,2,0,2,0,1,17,19,0,6,6,0,8,3,0,0,4,0,0,0,2,18,7,0,80,0,0,34,0,1,1,1,6,3,0,15,0,0,2,1,0,0,0,0,7,4,1,1,0,0,2,16,0,0,0,0,6,9,0,0,0,0,5,0,0,3,17,0,0,42,14,0,0,0,0,0,4,0,1,1,0,0,0,0,0,0,0,6,2,0,1,0,12,31,0,0
seatunnel-56be228ad2545d84740781292237c31bb6588fc3,0,0,12,7,53,12,3,0,6,33,1,1,29,69,0,280,0,4,0,0,0,0,3,4,0,106,2,3,6,8,18,0,0,5,2,1,8,0,16,5,18,5,11,114,108,26,0,2,0,0,4,2,0,3,0,2,3,5,17,26,0,10,24,1,25,44,0,0,11,3,0,0,2,30,11,0,105,2,2,53,0,5,2,0,11,4,0,5,0,0,1,1,3,0,0,0,12,4,2,0,0,0,3,2,0,1,0,2,11,10,0,1,0,1,8,2,0,5,7,0,1,61,32,6,0,0,0,0,4,0,2,1,1,1,0,0,0,0,0,11,4,1,1,0,23,43,1,0
seatunnel-56e1addb2cc767b0d7b1b20ed20e3c08ac472b56,0,0,12,7,51,12,3,0,6,31,1,1,28,61,0,268,0,3,0,0,0,0,2,3,0,103,2,3,6,8,18,0,0,5,2,0,6,0,17,2,15,5,10,112,109,21,0,2,0,0,4,2,0,3,0,2,2,5,14,23,0,11,18,1,23,44,0,0,12,3,0,0,2,26,12,0,104,2,2,50,0,5,2,0,10,4,0,5,0,0,1,1,3,0,0,0,12,4,2,0,0,0,3,1,0,1,0,0,13,9,0,1,0,1,8,2,0,4,6,0,1,57,27,6,0,0,0,0,4,0,2,1,1,1,0,0,0,0,0,9,4,1,1,0,21,41,0,0
seatunnel-56e9ee4368f4af5d20a6cb9cba2413caa3188b4e,0,0,1,0,1,0,0,0,0,3,0,0,8,7,0,18,0,2,0,0,1,0,3,2,0,3,1,0,1,0,6,0,0,0,0,0,0,0,1,4,2,0,0,33,12,5,0,0,0,0,2,8,0,0,0,0,2,0,1,0,0,0,1,0,0,0,0,0,0,0,0,0,3,13,0,0,70,0,0,5,0,0,1,0,0,0,0,1,1,0,0,0,0,0,0,0,0,0,0,0,0,0,2,9,0,0,0,1,2,2,0,0,0,0,5,1,0,0,6,0,1,43,8,0,0,0,0,0,0,0,0,0,0,0,0,0,0,0,0,1,1,0,1,0,0,4,0,0
seatunnel-56f3cdb276dd3417dffc177ce5c673d0d20c1dad,0,0,8,9,62,15,3,0,6,47,0,1,26,77,0,149,0,4,0,0,0,2,5,4,0,107,3,4,4,4,18,0,0,4,2,1,10,1,7,3,20,3,6,87,120,36,0,0,1,0,4,2,0,2,1,1,7,9,23,24,0,6,24,1,28,42,1,0,14,3,0,0,4,32,14,0,121,3,2,58,0,4,1,0,8,4,0,5,0,0,3,0,3,0,0,1,11,2,1,0,0,0,4,7,0,0,0,2,18,10,0,1,0,1,8,2,0,5,5,0,1,61,31,6,0,0,0,1,4,0,5,1,1,0,0,3,0,0,0,7,8,1,0,0,35,70,1,0
seatunnel-56f68afc2ed5be48ee770cccb8cd4a70f10584a6,0,0,3,1,2,1,0,0,0,4,0,0,4,8,0,64,0,3,0,0,0,0,0,3,0,5,1,0,1,4,4,0,0,0,0,0,0,0,1,2,3,0,1,37,12,5,0,2,0,0,3,0,0,1,0,1,0,0,3,2,0,1,0,0,1,2,0,0,0,3,0,0,2,13,1,0,68,0,0,8,0,0,1,0,0,0,0,2,1,0,0,1,0,0,0,0,0,1,0,0,0,0,0,7,0,0,0,0,3,3,0,0,0,0,5,0,0,0,5,0,0,20,6,0,0,0,0,0,0,0,0,0,0,0,0,0,0,0,0,4,0,0,1,0,0,5,0,0
seatunnel-56fbc8ed272acb17434f44294f3c98617a5ab4a6,0,0,10,15,57,24,4,0,6,53,0,0,42,109,2,152,2,16,0,0,3,0,5,17,2,160,8,4,4,10,26,0,1,2,3,0,15,1,5,3,23,2,6,101,148,66,0,0,8,1,8,16,3,4,4,1,15,15,26,22,1,13,32,1,27,43,1,0,14,3,0,1,5,32,27,0,127,4,2,81,0,10,2,0,16,4,2,18,0,0,5,0,3,0,1,1,24,5,4,0,1,1,8,9,0,0,0,3,34,8,0,1,0,1,15,5,0,5,10,0,2,82,72,6,0,1,0,1,4,0,2,1,1,0,0,0,0,0,1,13,11,1,1,2,38,106,1,2
seatunnel-57342c6545f0de5bd7dcbe23dae742dda145a4c0,0,0,12,7,39,7,1,0,0,25,1,1,19,57,0,244,0,4,0,0,0,0,2,4,0,72,1,1,3,8,12,0,0,1,1,1,5,2,14,2,10,3,6,86,94,14,0,2,0,0,4,2,0,2,0,2,0,5,12,19,0,6,9,2,8,3,0,0,1,3,0,0,2,21,7,0,87,0,0,39,0,3,1,0,6,4,0,17,0,0,1,1,0,0,0,0,9,4,1,1,0,0,3,14,0,1,0,0,13,9,0,0,0,1,5,0,0,3,13,1,0,58,21,0,0,0,0,0,0,0,1,1,1,1,0,0,0,0,0,6,2,0,1,0,13,36,0,0
seatunnel-574d9c9937b5a5f32ea7eb7c6577c3eee4028a12,0,0,1,0,1,0,0,0,0,3,0,0,8,7,0,25,0,3,0,0,1,0,3,3,0,3,1,0,1,0,5,0,0,6,0,0,0,0,1,3,2,0,0,26,8,3,0,2,2,0,2,8,0,0,0,0,2,0,4,2,0,0,1,0,0,0,0,0,0,0,0,0,2,13,0,0,72,0,0,6,0,0,1,0,0,0,0,1,1,0,0,1,0,0,0,0,1,0,0,0,0,0,2,9,0,0,0,1,2,2,0,0,0,0,5,1,0,0,6,0,1,12,12,0,0,0,0,0,0,0,0,0,0,0,0,0,0,0,0,1,0,0,1,0,0,4,0,0
seatunnel-575dded68c3bbe8bd6fd0680b4bed7eaaaa146da,0,0,2,0,1,0,0,0,0,4,0,0,8,5,0,27,0,3,0,0,1,0,0,3,0,4,0,0,1,4,5,0,0,0,0,0,0,0,1,2,2,0,0,26,12,4,0,2,0,0,2,8,0,1,0,0,2,0,3,2,0,1,1,0,0,0,0,0,0,3,0,0,2,13,1,0,68,0,0,2,0,0,1,0,0,0,0,0,1,0,0,1,0,0,0,0,0,0,0,0,0,0,2,3,0,0,0,0,3,2,0,0,0,0,5,0,0,0,2,0,1,17,12,0,0,0,0,0,0,0,0,0,0,0,0,0,0,0,0,1,0,0,1,0,0,4,0,0
seatunnel-57a60244325557179afef634dd731e952d984a47,0,0,12,6,46,12,2,0,0,24,1,1,14,48,0,281,0,3,0,0,0,0,4,3,0,73,1,1,3,8,15,0,0,1,0,1,5,2,4,2,9,4,7,91,95,12,0,2,0,0,4,2,0,2,0,2,0,1,22,19,0,6,8,0,8,3,0,0,5,0,2,0,2,21,7,0,80,0,0,35,0,3,1,1,6,3,0,15,0,1,2,1,0,0,0,0,7,4,1,1,0,0,2,18,0,0,0,0,11,9,0,0,0,0,5,0,0,3,20,0,0,42,18,0,0,0,0,0,4,0,1,1,0,1,0,2,0,0,0,6,2,0,1,0,12,33,0,0
seatunnel-57c67afdb95ca6a483d916c9160b8603c885b804,0,0,12,7,51,12,3,0,6,31,1,1,29,60,0,271,0,4,0,0,0,0,2,4,0,106,2,3,6,8,18,0,0,5,2,0,6,0,17,3,15,5,11,112,109,22,0,2,0,0,4,2,0,3,0,2,2,5,17,24,0,10,18,1,23,44,0,0,11,3,0,0,2,26,11,0,104,2,2,50,0,5,2,0,11,4,0,5,0,0,1,1,3,0,0,0,12,4,2,0,0,0,3,1,0,1,0,2,13,9,0,1,0,1,8,2,0,5,6,0,1,61,30,6,0,0,0,0,4,0,2,1,1,1,0,0,0,0,0,11,4,1,1,0,23,41,0,0
seatunnel-58022cf7d9fde15ce3b7dc04f5957b1069ad8f4f,0,0,5,5,0,0,0,0,4,0,0,0,13,27,0,8,0,4,0,0,1,0,2,8,1,4,1,0,4,0,3,1,0,0,0,0,1,0,2,2,5,0,0,17,11,10,0,0,0,0,13,13,0,0,0,0,10,0,1,1,0,0,5,0,0,4,0,0,0,0,0,0,4,5,4,4,8,0,0,3,1,0,1,0,0,0,0,0,1,6,1,0,0,0,0,0,147,0,0,0,0,0,2,6,0,0,0,0,7,5,1,0,0,0,5,1,4,0,1,0,2,48,38,0,0,0,0,1,0,1,0,0,7,0,0,0,0,0,0,1,2,0,0,0,0,4,0,2
seatunnel-580276a8bd05a0d7ec0293ec7aee54c967b17e86,0,0,8,16,64,27,4,5,6,55,0,2,45,117,2,148,2,20,0,1,3,0,6,21,2,142,9,4,4,10,27,0,1,3,3,0,15,1,7,3,24,2,6,106,140,66,2,0,9,1,7,16,4,4,4,3,16,17,28,24,1,11,33,1,31,43,1,3,18,3,0,1,5,25,26,0,128,4,2,77,0,10,3,0,14,3,2,18,0,0,5,0,3,1,1,1,24,7,3,0,1,1,8,9,0,0,0,4,35,8,0,1,0,1,13,6,0,6,9,0,2,78,88,7,0,1,0,1,4,0,2,2,1,0,1,6,0,0,1,11,13,0,1,2,43,106,1,0
seatunnel-581292f210696b4e1122f9053bb6b9ace5c219d0,0,0,8,8,60,15,3,0,6,41,0,1,26,71,0,251,0,4,0,0,0,2,4,4,0,107,2,4,4,4,17,0,0,4,2,1,10,1,6,3,19,3,6,87,120,28,0,0,0,0,2,2,0,2,1,1,5,9,19,23,0,6,24,1,27,42,1,0,13,3,0,0,4,27,14,0,121,2,2,59,0,4,1,0,8,4,0,5,0,0,3,0,3,0,0,1,11,2,1,0,0,0,3,7,0,1,0,2,15,10,0,1,0,1,7,2,0,5,5,0,1,55,31,6,0,0,0,0,4,0,2,1,1,1,0,3,0,0,0,7,8,1,0,0,34,70,1,0
seatunnel-5817ec07bfa83f51e4bbe8c595dcf359c1ddf21d,0,0,10,17,57,24,4,0,6,53,0,0,42,107,2,152,2,14,0,0,3,0,5,15,2,160,8,4,4,10,26,0,1,2,3,0,15,1,5,3,24,3,6,101,148,66,0,0,8,1,8,16,3,4,4,1,15,15,26,22,1,13,33,1,28,43,1,0,14,3,0,1,5,32,27,0,123,4,2,80,0,10,2,0,16,4,2,18,0,0,5,0,3,0,1,1,24,5,4,0,1,1,8,9,0,0,0,3,34,8,0,1,0,1,15,5,0,5,10,0,2,80,71,6,0,1,0,1,4,0,2,1,1,0,0,0,0,0,1,13,11,1,1,2,38,106,1,2
seatunnel-581b1e1d5bb56a8b09248b001801691570cd9946,0,0,5,1,3,1,0,0,0,5,0,0,5,9,0,76,0,3,0,0,0,0,1,3,0,8,1,1,1,4,5,0,0,1,0,0,0,0,1,2,4,0,0,38,12,5,0,2,0,0,3,0,0,1,0,1,0,1,3,3,0,1,0,0,1,2,0,0,0,3,0,0,2,13,1,0,69,0,0,9,0,0,1,0,0,0,0,2,0,0,0,1,0,0,0,0,0,1,1,0,0,0,0,7,0,0,0,0,5,3,0,0,0,0,1,0,0,0,5,0,0,20,6,0,0,0,0,0,0,0,0,0,0,0,0,0,0,1,0,4,0,0,1,0,0,5,0,0
seatunnel-581b275c3cb7c07f0e4cc18b1df0f3975e6fba29,0,0,1,0,1,0,0,0,0,3,0,0,8,7,0,19,0,2,0,0,1,0,3,2,0,3,1,0,1,0,6,0,0,0,0,0,0,0,1,4,2,0,0,33,12,5,0,0,1,0,2,8,0,0,0,0,2,0,1,1,0,0,1,0,0,0,0,0,0,0,0,0,3,13,0,0,72,0,0,5,0,0,1,0,0,0,0,1,1,0,0,0,0,0,0,0,1,0,0,0,0,0,2,9,0,0,0,1,2,2,0,0,0,0,5,1,0,0,6,0,1,38,8,0,0,0,0,0,0,0,0,0,0,0,0,0,0,0,0,1,1,0,1,0,0,4,0,0
seatunnel-58444978c88143b393c9abf8cdbdd657fe7015e2,0,0,12,7,51,12,3,0,6,31,1,1,29,60,0,270,0,3,0,0,0,0,2,3,0,105,2,3,6,8,18,0,0,5,2,0,6,0,17,2,15,5,11,112,109,22,0,2,0,0,4,2,0,3,0,2,2,5,17,24,0,11,18,1,23,44,0,0,12,3,0,0,2,26,12,0,104,2,2,50,0,5,2,0,11,4,0,5,0,0,1,1,3,0,0,0,12,4,2,0,0,0,3,1,0,1,0,1,13,9,0,1,0,1,8,2,0,5,6,0,1,61,30,6,0,0,0,0,4,0,2,1,1,1,0,0,0,0,0,9,4,1,1,0,23,41,0,0
seatunnel-58584eefb1de838f937a0ba7e10b0759cde4ac12,0,0,8,9,62,15,3,0,6,41,0,1,26,71,0,250,0,4,0,0,0,2,4,4,0,108,2,4,4,4,17,0,0,4,2,1,10,1,7,3,20,3,6,87,120,30,0,0,0,0,2,2,0,2,1,1,5,9,22,23,0,6,25,1,29,42,1,0,13,3,0,0,4,32,14,0,121,2,2,59,0,4,1,0,8,4,0,5,0,0,3,0,3,0,0,1,11,2,1,0,0,0,3,7,0,1,0,2,15,10,0,1,0,1,7,2,0,5,5,0,1,57,31,6,0,0,0,0,4,0,2,1,1,0,0,3,0,0,0,7,8,1,0,0,35,70,1,0
seatunnel-588bed6b9c1acffd0bea232414a840a41cd716c3,0,0,9,8,59,15,3,0,6,42,0,1,27,74,0,249,0,4,0,0,0,2,4,4,0,105,2,3,5,4,17,0,0,4,2,1,10,1,5,3,20,3,6,85,124,27,0,0,0,0,2,2,0,3,1,1,5,9,19,23,0,7,24,1,28,42,1,0,13,3,0,0,4,27,15,0,97,2,2,61,0,4,1,0,8,4,0,5,0,0,3,0,3,0,0,1,11,4,1,0,0,0,3,7,0,1,0,2,15,10,0,1,1,1,7,2,0,5,5,0,1,54,30,7,0,0,0,0,4,0,2,1,1,1,0,3,0,0,0,7,8,1,0,0,35,65,1,0
seatunnel-589e4161ec810e1b8cd66b8e43314002a6244c06,0,0,8,9,61,15,3,0,6,47,0,1,27,78,0,125,2,4,0,0,0,0,5,4,1,108,3,4,4,4,18,0,0,4,2,0,9,1,7,3,20,2,6,88,120,38,0,0,1,0,4,2,0,3,1,1,7,9,25,21,0,6,24,1,33,42,1,0,14,3,0,0,4,32,14,0,121,3,2,61,0,4,1,0,8,4,0,5,0,0,3,0,3,0,0,1,10,2,1,0,0,0,4,7,0,0,0,2,19,10,0,1,0,1,8,2,0,5,5,0,1,61,32,6,0,0,0,1,4,0,5,1,1,0,0,3,0,0,0,7,8,1,0,0,35,70,1,0
seatunnel-58c64aab2a167c766d3d13352cfe236243d36fc8,0,0,8,5,44,11,1,0,0,24,1,1,14,41,0,250,0,3,0,0,0,0,4,3,0,69,1,1,2,8,14,0,0,1,0,1,5,2,3,2,8,4,6,84,95,10,0,2,0,0,4,2,0,2,0,2,0,1,18,19,0,5,6,0,8,3,0,0,4,0,0,0,2,16,5,0,79,0,0,31,0,1,1,1,6,3,0,15,0,0,2,1,0,0,0,0,5,4,1,0,0,0,2,16,0,0,0,0,6,9,0,0,0,0,4,0,0,3,17,0,0,41,12,0,0,0,0,0,4,0,1,1,0,0,0,0,0,0,0,6,2,0,1,0,12,26,0,0
seatunnel-58e56040bdddd51738f5ff397be69729841f0061,0,0,8,9,61,15,3,0,6,47,0,1,29,78,0,124,2,4,0,0,0,0,5,4,1,109,3,4,4,4,19,0,0,4,2,0,9,1,7,3,20,2,6,86,120,39,0,0,1,0,4,2,0,3,1,1,7,9,25,21,0,6,24,1,33,42,1,0,14,3,0,0,4,32,14,0,122,3,2,57,0,4,1,0,8,4,0,5,0,0,3,0,3,0,0,1,10,2,2,0,0,0,4,7,0,0,0,2,19,10,0,1,0,1,8,2,0,5,5,0,1,61,32,6,0,0,0,1,4,0,5,1,1,0,0,3,0,0,0,7,10,1,0,0,37,73,1,0
seatunnel-590693c7d021c8ee3f9464584035d13d13903ed0,5,2,5,5,0,0,0,0,4,0,0,1,13,22,0,6,0,4,186,0,1,0,2,8,1,4,1,0,4,0,2,1,0,0,0,0,1,0,2,2,5,0,0,17,11,10,0,0,0,0,14,13,1,0,0,0,10,0,1,1,0,0,6,0,0,4,0,0,0,0,0,0,4,5,2,3,8,0,0,3,1,0,1,0,0,0,0,0,1,6,1,0,0,0,0,0,147,0,0,0,0,0,2,6,0,0,3,0,6,5,1,0,0,0,5,1,4,0,1,0,8,52,42,0,0,0,0,1,0,1,0,0,7,0,0,0,0,0,0,1,2,0,0,0,0,4,0,2
seatunnel-590b47884b4995a55a8cd290733d3e7f6df07088,0,0,12,7,61,11,3,0,6,31,1,1,27,64,0,270,1,4,0,1,0,0,2,4,0,105,2,2,4,8,17,0,0,3,2,1,6,2,15,2,15,5,9,106,109,18,0,2,0,0,4,2,0,4,0,2,2,5,15,23,0,7,11,2,21,44,0,0,13,3,0,0,2,22,8,0,107,0,2,44,0,5,1,0,10,4,0,5,0,0,1,1,0,0,0,0,10,4,2,1,0,0,3,0,0,1,0,0,12,9,0,1,0,1,5,2,0,3,5,1,1,85,25,5,0,0,0,0,0,0,2,1,1,1,0,0,0,0,0,6,3,1,1,0,21,46,0,0
seatunnel-591eee144703959fc3821193091fb2bfb8b2896c,0,0,21,5,0,0,0,0,4,0,0,6,13,22,0,6,0,4,186,0,6,0,2,8,1,4,1,0,4,9,2,1,1,0,0,0,1,0,2,2,6,0,0,16,11,10,0,0,0,0,14,13,1,0,0,0,10,0,1,0,0,0,6,0,0,4,0,0,0,0,0,0,4,5,2,3,8,0,0,3,1,0,1,0,0,0,0,0,1,6,1,0,0,0,0,0,147,0,0,0,0,0,2,0,1,0,3,0,2,5,1,0,0,0,5,1,4,0,1,0,8,52,43,0,0,0,1,1,0,1,0,0,7,0,0,0,0,0,0,1,2,0,0,0,0,4,0,2
seatunnel-599772f8cd99ea490e415c9884aea724a7443b36,0,0,10,14,57,23,4,0,6,54,0,0,34,96,0,147,2,10,0,0,2,0,8,11,1,125,8,5,4,10,21,0,0,2,3,0,16,1,6,3,23,2,6,98,144,55,0,0,1,0,7,4,0,3,1,1,13,15,29,22,0,13,28,1,26,42,1,0,16,3,0,0,4,38,21,0,119,3,2,76,0,10,1,0,12,5,0,5,0,0,5,0,3,0,3,1,16,4,4,0,3,0,6,8,0,0,0,2,31,8,0,1,0,1,14,2,0,5,10,0,0,72,46,6,0,1,0,1,4,0,4,1,1,0,0,0,0,0,1,13,11,1,0,1,38,96,1,2
seatunnel-59abe4ad629e01b68e057a7dd6772ba26a155aaf,0,0,12,7,51,12,3,0,6,31,1,1,28,61,0,268,1,3,0,0,0,0,2,3,0,102,2,3,6,8,18,0,0,5,2,0,6,0,17,2,14,5,10,112,109,19,0,2,0,0,4,2,0,3,0,2,2,5,14,23,0,10,18,1,21,44,0,0,11,3,0,0,2,26,11,0,104,2,2,50,0,5,2,0,10,4,0,5,0,0,1,1,3,0,0,0,12,4,2,0,0,0,3,1,0,1,0,0,13,9,0,1,0,1,8,2,0,4,6,0,1,57,26,6,0,0,0,0,4,0,2,1,1,1,0,0,0,0,0,9,5,1,1,0,21,41,0,0
seatunnel-59b560545333d8347b4051c0f563c8a9cee8ce91,0,0,2,1,2,1,0,0,0,4,0,0,8,6,0,59,0,3,0,0,1,0,0,3,0,5,0,0,1,4,5,0,0,0,0,0,0,0,1,2,3,0,1,31,12,4,0,2,0,0,2,8,0,1,0,1,2,0,4,2,0,1,1,0,1,2,0,0,0,3,0,0,2,13,1,0,68,0,0,3,0,0,1,0,0,0,0,0,1,0,0,1,0,0,0,0,0,0,0,0,0,0,2,4,0,0,0,0,3,2,0,0,0,0,5,0,0,0,2,0,1,17,12,0,0,0,0,0,0,0,0,0,0,0,0,0,0,0,0,4,0,0,1,0,0,6,0,0
seatunnel-59ce8a2b321d6a5f0503eb78b7c5df43fd245782,0,0,8,2,28,7,1,0,0,18,0,1,13,27,0,184,0,3,0,0,0,0,1,3,0,62,1,1,1,8,11,0,0,1,0,1,5,0,1,2,6,4,6,68,95,11,0,2,0,0,4,2,0,2,0,2,0,1,12,13,0,6,4,0,8,3,0,0,2,0,0,0,2,14,6,0,92,0,0,21,0,1,1,1,0,2,0,6,0,0,2,1,0,0,0,0,2,4,1,0,0,0,0,15,0,0,0,0,5,9,0,0,0,0,1,0,0,3,12,0,0,22,8,0,0,0,0,0,0,0,1,0,0,0,0,0,0,0,0,7,0,0,1,0,10,19,0,0
seatunnel-59d65d6ac611c8e57ecabba9891b8ef93da1da6e,0,0,8,16,65,27,4,5,6,55,0,2,44,117,2,148,2,20,0,1,3,0,6,21,2,142,9,4,4,10,27,0,1,3,3,0,15,1,7,3,24,2,6,106,140,66,2,0,9,1,7,16,4,4,4,3,16,17,28,24,1,11,33,1,31,43,1,3,18,3,0,1,5,25,26,0,129,4,2,77,0,10,3,0,14,4,2,18,0,0,5,0,3,1,1,1,24,7,3,0,1,1,8,9,0,0,0,4,35,8,0,1,0,1,15,6,0,6,9,0,2,79,88,7,0,1,0,1,4,0,2,2,1,0,1,6,0,0,1,11,13,0,1,2,42,106,1,0
seatunnel-59db97ed3460819145f32737342cb31dea6188db,0,0,8,5,35,9,1,0,0,18,0,1,14,32,0,215,0,3,0,0,0,0,3,3,0,65,1,1,1,8,14,0,0,1,0,1,5,0,1,2,6,4,6,76,95,11,0,2,0,0,4,2,0,2,0,2,0,1,16,13,0,5,6,0,7,3,0,0,6,0,0,0,2,14,5,0,78,0,0,24,0,1,1,1,6,2,0,6,0,0,2,1,0,0,0,0,3,4,1,0,0,0,2,17,0,0,0,0,6,9,0,0,0,0,1,0,0,3,15,0,0,24,8,0,0,0,0,0,4,0,1,0,0,0,0,0,0,0,0,6,0,0,1,0,12,21,0,0
seatunnel-59e3ca533902c1206c4c5729ec3eae6b7959b81c,0,0,5,1,17,1,0,0,0,5,0,0,14,14,0,90,0,3,0,0,0,0,0,3,0,51,0,0,1,4,6,0,0,2,0,0,4,0,2,2,3,1,3,69,102,9,0,2,0,0,4,0,0,2,0,3,0,0,8,5,0,3,1,0,1,5,0,0,0,0,0,0,3,14,3,0,89,0,0,15,0,0,1,2,0,0,0,1,1,0,2,1,0,0,0,0,1,6,0,0,0,0,0,8,0,0,0,0,2,3,0,0,0,0,6,0,0,1,3,0,0,18,6,0,0,0,0,0,0,0,0,0,0,0,0,0,0,0,0,4,0,0,1,0,3,10,0,0
seatunnel-5a024bdf8f5c0014b117794e969ed280b25b92d5,0,0,10,10,58,16,4,0,6,46,0,1,32,83,0,127,2,4,0,0,0,0,6,4,1,111,7,4,4,4,19,0,0,4,2,0,12,1,7,3,24,2,6,90,120,47,0,0,1,0,4,2,0,3,1,1,8,8,28,21,0,8,25,1,30,42,1,0,16,3,0,0,4,36,16,0,125,4,2,60,0,10,1,0,8,5,0,5,0,0,3,0,3,0,0,1,10,2,2,0,0,0,4,7,0,0,0,2,20,10,0,1,0,1,9,2,0,5,9,0,1,62,35,6,0,1,0,1,4,0,4,1,1,0,0,0,0,0,0,8,14,1,0,0,37,85,1,0
seatunnel-5a12f6fe90f675f79bd9e4b68dc8e9586d290e79,0,0,1,0,0,0,0,0,0,3,0,0,8,18,0,16,0,0,0,0,1,0,2,0,0,4,1,0,1,0,4,0,0,0,0,0,0,0,1,3,3,0,0,26,11,5,0,0,0,0,2,8,0,0,0,0,2,0,1,0,0,0,2,0,0,0,0,0,0,0,0,0,3,11,1,0,6,0,0,2,0,0,1,0,0,0,0,1,1,0,0,0,0,0,0,0,0,0,0,0,0,0,2,7,0,0,0,1,2,2,0,0,0,0,5,1,0,1,5,0,0,45,8,0,0,0,0,0,0,0,0,0,0,0,0,0,0,0,0,2,1,0,1,0,0,4,0,0
seatunnel-5a17914a1e1b9a2daadc72764b31e01c2f070f79,0,0,5,5,0,0,0,0,4,3,0,0,13,28,0,17,0,4,0,0,1,0,2,8,1,4,1,0,4,0,2,1,0,0,0,0,1,0,2,2,5,1,0,20,11,11,0,0,0,0,13,13,0,0,0,0,10,0,1,1,0,0,5,0,0,4,0,0,0,0,0,0,4,5,4,4,8,0,0,2,1,0,2,0,0,0,0,1,1,6,1,0,0,0,0,0,152,0,0,0,0,0,2,6,0,0,0,0,7,5,1,0,0,0,5,1,4,1,1,0,2,51,39,0,0,0,0,1,0,1,0,0,7,0,0,0,0,0,0,2,2,0,0,0,0,4,0,2
seatunnel-5a2437c4d3ed996a528d50639c2439d70db8dabd,0,0,8,13,55,23,4,0,6,54,0,0,32,94,0,147,2,4,0,0,0,0,8,5,1,121,8,5,4,10,20,0,0,2,3,0,15,1,6,3,23,2,6,96,144,54,0,0,1,0,7,4,0,3,1,1,12,15,27,22,0,13,28,1,24,42,1,0,16,3,0,0,3,34,21,0,119,3,2,70,0,10,1,0,12,5,0,5,0,0,5,0,3,0,3,1,15,4,2,0,3,0,5,8,0,0,0,2,31,8,0,1,0,1,9,2,0,5,10,0,0,72,43,6,0,1,0,1,4,0,4,1,1,0,0,0,0,0,1,13,11,1,0,1,38,96,1,0
seatunnel-5a3a4c3200c346737b326b76a6a94238c584e8f1,0,0,1,0,1,0,0,0,0,3,0,0,8,7,0,18,0,2,0,0,1,0,3,2,0,3,1,0,1,0,6,0,0,0,0,0,0,0,1,4,2,0,0,33,12,5,0,0,0,0,2,8,0,0,0,0,2,0,1,0,0,0,1,0,0,0,0,0,0,0,0,0,3,13,0,0,70,0,0,5,0,0,1,0,0,0,0,1,1,0,0,0,0,0,0,0,0,0,0,0,0,0,2,9,0,0,0,1,2,2,0,0,0,0,5,1,0,0,6,0,1,43,8,0,0,0,0,0,0,0,0,0,0,0,0,0,0,0,0,1,1,0,1,0,0,4,0,0
seatunnel-5a972cbcadb60fb8574290583016df2c4de3484f,0,0,10,17,57,24,4,0,6,53,0,0,42,107,2,152,2,16,0,0,3,0,5,17,2,160,8,4,4,10,26,0,1,2,3,0,15,1,5,3,23,3,6,101,148,66,0,0,8,1,8,16,3,4,4,1,15,15,26,22,1,13,32,1,27,43,1,0,14,3,0,1,5,32,27,0,127,4,2,80,0,10,2,0,16,4,2,18,0,0,5,0,3,0,1,1,24,5,4,0,1,1,8,9,0,0,0,3,34,8,0,1,0,1,15,5,0,5,10,0,2,80,72,6,0,1,0,1,4,0,2,1,1,0,0,0,0,0,1,13,11,1,1,2,38,106,1,2
seatunnel-5aa79989fc3e618083e57b2f500f5b5e8b52846c,0,0,5,5,0,0,0,0,4,3,0,0,13,28,0,17,0,4,0,0,1,0,2,8,1,4,1,0,4,0,2,1,0,0,0,0,1,0,2,2,5,1,0,20,11,11,0,0,0,0,13,13,0,0,0,0,10,0,1,1,0,0,5,0,0,4,0,0,0,0,0,0,4,5,4,4,8,0,0,2,1,0,2,0,0,0,0,1,1,6,1,0,0,0,0,0,152,0,0,0,0,0,2,6,0,0,0,0,7,5,1,0,0,0,5,1,4,1,1,0,2,51,39,0,0,0,0,1,0,1,0,0,7,0,0,0,0,0,0,2,2,0,0,0,0,4,0,2
seatunnel-5aa7cdbd9fa6c0f25bb1d3f030c7960c6b054d84,0,0,10,16,56,25,4,0,6,53,0,0,41,103,2,154,2,14,0,0,2,0,5,15,2,160,8,4,4,10,25,0,1,2,3,0,15,1,5,3,24,3,6,101,148,65,0,0,8,1,7,8,3,4,4,1,13,15,26,23,1,13,31,1,27,42,1,0,14,3,0,1,5,32,25,0,123,4,2,84,0,10,2,0,16,4,0,18,0,0,5,0,3,0,1,1,16,5,4,0,1,1,5,9,0,0,0,3,33,8,0,1,0,1,15,5,0,5,10,0,1,79,63,6,0,1,0,1,4,0,2,1,1,0,0,0,0,0,1,13,10,1,1,2,38,102,1,2
seatunnel-5abeb45e32c44739384c20cecb02a9c55feb50be,0,0,8,5,39,11,1,0,0,18,1,1,14,38,0,226,0,3,0,0,0,0,4,3,0,67,1,1,2,8,14,0,0,1,0,1,5,1,3,2,8,4,6,77,95,10,0,2,0,0,4,2,0,2,0,2,0,1,16,19,0,5,6,0,7,3,0,0,4,0,0,0,2,15,5,0,78,0,0,25,0,1,1,1,6,2,0,8,0,0,2,1,0,0,0,0,4,4,1,0,0,0,2,16,0,0,0,0,6,9,0,0,0,0,4,0,0,3,15,0,0,42,9,0,0,0,0,0,4,0,1,0,0,0,0,0,0,0,0,6,2,0,1,0,12,26,0,0
seatunnel-5acda5a149c03bfbc83f3aada0665990d3e99c57,0,0,8,5,32,9,2,0,0,18,0,1,15,32,0,205,0,3,0,0,0,0,3,3,0,65,1,1,1,8,15,0,0,1,0,1,5,0,1,2,6,4,6,76,95,13,0,2,0,0,4,2,0,2,0,2,0,1,16,13,0,5,7,0,8,3,0,0,5,0,0,0,2,14,5,0,92,0,0,25,0,1,1,1,6,2,0,6,0,0,2,1,0,0,0,0,3,4,1,0,0,0,2,19,0,0,0,0,6,9,0,0,0,0,1,0,0,3,17,0,0,24,9,0,0,0,0,0,4,0,1,0,0,0,0,0,0,0,0,7,0,0,1,0,11,19,0,0
seatunnel-5ad69076b320ee61c6a355c6ad49a7c520af364f,0,0,12,7,64,11,3,0,6,30,1,1,26,64,0,270,1,4,0,0,0,0,2,4,0,105,2,2,4,8,17,0,0,3,2,1,6,2,15,2,15,5,8,106,109,18,0,2,0,0,4,2,0,4,0,2,2,5,15,23,0,7,11,2,21,44,0,0,23,3,0,0,2,22,8,0,85,0,0,43,0,5,1,0,10,4,0,17,0,0,1,1,0,0,0,0,11,4,1,1,0,0,3,14,0,1,0,0,13,9,0,1,0,1,5,2,0,3,13,1,1,85,25,5,0,0,0,0,0,0,2,1,1,1,0,0,0,0,0,6,3,1,1,0,21,46,0,0
seatunnel-5af632e32b9664cdb39041ccfa992d6deef28957,0,0,8,8,60,15,3,0,6,41,0,1,26,71,0,251,0,4,0,0,0,2,4,4,0,107,2,4,4,4,17,0,0,4,2,1,10,1,6,3,19,3,6,87,120,28,0,0,0,0,2,2,0,2,1,1,5,9,19,23,0,6,24,1,27,42,1,0,13,3,0,0,4,27,14,0,121,2,2,59,0,4,1,0,8,4,0,5,0,0,3,0,3,0,0,1,11,2,1,0,0,0,3,7,0,1,0,2,15,10,0,1,0,1,7,2,0,5,5,0,1,55,31,6,0,0,0,0,4,0,2,1,1,1,0,3,0,0,0,7,8,1,0,0,34,70,1,0
seatunnel-5afafb7ebbc80e6bdee42dd074cfa30f7fe10fb8,0,0,10,15,57,25,4,1,6,53,0,0,42,112,2,152,2,19,0,0,3,0,6,20,2,160,9,4,4,10,28,0,1,2,3,0,15,1,5,3,26,2,6,101,150,65,0,0,9,1,8,16,3,4,4,3,16,15,27,26,1,13,33,1,27,43,1,3,14,3,0,1,5,32,28,0,127,4,2,81,0,10,2,0,17,4,2,18,0,0,5,0,3,0,1,1,24,5,4,0,1,1,7,9,0,0,0,3,34,8,0,1,0,1,15,5,0,4,10,0,3,75,73,6,0,1,0,1,4,0,2,1,1,0,0,6,0,0,1,13,11,1,1,2,42,106,1,2
seatunnel-5b09e9c1bde47a8a514f3634121b3a2df6a9b74e,0,0,8,6,53,11,2,0,6,20,0,1,15,36,0,234,0,3,0,0,0,0,3,3,0,93,1,2,1,8,16,0,0,1,1,1,5,0,1,2,10,5,7,89,108,15,0,2,0,0,5,2,0,3,0,2,1,1,17,15,0,8,7,0,12,3,0,0,9,0,0,0,2,15,8,1,77,0,0,31,0,1,1,1,10,2,0,6,0,0,2,1,0,0,0,0,3,4,1,0,0,0,2,17,0,0,0,0,7,9,0,0,0,0,1,2,0,3,15,1,0,26,10,0,1,0,0,0,4,0,2,0,0,0,0,0,0,0,0,6,0,0,1,0,16,26,0,0
seatunnel-5b0a07b74e6d3ddcb57459543185c12ae99b458a,0,0,1,0,1,0,0,0,0,3,0,0,8,7,0,19,0,2,0,0,1,0,3,2,0,3,1,0,1,0,6,0,0,0,0,0,0,0,1,4,2,0,0,33,12,5,0,0,1,0,2,8,0,0,0,0,2,0,1,1,0,0,1,0,0,0,0,0,0,0,0,0,3,13,0,0,72,0,0,5,0,0,1,0,0,0,0,1,1,0,0,0,0,0,0,0,1,0,0,0,0,0,2,9,0,0,0,1,2,2,0,0,0,0,5,1,0,0,6,0,1,38,8,0,0,0,0,0,0,0,0,0,0,0,0,0,0,0,0,1,1,0,1,0,0,4,0,0
seatunnel-5b1a843e4008cb3d1531ccf3f313dfa4127214a9,0,0,8,16,57,26,4,2,6,55,0,1,41,115,2,149,2,20,0,1,3,0,6,21,2,142,9,4,4,10,30,0,1,3,3,0,15,1,8,3,25,2,6,102,140,65,2,0,9,1,7,16,3,4,4,3,15,17,26,24,1,11,33,1,31,43,1,3,19,3,0,1,5,33,26,0,127,4,2,75,0,10,3,0,14,4,2,18,0,0,5,0,3,1,1,1,24,7,3,0,1,1,8,9,0,0,0,4,35,8,0,1,0,1,15,6,0,6,9,0,2,75,80,7,0,1,0,1,4,0,2,2,1,0,1,6,0,0,1,11,13,1,1,2,42,107,1,0
seatunnel-5b3957bc52194ac4bb568a0291a0319fa4b28360,0,0,12,5,37,7,1,0,0,25,1,1,19,53,0,241,0,4,0,0,0,0,3,4,0,71,1,1,3,8,10,0,0,1,1,1,5,2,13,2,11,5,6,87,93,14,0,2,0,0,4,2,0,2,0,2,0,3,12,19,0,6,9,2,8,3,0,0,1,0,0,0,2,21,7,0,91,0,0,39,0,3,1,0,6,4,0,16,0,0,1,1,0,0,0,0,7,4,1,1,0,0,3,14,0,1,0,0,9,9,0,0,0,0,5,0,0,3,14,1,0,57,18,0,0,0,0,0,0,0,1,1,1,1,0,0,0,0,0,6,2,0,1,0,13,37,0,0
seatunnel-5b714f0c83dfa49492053acda6c2c1c13939aa98,0,0,5,1,2,1,0,0,0,5,0,0,5,9,0,67,0,3,0,0,0,0,1,3,0,6,1,1,1,4,5,0,0,0,0,0,0,0,1,2,3,0,0,37,12,5,0,2,0,0,3,0,0,1,0,1,0,1,3,3,0,1,0,0,1,2,0,0,0,3,0,0,2,13,1,0,68,0,0,9,0,0,1,0,0,0,0,2,0,0,0,1,0,0,0,0,0,1,1,0,0,0,0,7,0,0,0,0,5,3,0,0,0,0,6,0,0,0,5,0,0,20,6,0,0,0,0,0,0,0,0,0,0,0,0,0,0,0,0,4,0,0,1,0,0,5,0,0
seatunnel-5b7ef01af1390b4be41dda1ea990627f5b1eddb4,0,0,8,13,55,23,4,0,6,54,0,0,33,95,0,147,2,4,0,0,0,0,8,5,1,121,8,5,4,10,20,0,0,2,3,0,15,1,6,3,23,2,6,96,144,54,0,0,1,0,7,4,0,3,1,1,12,15,27,22,0,13,28,1,24,42,1,0,16,3,0,0,3,34,21,0,119,3,2,70,0,10,1,0,12,5,0,5,0,0,5,0,3,0,3,1,15,4,2,0,3,0,5,8,0,0,0,2,31,8,0,1,0,1,9,2,0,5,10,0,0,72,43,6,0,1,0,1,4,0,4,1,1,0,0,0,0,0,1,13,11,1,0,1,38,96,1,0
seatunnel-5b9033ecdadf8e6e2d680c9d45069def8baa3dc0,0,0,12,7,58,11,3,0,6,31,1,1,27,59,0,273,1,4,0,1,0,0,2,4,0,103,2,2,4,8,16,0,0,3,2,0,6,0,15,2,13,5,10,108,109,18,0,2,0,0,4,2,0,4,0,2,2,5,14,23,0,8,8,2,20,44,0,0,13,3,0,0,2,22,9,0,106,0,2,45,0,5,2,0,10,4,0,5,0,0,1,1,0,0,0,0,8,4,2,1,0,0,3,0,0,1,0,0,13,9,0,1,0,1,5,2,0,3,5,0,1,60,24,5,0,0,0,0,1,0,2,1,1,1,0,0,0,0,0,6,3,1,1,0,21,41,0,0
seatunnel-5bd96a5fc786fc91becf9142b4a78b404ea9acb2,0,0,12,7,55,10,2,0,0,25,1,1,15,50,0,284,0,3,0,0,0,0,4,3,0,73,1,1,3,8,17,0,0,1,0,1,5,2,12,2,11,4,6,93,95,13,0,2,0,0,4,2,0,2,0,2,0,2,26,19,0,8,7,0,8,3,0,0,3,0,2,0,2,21,11,0,89,0,0,37,0,3,1,1,6,4,0,15,0,1,1,1,0,0,0,0,8,4,1,1,0,0,0,18,0,1,0,0,12,9,0,0,0,0,8,0,0,3,19,1,0,46,18,0,0,0,0,0,0,0,1,1,0,1,0,2,0,0,0,6,2,0,1,0,13,33,0,0
seatunnel-5bfd508552b800edbd08b94dfd8c63b7976bae6b,0,0,14,7,53,12,3,0,6,40,1,1,29,70,0,280,0,4,0,0,0,2,3,4,0,105,2,3,6,8,18,0,0,5,2,1,8,0,9,5,18,5,11,115,108,27,0,2,0,0,4,2,0,3,0,2,3,12,17,26,0,10,24,1,27,44,0,0,11,3,0,0,2,30,11,0,105,2,2,53,0,5,2,0,11,4,0,5,0,0,1,1,3,0,0,0,12,4,2,0,0,0,3,2,0,1,0,2,18,10,0,1,0,1,8,2,0,5,7,0,1,61,32,6,0,0,0,0,4,0,2,1,1,1,0,0,0,0,0,11,4,1,1,0,23,43,1,0
seatunnel-5c28ac5aca588c9ce3002500ce60a5096997166c,0,0,5,1,2,1,0,0,0,5,0,0,5,9,0,67,0,3,0,0,0,0,1,3,0,6,1,1,1,4,5,0,0,0,0,0,0,0,1,2,3,0,0,37,12,5,0,2,0,0,3,0,0,1,0,1,0,1,3,3,0,1,0,0,1,2,0,0,0,3,0,0,2,13,1,0,68,0,0,9,0,0,1,0,0,0,0,2,0,0,0,1,0,0,0,0,0,1,1,0,0,0,0,7,0,0,0,0,5,3,0,0,0,0,6,0,0,0,5,0,0,20,6,0,0,0,0,0,0,0,0,0,0,0,0,0,0,0,0,4,0,0,1,0,0,5,0,0
seatunnel-5c3f0c9b002bcece57f1f8f654322e0005c6ca29,0,0,8,11,52,23,4,0,6,53,0,0,36,92,0,151,2,4,0,0,0,0,7,5,1,157,8,5,4,10,20,0,0,2,3,0,16,1,6,3,23,3,6,100,148,61,0,0,7,0,7,4,0,3,1,1,12,15,26,27,0,15,29,1,25,42,1,0,16,3,0,0,4,30,26,0,119,3,2,72,0,10,1,0,16,5,0,5,0,0,5,0,3,0,3,1,15,5,2,0,3,0,5,9,0,0,0,2,31,8,0,1,0,1,9,2,0,6,11,0,1,74,42,6,0,1,0,1,4,0,2,1,1,0,0,0,0,0,1,13,14,1,0,1,39,102,1,0
seatunnel-5c44cb6405d1f5e702eb8511e177689edf843077,0,0,5,5,0,0,0,0,4,0,0,0,13,22,0,6,0,4,0,0,1,0,2,8,1,4,1,0,4,0,2,1,0,0,0,0,1,0,2,2,5,0,0,17,11,10,0,0,0,0,13,13,0,0,0,0,10,0,1,1,0,0,5,0,0,4,0,0,0,0,0,0,4,5,3,4,8,0,0,3,1,0,1,0,0,0,0,0,1,6,1,0,0,0,0,0,147,0,0,0,0,0,2,6,0,0,0,0,6,5,1,0,0,0,5,1,4,0,1,0,2,52,38,0,0,0,0,1,0,1,0,0,7,0,0,0,0,0,0,1,2,0,0,0,0,4,0,2
seatunnel-5c4f17df202f765cdd323e9aca8888421e0c2c74,0,0,10,16,56,25,4,1,6,55,0,0,44,114,2,149,2,20,0,1,3,0,6,21,2,143,9,4,4,10,29,0,1,3,3,0,15,1,8,3,25,2,6,99,140,63,2,0,9,1,7,16,3,4,4,3,16,17,26,24,1,11,33,1,31,43,1,3,17,3,0,1,5,33,26,0,127,4,2,72,0,10,2,0,14,4,2,18,0,0,5,0,3,0,1,1,25,7,4,0,1,1,8,9,0,0,0,3,35,8,0,1,0,1,15,5,0,4,9,0,3,78,77,7,0,1,0,1,4,0,2,2,1,0,0,6,0,0,1,11,11,1,1,2,42,107,1,2
seatunnel-5c689e938f0edc6104ea0d80c7ffb2ee647b7c68,0,0,10,16,53,25,4,0,6,53,0,0,40,101,2,150,2,9,0,0,2,0,8,10,2,159,9,4,4,10,22,0,0,2,3,0,17,1,5,3,25,3,6,101,148,70,0,0,8,1,8,8,3,4,4,1,13,15,26,23,1,13,29,1,28,42,1,0,14,3,0,1,5,34,25,0,122,5,2,77,0,10,1,0,16,5,0,5,0,0,5,0,3,0,3,1,16,5,4,0,3,1,6,9,0,0,0,3,33,8,0,1,0,1,15,5,0,5,12,0,1,77,63,6,0,1,0,1,4,0,2,1,1,0,0,0,0,0,1,13,11,1,0,2,38,102,1,2
seatunnel-5c79e8e17ac5a2bc88c311ab7af58ef761c805be,0,0,14,8,54,12,3,0,6,40,1,1,29,72,0,292,0,4,0,0,0,2,3,4,0,105,2,3,6,8,18,0,0,5,2,1,8,1,9,5,18,5,11,116,108,27,0,2,0,0,4,2,0,3,0,2,3,10,17,26,0,10,24,1,27,44,0,0,11,3,0,0,2,38,11,0,105,2,2,56,0,5,2,0,11,4,0,5,0,0,1,1,3,0,0,0,12,4,2,0,0,0,4,2,0,1,0,2,16,10,0,1,0,1,8,2,0,5,7,0,1,63,33,6,0,0,0,0,4,0,2,1,1,1,0,0,0,0,0,11,4,1,1,0,23,45,1,0
seatunnel-5c7b1f6c821febd740917268a612430a5e634c0d,0,0,5,1,3,1,0,0,0,5,0,0,9,12,0,89,0,3,0,0,0,0,0,3,0,18,1,0,1,4,5,0,0,1,0,0,1,0,1,2,4,1,0,38,44,7,0,2,0,0,3,0,0,1,0,1,0,1,3,9,0,0,0,0,1,3,0,0,0,0,0,0,2,13,0,0,71,0,0,10,0,0,1,0,3,0,0,3,0,0,0,1,0,0,0,0,0,2,1,0,0,0,0,6,0,0,0,0,6,7,0,0,0,0,1,0,0,0,5,0,0,18,5,0,0,0,0,0,0,0,0,0,0,0,0,0,0,0,0,4,0,0,1,0,4,6,0,0
seatunnel-5ca46103f6bd3c2f856c4d6c949f667e26812691,0,0,12,7,58,11,3,0,6,31,1,1,27,58,0,270,1,3,0,1,0,0,2,3,0,103,2,3,4,8,16,0,0,3,2,0,6,0,15,2,13,5,10,108,109,18,0,2,0,0,4,2,0,4,0,2,2,5,14,23,0,8,8,0,20,44,0,0,13,3,0,0,2,22,9,0,104,0,2,45,0,5,2,0,10,4,0,5,0,0,1,1,0,0,0,0,8,4,2,1,0,0,3,0,0,1,0,0,13,9,0,1,0,1,5,2,0,3,5,0,1,60,24,5,0,0,0,0,4,0,2,1,1,1,0,0,0,0,0,6,5,1,1,0,21,41,0,0
seatunnel-5caccb1c22c5dd4c44732d7c8fe95a6cbcb89dec,0,0,12,7,52,12,3,0,6,31,1,1,29,64,0,272,0,4,0,0,0,0,2,4,0,106,2,3,6,8,18,0,0,5,2,0,6,0,18,5,15,5,11,114,108,23,0,2,0,0,4,2,0,3,0,2,2,5,17,24,0,10,24,1,23,44,0,0,11,3,0,0,2,26,11,0,104,2,2,51,0,5,2,0,11,4,0,5,0,0,1,1,3,0,0,0,13,4,2,0,0,0,3,1,0,1,0,2,11,9,0,1,0,1,8,2,0,5,6,0,1,61,31,6,0,0,0,0,4,0,2,1,1,1,0,0,0,0,0,11,4,1,1,0,23,41,0,0
seatunnel-5ce65e298c3b9b762922947a13e2b017751237ab,0,0,6,3,21,5,1,0,0,5,0,1,13,20,0,143,0,3,0,0,0,0,0,3,0,57,0,1,1,8,10,0,0,0,0,0,4,0,1,2,5,4,6,86,107,11,0,2,0,0,5,2,0,2,0,3,0,0,9,11,0,3,2,0,6,4,0,0,2,0,0,0,2,14,3,0,88,0,0,19,0,1,1,3,0,0,0,3,1,0,2,1,0,0,0,0,2,4,0,0,0,0,0,10,0,0,0,0,2,9,0,0,0,0,1,0,0,0,6,0,0,23,6,0,0,0,0,0,0,0,0,0,0,0,0,0,0,1,0,5,0,0,1,0,6,18,0,0
seatunnel-5cea18729f3366080ed7dccff2e0e7748b754007,0,0,21,5,0,0,0,0,4,0,0,6,13,22,0,6,0,4,186,0,6,0,2,8,1,4,1,0,4,9,2,1,1,0,0,0,1,0,2,2,5,0,0,16,11,10,0,0,0,0,14,13,1,0,0,0,10,0,1,1,0,0,6,0,0,4,0,0,0,0,0,0,4,5,2,3,8,0,0,3,1,0,1,0,0,0,0,0,1,6,1,0,0,0,0,0,147,0,0,0,0,0,2,5,1,0,3,0,2,5,1,0,0,0,5,1,4,0,1,0,8,52,43,0,0,0,1,1,0,1,0,0,7,0,0,0,0,0,0,1,2,0,0,0,0,4,0,2
seatunnel-5d187f69b7b3364269bf3f64a90548b353dcccce,0,0,14,8,54,12,3,0,6,40,1,1,31,74,0,299,0,4,0,0,0,2,4,4,0,108,2,3,6,8,18,0,0,5,2,1,8,1,6,5,19,5,11,117,122,28,0,2,0,0,4,2,0,3,0,2,3,10,18,26,0,9,24,1,29,44,1,0,11,3,0,0,3,38,9,0,105,2,2,61,0,5,2,0,11,4,0,5,0,0,1,1,3,0,0,1,12,5,2,0,0,0,3,2,0,1,0,2,16,10,0,1,0,1,8,2,0,5,7,0,1,62,33,6,0,0,0,0,4,0,2,1,1,1,0,0,0,0,0,11,5,1,1,0,31,47,1,0
seatunnel-5d24151172d40307f507d2df9678a81450a5a70f,0,0,8,11,55,23,4,0,6,53,0,0,37,90,0,151,2,4,0,0,0,0,7,5,1,155,8,5,4,10,20,0,0,2,3,0,16,1,6,3,23,3,6,96,148,59,0,0,5,0,7,4,0,3,1,1,12,15,27,27,0,15,28,1,25,42,1,0,16,3,0,0,4,34,26,0,119,3,2,72,0,10,1,0,14,5,0,5,0,0,5,0,3,0,3,1,15,5,2,0,3,0,5,9,0,0,0,2,31,8,0,1,0,1,9,2,0,6,11,0,1,73,42,6,0,1,0,1,4,0,2,1,1,0,0,0,0,0,1,13,14,1,0,1,38,102,1,0
seatunnel-5d8862ec9cc452f36df4abc4879dc9f835539edc,0,0,6,11,50,17,4,0,6,53,0,0,27,83,0,120,2,4,0,0,0,0,6,5,1,106,8,5,4,6,18,0,0,2,3,0,12,1,6,3,24,2,6,88,113,50,0,0,1,0,10,3,0,3,1,1,10,15,27,21,0,12,26,1,22,42,1,0,14,3,0,0,3,31,19,0,101,3,2,61,0,10,1,0,8,5,0,5,0,0,4,0,3,0,0,1,14,3,2,0,0,0,4,7,0,0,0,2,29,10,0,1,0,1,9,2,0,5,9,0,0,69,38,6,0,1,0,1,4,0,4,1,1,0,0,0,0,0,0,10,11,1,0,0,35,86,1,0
seatunnel-5d98e19efaa0065c8212ebd38356c7b0f375d673,0,0,5,5,0,0,0,0,4,0,0,0,13,27,0,8,0,4,0,0,1,0,2,8,1,4,1,0,4,0,3,1,0,0,0,0,1,0,2,2,4,0,0,17,11,10,0,0,0,0,13,13,0,0,0,0,10,0,1,1,0,0,5,0,0,4,0,0,0,0,0,0,4,5,4,4,8,0,0,3,1,0,1,0,0,0,0,0,1,6,1,0,0,0,0,0,147,0,0,0,0,0,2,6,0,0,0,0,7,5,1,0,0,0,5,1,4,0,1,0,2,48,38,0,0,0,0,1,0,1,0,0,7,0,0,0,0,0,0,1,2,0,0,0,0,4,0,2
seatunnel-5dae9c1ef0e1437e27b5e55b74f9b713f414449b,0,0,6,2,26,7,1,0,0,17,0,1,14,21,0,167,0,3,0,0,0,0,1,3,0,62,0,1,1,8,11,0,0,0,0,0,5,0,1,2,5,4,7,61,94,11,0,2,0,0,4,2,0,2,0,4,0,0,11,12,0,5,2,0,8,3,0,0,2,0,0,0,2,14,5,0,90,0,0,19,0,1,1,1,0,2,0,4,1,0,2,1,0,0,0,0,2,4,0,0,0,0,0,12,0,0,0,0,2,9,0,0,0,0,0,0,0,3,10,0,0,20,8,0,0,0,0,0,0,0,1,0,0,0,0,0,0,1,0,7,0,0,1,0,10,20,0,0
seatunnel-5db0445ce62d6e16ef09f13fef591d28a0ed6b38,0,0,5,5,0,0,0,0,4,0,0,0,13,27,0,8,0,4,0,0,1,0,2,8,1,4,1,0,4,0,3,1,0,0,0,0,1,0,2,2,4,0,0,17,11,10,0,0,0,0,13,13,0,0,0,0,10,0,1,1,0,0,5,0,0,4,0,0,0,0,0,0,4,5,4,4,8,0,0,3,1,0,1,0,0,0,0,0,1,6,1,0,0,0,0,0,147,0,0,0,0,0,2,6,0,0,0,0,7,5,1,0,0,0,5,1,4,0,1,0,2,48,38,0,0,0,0,1,0,1,0,0,7,0,0,0,0,0,0,1,2,0,0,0,0,4,0,2
seatunnel-5dbc2df17e3cdc0a1ded6a25a081b3dc30a449be,0,0,8,4,35,9,1,0,0,18,0,1,15,32,0,214,0,3,0,0,0,0,3,3,0,65,1,1,1,8,14,0,0,1,0,1,5,0,1,2,6,4,6,76,95,12,0,2,0,0,4,2,0,2,0,2,0,1,16,13,0,5,6,0,7,3,0,0,6,0,0,0,2,14,5,0,92,0,0,24,0,1,1,1,6,2,0,6,0,0,2,1,0,0,0,0,3,4,1,0,0,0,2,17,0,0,0,0,6,9,0,0,0,0,1,0,0,3,14,0,0,24,9,0,0,0,0,0,4,0,1,0,0,0,0,0,0,0,0,6,0,0,1,0,10,19,0,0
seatunnel-5e03d22d6cb5bfdaf941b7749e0a313bd6ab2f86,0,0,8,16,64,27,4,5,6,55,0,2,44,117,2,148,2,20,0,1,3,0,6,21,2,142,9,4,4,10,27,0,1,3,3,0,15,1,7,3,24,2,6,106,140,66,2,0,9,1,7,16,4,4,4,3,16,17,28,24,1,11,33,1,31,43,1,3,18,3,0,1,5,25,26,0,129,4,2,77,0,10,3,0,14,4,2,18,0,0,5,0,3,1,1,1,24,7,3,0,1,1,8,9,0,0,0,4,35,8,0,1,0,1,15,6,0,6,9,0,2,79,88,7,0,1,0,1,4,0,2,2,1,0,1,6,0,0,1,11,13,0,1,2,42,106,1,0
seatunnel-5e3f196e2962d6db43ca5029ffcb97e72ebe7ca0,0,0,10,9,61,15,4,0,6,47,0,1,31,80,0,124,2,4,0,0,0,0,6,4,1,109,5,4,4,4,19,0,0,4,2,0,11,1,7,3,22,2,6,95,120,47,0,0,1,0,4,2,0,3,1,1,8,9,24,21,0,7,26,1,32,42,1,0,16,3,0,0,4,36,15,0,122,4,2,59,0,10,1,0,8,5,0,5,0,0,3,0,3,0,0,1,10,2,2,0,0,0,4,7,0,0,0,2,20,10,0,1,0,1,8,2,0,5,9,0,1,61,35,6,0,1,0,1,4,0,4,1,1,0,0,3,0,0,0,8,14,1,0,0,37,84,1,0
seatunnel-5e4983206652ab59ff01bb71e33e61d037034797,0,0,8,9,62,15,3,0,6,47,0,1,27,77,0,134,2,4,0,0,0,1,5,4,0,107,3,4,4,4,18,0,0,4,2,0,9,1,7,3,20,2,6,88,120,38,0,0,1,0,4,2,0,3,1,1,7,9,25,21,0,6,24,1,32,42,1,0,14,3,0,0,4,32,14,0,121,3,2,59,0,4,1,0,8,4,0,5,0,0,3,0,3,0,0,1,11,2,1,0,0,0,4,7,0,0,0,2,19,10,0,1,0,1,8,2,0,5,5,0,1,61,32,6,0,0,0,1,4,0,5,1,1,0,0,3,0,0,0,7,8,1,0,0,35,70,1,0
seatunnel-5e5859546a720d720b9cabd4571aa2a4ac28ea62,0,0,10,15,56,25,4,1,6,55,0,0,44,112,2,149,2,20,0,1,3,0,6,21,2,143,9,4,4,10,28,0,1,3,3,0,15,1,8,3,25,2,6,99,140,63,0,0,9,1,7,16,3,4,4,3,16,17,26,24,1,11,33,1,28,43,1,3,15,3,0,1,5,33,26,0,127,4,2,71,0,10,2,0,14,4,2,18,0,0,5,0,3,0,1,1,25,5,4,0,1,1,7,8,0,0,0,3,35,8,0,1,0,1,15,5,0,4,9,0,3,74,73,7,0,1,0,1,4,0,2,1,1,0,0,6,0,0,1,11,11,1,1,2,42,105,1,2
seatunnel-5e7fc371d90f50e882d605e56d648872ce68ff62,0,0,1,0,1,0,0,0,0,3,0,0,8,7,0,25,0,3,0,0,1,0,1,3,0,3,1,0,1,0,5,0,0,6,0,0,0,0,1,2,2,0,0,25,8,2,0,2,2,0,2,8,0,0,0,0,2,0,5,2,0,0,1,0,0,0,0,0,0,0,0,0,2,14,0,0,72,0,0,6,0,0,1,0,0,0,0,0,1,0,0,1,0,0,0,0,0,0,0,0,0,0,2,4,0,0,0,1,2,2,0,0,0,0,5,0,0,0,3,0,1,12,12,0,0,0,0,0,0,0,0,0,0,0,0,0,0,0,0,1,0,0,1,0,0,4,0,0
seatunnel-5ebd7563fe8cf105b523d22076eea0f7ffcb592e,0,0,5,1,3,1,0,0,0,5,0,0,9,12,0,89,0,3,0,0,0,0,0,3,0,18,1,0,1,4,5,0,0,1,0,0,1,0,1,2,4,1,0,38,44,7,0,2,0,0,3,0,0,1,0,1,0,1,3,9,0,0,0,0,1,3,0,0,0,0,0,0,2,13,0,0,71,0,0,10,0,0,1,0,3,0,0,3,0,0,0,1,0,0,0,0,0,2,1,0,0,0,0,6,0,0,0,0,6,7,0,0,0,0,1,0,0,0,5,0,0,18,5,0,0,0,0,0,0,0,0,0,0,0,0,0,0,0,0,4,0,0,1,0,4,6,0,0
seatunnel-5ecdebf860a56ec0ddc085fe2b6d9c065e709642,0,0,4,1,11,1,0,0,0,4,0,0,11,10,0,87,0,3,0,0,0,0,0,3,0,48,0,0,1,4,6,0,0,2,0,0,2,0,2,2,5,1,3,57,98,8,0,2,0,0,4,0,0,1,0,3,0,0,6,5,0,3,1,0,1,4,0,0,0,0,0,0,3,14,3,0,71,0,0,15,0,0,1,2,0,0,0,1,1,0,2,1,0,0,0,0,1,4,0,0,0,0,0,6,0,0,0,0,2,3,0,0,0,0,6,0,0,1,3,0,0,18,5,0,0,0,0,0,0,0,0,0,0,0,0,0,0,0,0,4,0,0,1,0,2,10,0,0
seatunnel-5ef8e6f6d8fbc2dfdd7e83abe60c419391b4d701,0,0,1,0,0,0,0,0,0,3,0,0,8,18,0,16,0,0,0,0,1,0,2,0,0,4,1,0,1,0,4,0,0,0,0,0,0,0,1,3,3,0,0,26,11,5,0,0,0,0,2,8,0,0,0,0,2,0,1,0,0,0,2,0,0,0,0,0,0,0,0,0,3,11,1,0,6,0,0,2,0,0,1,0,0,0,0,1,1,0,0,0,0,0,0,0,0,0,0,0,0,0,2,7,0,0,0,1,2,2,0,0,0,0,5,1,0,1,5,0,0,45,8,0,0,0,0,0,0,0,0,0,0,0,0,0,0,0,0,2,1,0,1,0,0,4,0,0
seatunnel-5f098a06ec85ad4100598c4b5793ce8d0591f015,0,0,12,7,61,11,3,0,6,31,1,1,27,64,0,270,1,4,0,1,0,0,2,4,0,105,2,2,4,8,17,0,0,3,2,1,6,2,15,2,15,5,9,106,109,18,0,2,0,0,4,2,0,4,0,2,2,5,15,23,0,7,11,2,21,44,0,0,13,3,0,0,2,22,8,0,107,0,2,44,0,5,1,0,10,4,0,5,0,0,1,1,0,0,0,0,10,4,2,1,0,0,3,0,0,1,0,0,12,9,0,1,0,1,5,2,0,3,5,1,1,85,25,5,0,0,0,0,0,0,2,1,1,1,0,0,0,0,0,6,3,1,1,0,21,46,0,0
seatunnel-5f3ac019f7cb270a7c366fbbb5cf0c24fd501f73,0,0,1,0,1,0,0,0,0,3,0,0,8,7,0,18,0,2,0,0,1,0,3,2,0,3,1,0,1,0,6,0,0,0,0,0,0,0,1,4,2,0,0,33,12,5,0,0,0,0,2,8,0,0,0,0,2,0,1,0,0,0,2,0,0,0,0,0,0,0,0,0,3,13,1,0,70,0,0,5,0,0,1,0,0,0,0,1,1,0,0,0,0,0,0,0,0,0,0,0,0,0,2,9,0,0,0,1,2,2,0,0,0,0,5,1,0,0,6,0,1,46,8,0,0,0,0,0,0,0,0,0,0,0,0,0,0,0,0,1,1,0,1,0,0,4,0,0
seatunnel-5f4d2890c51fcd974436a79d4ee27adca303d9f8,0,0,12,7,51,11,2,0,0,25,1,1,15,50,0,303,0,3,0,0,0,0,5,3,0,74,1,1,3,8,17,0,0,1,0,1,5,2,11,2,11,4,7,93,95,13,0,2,0,0,4,2,0,2,0,2,0,2,24,19,0,7,8,0,8,3,0,0,3,0,2,0,2,21,9,0,89,0,0,40,0,3,1,1,6,3,0,15,0,1,2,1,0,0,0,0,8,4,1,1,0,0,2,20,0,1,0,0,12,9,0,0,0,0,6,0,0,3,22,1,0,42,18,0,0,0,0,0,4,0,1,1,0,1,0,2,0,0,0,6,2,0,1,0,13,34,0,0
seatunnel-5f614d1fdadce5500759124a4154ab33993b7787,0,0,21,5,0,0,0,0,4,0,0,6,13,22,0,6,0,4,186,0,6,0,2,8,1,4,1,0,4,9,2,1,1,0,0,0,1,0,2,2,5,0,0,16,11,10,0,0,0,0,14,13,1,0,0,0,10,0,1,1,0,0,6,0,0,4,0,0,0,0,0,0,4,5,2,3,8,0,0,3,1,0,1,0,0,0,0,0,1,6,1,0,0,0,0,0,147,0,0,0,0,0,2,5,1,0,3,0,2,5,1,0,0,0,5,1,4,0,1,0,8,52,43,0,0,0,1,1,0,1,0,0,7,0,0,0,0,0,0,1,2,0,0,0,0,4,0,2
seatunnel-5f79f45d22bbedc4a0f95ca1f251a217a7b4a23a,0,0,4,1,10,1,0,0,0,4,0,0,10,10,0,77,0,3,0,0,0,0,0,3,0,32,0,0,1,4,6,0,0,2,0,0,1,0,1,2,3,1,2,57,104,7,0,2,0,0,4,0,0,1,0,3,0,0,4,5,0,4,0,0,1,4,0,0,0,0,0,0,3,13,4,0,68,0,0,12,0,0,1,2,0,0,0,1,1,0,1,1,0,0,0,0,1,4,0,0,0,0,0,7,0,0,0,0,2,3,0,0,0,0,6,0,0,1,4,0,0,18,5,0,0,0,0,0,0,0,0,0,0,0,0,0,0,0,0,4,0,0,1,0,2,9,0,0
seatunnel-5fa746466941d871d4b1246b451f398416952541,0,0,1,0,0,0,0,0,0,0,0,0,8,6,0,5,0,0,20,0,0,1,0,0,0,3,0,0,0,0,1,0,0,0,0,0,0,0,2,1,3,0,0,10,11,1,0,0,0,0,3,0,2,0,0,0,0,0,1,0,0,0,0,0,0,0,0,0,0,0,0,0,1,0,0,0,7,0,0,3,0,0,0,0,0,0,0,0,1,3,0,0,0,0,0,0,0,0,0,0,0,0,0,1,0,0,0,0,0,2,0,0,0,0,4,0,0,0,1,0,0,33,2,0,0,0,0,0,0,0,0,0,0,0,0,0,0,0,0,1,0,0,0,0,0,3,0,0
seatunnel-5fbcb811c677e51969cd4e9ecb44dbdefb9c0922,0,0,8,5,45,11,1,0,0,24,1,1,14,44,0,262,0,3,0,0,0,0,4,3,0,72,1,1,2,8,14,0,0,1,0,1,5,2,3,2,8,4,6,84,95,10,0,2,0,0,4,2,0,2,0,2,0,1,18,19,0,5,6,0,8,3,0,0,4,0,0,0,2,16,5,0,79,0,0,31,0,1,1,1,6,3,0,15,0,0,2,1,0,0,0,0,5,4,1,0,0,0,2,16,0,0,0,0,6,9,0,0,0,0,4,0,0,3,17,0,0,41,14,0,0,0,0,0,4,0,1,1,0,0,0,0,0,0,0,6,2,0,1,0,12,26,0,0
seatunnel-5fc205b90deeda07c03131925be9f181cd6d4eff,0,0,8,4,35,9,1,0,0,18,0,1,15,32,0,216,0,3,0,0,0,0,3,3,0,65,1,1,1,8,14,0,0,1,0,1,5,0,1,2,6,4,6,76,95,12,0,2,0,0,4,2,0,2,0,2,0,1,16,13,0,5,6,0,7,3,0,0,6,0,0,0,2,14,5,0,92,0,0,24,0,1,1,1,6,2,0,6,0,0,2,1,0,0,0,0,3,4,1,0,0,0,2,17,0,0,0,0,6,9,0,0,0,0,1,0,0,3,15,0,0,24,9,0,0,0,0,0,4,0,1,0,0,0,0,0,0,0,0,6,0,0,1,0,12,19,0,0
seatunnel-6016100f123cbf32f8b945155aef6b578be462ec,0,0,12,7,61,11,3,0,6,31,1,1,27,64,0,270,1,4,0,1,0,0,2,4,0,105,2,2,4,8,17,0,0,3,2,1,6,2,15,2,15,5,9,106,109,18,0,2,0,0,4,2,0,4,0,2,2,5,15,23,0,7,11,2,21,44,0,0,13,3,0,0,2,22,8,0,85,0,0,43,0,5,1,0,10,4,0,5,0,0,1,1,0,0,0,0,11,4,1,1,0,0,3,0,0,1,0,0,12,9,0,1,0,1,5,2,0,3,5,1,1,85,25,5,0,0,0,0,0,0,2,1,1,1,0,0,0,0,0,6,3,1,1,0,21,46,0,0
seatunnel-6020c4a2995b930e9096a3572f5af7b697b9f5bb,0,0,12,7,51,12,3,0,6,31,1,1,29,60,0,271,0,3,0,0,0,0,2,3,0,105,2,3,6,8,18,0,0,5,2,0,6,0,17,2,15,5,11,112,109,22,0,2,0,0,4,2,0,3,0,2,2,5,17,24,0,11,18,1,23,44,0,0,12,3,0,0,2,26,12,0,104,2,2,50,0,5,2,0,11,4,0,5,0,0,1,1,3,0,0,0,12,4,2,0,0,0,3,1,0,1,0,1,13,9,0,1,0,1,8,2,0,5,6,0,1,61,30,6,0,0,0,0,4,0,2,1,1,1,0,0,0,0,0,11,4,1,1,0,23,41,0,0
seatunnel-605a0861c67c3bfb5d0ecc6456bf1fd7d7a582e5,0,0,6,3,21,5,1,0,0,5,0,1,13,20,0,143,0,3,0,0,0,0,0,3,0,57,0,1,1,8,10,0,0,0,0,0,4,0,1,2,5,4,6,86,107,11,0,2,0,0,5,2,0,2,0,3,0,0,9,11,0,3,2,0,6,4,0,0,2,0,0,0,2,14,3,0,88,0,0,19,0,1,1,3,0,0,0,3,1,0,2,1,0,0,0,0,2,4,0,0,0,0,0,10,0,0,0,0,2,9,0,0,0,0,1,0,0,0,6,0,0,23,6,0,0,0,0,0,0,0,0,0,0,0,0,0,0,1,0,5,0,0,1,0,6,18,0,0
seatunnel-608be51bc4f367b15b25447587c754304a5262de,0,0,12,7,57,12,3,0,6,31,1,1,28,60,0,271,1,3,0,1,0,0,2,3,0,105,2,3,4,8,16,0,0,3,2,0,6,0,15,2,13,5,10,112,109,18,0,2,0,0,4,2,0,4,0,2,2,5,13,23,0,8,9,0,21,44,0,0,13,3,0,0,2,27,9,0,104,0,2,49,0,5,2,0,10,4,0,5,0,0,1,1,0,0,0,0,8,4,2,0,0,0,3,0,0,1,0,0,13,9,0,1,0,1,5,2,0,3,5,0,1,60,25,5,0,0,0,0,4,0,2,1,1,1,0,0,0,0,0,6,5,1,1,0,21,41,0,0
seatunnel-6093c213bf366caea945d9867da3f0f8bb4787f7,0,0,10,9,64,15,4,0,6,47,0,1,31,79,0,124,2,5,0,0,0,0,5,5,1,110,5,4,4,4,18,0,0,4,2,0,9,1,7,3,21,2,6,95,120,42,0,0,1,0,4,2,0,3,1,1,7,9,24,21,0,7,26,1,32,42,1,0,16,3,0,0,4,32,15,0,122,3,2,60,0,10,1,0,8,4,0,5,0,0,3,0,3,0,0,1,10,2,2,0,0,0,4,7,0,0,0,2,20,10,0,1,0,1,8,2,0,5,6,0,1,61,34,6,0,0,0,1,4,0,4,1,1,0,0,3,0,0,0,7,11,1,0,0,37,81,1,0
seatunnel-609f587162a8970982e081bcfaa35c58bbf55a95,0,0,3,1,3,1,0,0,0,4,0,0,6,9,0,69,0,4,0,0,0,0,0,4,0,9,0,0,1,4,5,0,0,0,0,0,1,0,1,2,3,1,1,37,26,5,0,2,0,0,3,0,0,1,0,1,0,0,4,12,0,1,0,0,1,2,0,0,0,3,0,0,2,13,1,0,69,0,0,11,0,0,1,2,0,0,0,1,1,0,0,1,0,0,0,0,0,4,0,0,0,0,0,7,0,0,0,0,2,3,0,0,0,0,6,0,0,0,4,0,0,18,6,0,0,0,0,0,0,0,0,0,0,0,0,0,0,0,0,4,0,0,1,0,0,7,0,0
seatunnel-60b7796a3ec63b74bf252ce45d18a95e32e2f9a2,0,0,8,6,53,11,2,0,6,20,0,1,15,36,0,229,0,3,0,0,0,0,3,3,0,92,1,2,1,8,16,0,0,1,1,1,5,0,1,2,10,5,7,89,108,15,0,2,0,0,5,2,0,3,0,2,1,1,17,15,0,8,7,0,12,3,0,0,9,0,0,0,2,15,8,1,77,0,0,31,0,1,1,1,10,2,0,6,0,0,2,1,0,0,0,0,3,4,1,0,0,0,2,17,0,0,0,0,7,9,0,0,0,0,1,2,0,3,15,1,0,26,10,0,1,0,0,0,4,0,2,0,0,0,0,0,0,0,0,6,0,0,1,0,16,26,0,0
seatunnel-60cbeb08b65944219942c8984a19844947ec7f4a,0,0,10,15,57,25,4,1,6,54,0,0,44,112,2,152,2,21,0,1,3,0,6,22,2,161,9,4,4,10,28,0,1,2,3,0,15,1,5,3,25,2,6,101,150,65,0,0,9,1,8,16,3,4,4,3,16,16,27,26,1,13,33,1,27,43,1,3,14,3,0,1,5,33,28,0,131,4,2,81,0,10,2,0,17,4,2,18,0,0,5,0,3,0,1,1,24,5,4,0,1,1,7,9,0,0,0,3,35,8,0,1,0,1,15,5,0,4,10,0,3,75,73,6,0,1,0,1,4,0,2,1,1,0,0,6,0,0,1,13,11,1,1,2,42,106,1,2
seatunnel-60d0aaaa65c598d23e3ae0407545245aa508c36e,0,0,10,14,57,23,4,0,6,54,0,0,34,96,0,147,2,10,0,0,2,0,8,11,1,125,8,5,4,10,21,0,0,2,3,0,16,1,6,3,23,2,6,98,144,55,0,0,1,0,7,4,0,3,1,1,13,15,29,22,0,13,28,1,26,42,1,0,16,3,0,0,4,38,21,0,119,3,2,76,0,10,1,0,12,5,0,5,0,0,5,0,3,0,3,1,16,4,4,0,3,0,6,8,0,0,0,2,31,8,0,1,0,1,14,2,0,5,10,0,0,72,46,6,0,1,0,1,4,0,4,1,1,0,0,0,0,0,1,13,11,1,0,1,38,96,1,2
seatunnel-60ecc6428bbf9fd582ff9096f7d132d79ac32398,0,0,14,8,54,12,3,0,6,40,1,1,29,73,0,293,0,4,0,0,0,2,4,4,0,105,2,3,6,8,18,0,0,5,2,1,8,1,6,5,18,5,11,116,108,27,0,2,0,0,4,2,0,3,0,2,3,10,17,26,0,10,24,1,27,44,0,0,11,3,0,0,2,38,11,0,105,2,2,56,0,5,2,0,11,4,0,5,0,0,1,1,3,0,0,0,12,4,2,0,0,0,3,2,0,1,0,2,16,10,0,1,0,1,8,2,0,5,7,0,1,61,33,6,0,0,0,0,4,0,2,1,1,1,0,0,0,0,0,11,4,1,1,0,23,45,1,0
seatunnel-6101fcda061a3ed667237caab78a83734be3de97,0,0,8,16,64,26,4,4,6,55,0,1,44,117,2,148,2,20,0,1,3,0,5,21,2,142,9,4,4,10,27,0,1,3,3,0,15,1,7,3,25,2,6,106,140,65,2,0,9,1,7,16,4,4,4,3,16,17,28,24,1,11,33,1,31,43,1,3,19,3,0,1,5,25,26,0,129,4,2,77,0,10,3,0,14,4,2,18,0,0,5,0,3,1,1,1,24,7,3,0,1,1,8,9,0,0,0,4,35,8,0,1,0,1,15,6,0,6,9,0,2,79,86,7,0,1,0,1,4,0,2,2,1,0,1,6,0,0,1,11,13,0,1,2,42,106,1,0
seatunnel-6115ac44e8dec20a12caebabf32e3f3006127ad5,0,0,8,5,44,11,1,0,0,24,1,1,14,41,0,250,0,3,0,0,0,0,4,3,0,69,1,1,2,8,14,0,0,1,0,1,5,2,3,2,8,4,6,84,95,10,0,2,0,0,4,2,0,2,0,2,0,1,18,19,0,5,6,0,8,3,0,0,4,0,0,0,2,16,5,0,79,0,0,31,0,1,1,1,6,3,0,15,0,0,2,1,0,0,0,0,5,4,1,0,0,0,2,16,0,0,0,0,6,9,0,0,0,0,4,0,0,3,17,0,0,43,12,0,0,0,0,0,4,0,1,1,0,0,0,0,0,0,0,6,2,0,1,0,12,26,0,0
seatunnel-6129c025678ec25ee155d89084f52d324b9f364a,0,0,12,5,42,9,2,0,0,24,1,1,15,51,0,263,0,3,0,0,0,0,3,3,0,74,1,1,3,8,15,0,0,1,0,1,5,2,12,2,10,4,6,85,93,11,0,2,0,0,4,2,0,1,0,2,0,2,17,19,0,8,6,0,8,3,0,0,2,0,2,0,2,21,11,0,88,1,0,36,0,3,1,0,6,4,0,15,0,1,1,1,0,0,0,0,7,4,1,1,0,0,0,16,0,1,0,0,13,9,0,0,0,0,5,0,0,3,17,1,0,46,17,0,0,0,0,0,0,0,1,1,0,1,0,2,0,0,0,6,2,0,1,0,13,30,0,0
seatunnel-612d0297a09bc46e3fbd5f6cb2ee2ab43ea8c586,0,0,8,9,62,15,3,0,6,47,0,1,27,77,0,132,2,4,0,0,0,2,5,4,0,107,3,4,4,4,18,0,0,4,2,0,9,1,7,3,20,2,6,88,120,38,0,0,1,0,4,2,0,3,1,1,7,9,25,21,0,6,24,1,32,42,1,0,14,3,0,0,4,32,14,0,121,3,2,59,0,4,1,0,8,4,0,5,0,0,3,0,3,0,0,1,11,2,1,0,0,0,4,7,0,0,0,2,19,10,0,1,0,1,8,2,0,5,5,0,1,61,32,6,0,0,0,1,4,0,5,1,1,0,0,3,0,0,0,7,8,1,0,0,35,70,1,0
seatunnel-612ddebe48011a35754f4c7c9e0710b2168597a1,0,0,1,0,1,0,0,0,0,3,0,0,6,7,0,22,0,2,0,0,1,0,3,2,0,3,1,0,1,0,5,0,0,6,0,0,0,0,1,3,2,0,0,27,8,3,0,2,2,0,2,8,0,0,0,0,2,0,2,2,0,0,1,0,0,0,0,0,0,0,0,0,2,13,0,0,72,0,0,6,0,0,1,0,0,0,0,1,1,0,0,1,0,0,0,0,1,0,0,0,0,0,2,9,0,0,0,1,2,2,0,0,0,0,5,1,0,0,6,0,1,12,12,0,0,0,0,0,0,0,0,0,0,0,0,0,0,0,0,1,0,0,1,0,0,4,0,0
seatunnel-614cc4fd0de352d866d840f1803eda2bd3611959,0,0,2,1,4,1,0,0,0,4,0,0,7,4,0,60,0,3,0,0,0,0,0,3,0,4,0,0,1,4,5,0,0,0,0,0,0,0,1,2,3,0,1,31,12,4,0,2,0,0,1,0,0,1,0,1,0,0,4,2,0,1,0,0,1,2,0,0,0,3,0,0,2,13,1,0,68,0,0,7,0,0,1,0,0,0,0,0,1,0,0,1,0,0,0,0,0,0,0,0,0,0,0,5,0,0,0,0,2,2,0,0,0,0,5,0,0,0,2,0,0,15,5,0,0,0,0,0,0,0,0,0,0,0,0,0,0,0,0,4,0,0,1,0,0,6,0,0
seatunnel-61720306e7d24136fa7a688ff563b242fa36b593,0,0,12,5,37,7,1,0,0,25,1,1,19,53,0,240,0,4,0,0,0,0,3,4,0,71,1,1,3,8,10,0,0,1,1,1,5,2,13,2,11,5,6,87,93,14,0,2,0,0,4,2,0,2,0,2,0,3,12,19,0,6,9,2,8,3,0,0,1,0,0,0,2,21,7,0,88,0,0,39,0,3,1,0,6,4,0,16,0,0,1,1,0,0,0,0,7,4,1,1,0,0,3,14,0,1,0,0,9,9,0,0,0,0,5,0,0,3,14,1,0,57,21,0,0,0,0,0,0,0,1,1,1,1,0,0,0,0,0,6,2,0,1,0,13,36,0,0
seatunnel-617f6c3bda23aed923e6b0e8dbfa6c59e147fc5c,0,0,12,7,52,11,2,0,0,25,1,1,15,51,0,302,0,3,0,0,0,0,5,3,0,70,1,1,3,8,17,0,0,1,0,1,5,2,11,2,11,4,6,93,95,13,0,2,0,0,4,2,0,2,0,2,0,2,24,19,0,7,7,0,8,3,0,0,3,0,2,0,2,21,9,0,89,0,0,39,0,3,1,1,6,3,0,15,0,1,1,1,0,0,0,0,8,4,1,1,0,0,2,20,0,1,0,0,12,9,0,0,0,0,6,0,0,3,22,1,0,43,18,0,0,0,0,0,4,0,1,1,0,1,0,2,0,0,0,6,2,0,1,0,13,34,0,0
seatunnel-6193ceaec0ebb3b00a0e852485703f8674e9b52f,0,0,10,9,61,15,4,0,6,46,0,1,32,79,0,125,2,4,0,0,0,0,6,4,1,108,6,4,4,4,19,0,0,4,2,0,10,1,7,3,22,2,6,89,120,47,0,0,1,0,4,2,0,3,1,1,8,8,24,21,0,7,26,1,32,42,1,0,16,3,0,0,4,36,15,0,122,4,2,60,0,10,1,0,8,5,0,5,0,0,3,0,3,0,0,1,10,2,2,0,0,0,4,7,0,0,0,2,20,10,0,1,0,1,8,2,0,5,9,0,1,61,35,6,0,1,0,1,4,0,4,1,1,0,0,3,0,0,0,8,14,1,0,0,37,84,1,0
seatunnel-61eeb1a2e5a84807c0a54c653775bcc0452ffd02,0,0,1,0,1,0,0,0,0,3,0,0,8,7,0,18,0,2,0,0,1,0,3,2,0,3,1,0,1,0,6,0,0,0,0,0,0,0,1,4,2,0,0,33,12,5,0,0,0,0,2,8,0,0,0,0,2,0,1,0,0,0,2,0,0,0,0,0,0,0,0,0,3,13,1,0,70,0,0,5,0,0,1,0,0,0,0,1,1,0,0,0,0,0,0,0,0,0,0,0,0,0,2,9,0,0,0,1,2,2,0,0,0,0,5,1,0,0,6,0,1,46,8,0,0,0,0,0,0,0,0,0,0,0,0,0,0,0,0,1,1,0,1,0,0,4,0,0
seatunnel-625db5f17b5efe35453d403aeb8812e4b731208e,0,0,1,0,1,0,0,0,0,3,0,0,6,7,0,22,0,2,0,0,1,0,3,2,0,3,1,0,1,0,6,0,0,6,0,0,0,0,1,3,2,0,0,33,8,2,0,2,2,0,2,8,0,0,0,0,2,0,2,2,0,0,1,0,0,0,0,0,0,0,0,0,2,13,0,0,72,0,0,6,0,0,1,0,0,0,0,1,1,0,0,1,0,0,0,0,1,0,0,0,0,0,2,9,0,0,0,1,2,2,0,0,0,0,5,1,0,0,6,0,1,12,12,0,0,0,0,0,0,0,0,0,0,0,0,0,0,0,0,1,0,0,1,0,0,4,0,0
seatunnel-62b304ad9e3ada7d6785e36ca6d9ba581006365d,0,0,4,1,8,1,0,0,0,4,0,0,10,10,0,82,0,3,0,0,0,0,0,3,0,45,0,0,1,4,6,0,0,2,0,0,2,0,2,2,3,1,3,60,98,10,0,2,0,0,4,0,0,1,0,3,0,0,4,7,0,2,0,0,1,4,0,0,0,0,0,0,3,13,2,0,71,0,0,13,0,0,1,2,0,0,0,1,1,0,1,1,0,0,0,0,1,4,0,0,0,0,0,6,0,0,0,0,2,3,0,0,0,0,6,0,0,1,3,0,0,20,5,0,0,0,0,0,0,0,0,0,0,0,0,0,0,0,0,4,0,0,1,0,2,10,0,0
seatunnel-62b922b6146cfb3198720c3599bec5e0aab5ac39,0,0,4,1,11,1,0,0,0,4,0,0,12,10,0,88,0,3,0,0,0,0,0,3,0,48,0,3,1,4,6,0,0,2,0,0,3,0,2,2,5,1,3,57,98,8,0,2,0,0,4,0,0,1,0,3,0,0,6,5,0,3,1,0,1,4,0,0,0,0,0,0,3,14,3,0,71,0,0,15,0,0,1,2,0,0,0,1,1,0,2,1,0,0,0,0,1,4,0,0,0,0,0,6,0,0,0,0,2,3,0,0,0,0,6,0,0,1,3,0,0,18,5,0,0,0,0,0,0,0,0,0,0,0,0,0,0,0,0,4,0,0,1,0,2,10,0,0
seatunnel-62c8a1753dc9956c6aa2b76ba6bec1392700cc80,0,0,6,2,19,4,1,0,0,5,0,1,13,17,0,128,0,3,0,0,0,0,0,3,0,51,0,1,1,8,10,0,0,0,0,0,4,0,1,2,4,1,6,69,107,11,0,2,0,0,4,2,0,2,0,3,0,0,9,5,0,2,3,0,6,4,0,0,0,0,0,0,2,14,2,0,88,0,0,20,0,1,1,3,0,0,0,3,1,0,2,1,0,0,0,0,2,5,0,0,0,0,0,10,0,0,0,0,2,9,0,0,0,0,1,0,0,0,6,0,0,20,6,0,0,0,0,0,0,0,0,0,0,0,0,0,0,1,0,5,0,0,1,0,5,16,0,0
seatunnel-62ca0759155a5521c2996a0fe12441a264f6a10e,0,0,8,4,35,9,1,0,0,18,0,1,15,32,0,216,0,3,0,0,0,0,3,3,0,65,1,1,1,8,14,0,0,1,0,1,5,0,1,2,6,4,6,76,95,12,0,2,0,0,4,2,0,2,0,2,0,1,16,13,0,5,6,0,7,3,0,0,6,0,0,0,2,14,5,0,92,0,0,24,0,1,1,1,6,2,0,6,0,0,2,1,0,0,0,0,3,4,1,0,0,0,2,17,0,0,0,0,6,9,0,0,0,0,1,0,0,3,15,0,0,24,9,0,0,0,0,0,4,0,1,0,0,0,0,0,0,0,0,6,0,0,1,0,12,19,0,0
seatunnel-62d3468aef075d53aede6b9a15bd6f5f82ef2ace,0,0,6,1,17,4,0,0,0,5,0,0,14,14,0,93,0,3,0,0,0,0,0,3,0,49,0,0,1,8,6,0,0,0,0,0,5,0,2,2,3,1,3,69,102,10,0,2,0,0,4,0,0,2,0,3,0,0,8,5,0,2,1,0,1,4,0,0,0,0,0,0,2,14,2,0,89,0,0,14,0,0,1,2,0,0,0,1,1,0,2,1,0,0,0,0,1,6,0,0,0,0,0,8,0,0,0,0,2,3,0,0,0,0,6,0,0,1,3,0,0,18,6,0,0,0,0,0,0,0,0,0,0,0,0,0,0,0,0,4,0,0,1,0,3,10,0,0
seatunnel-630bc3198a18d62940750145558c7912e9fc39e5,0,0,1,0,0,0,0,0,0,3,0,0,8,18,0,16,0,0,0,0,1,0,2,0,0,4,1,0,1,0,4,0,0,0,0,0,0,0,1,3,2,0,0,26,11,5,0,0,0,0,2,8,0,0,0,0,2,0,1,0,0,0,2,0,0,0,0,0,0,0,0,0,3,11,1,0,6,0,0,2,0,0,1,0,0,0,0,1,1,0,0,0,0,0,0,0,0,0,0,0,0,0,2,7,0,0,0,1,2,2,0,0,0,0,5,1,0,1,5,0,1,46,8,0,0,0,0,0,0,0,0,0,0,0,0,0,0,0,0,2,1,0,1,0,0,4,0,0
seatunnel-630e88479138e54224227e2fa974835a23b4bb31,0,0,14,7,54,12,3,0,6,40,1,1,29,70,0,281,0,4,0,0,0,2,3,4,0,105,2,3,6,8,18,0,0,5,2,1,8,0,9,5,18,5,11,115,108,27,0,2,0,0,4,2,0,3,0,2,3,12,17,26,0,10,24,1,27,44,0,0,11,3,0,0,2,30,11,0,105,2,2,53,0,5,2,0,11,4,0,5,0,0,1,1,3,0,0,0,12,4,2,0,0,0,3,2,0,1,0,2,18,10,0,1,0,1,8,2,0,5,7,0,1,61,32,6,0,0,0,0,4,0,2,1,1,1,0,0,0,0,0,11,4,1,1,0,23,45,1,0
seatunnel-63103c47bb11b1ec3bc4772afa4981c87a343839,0,0,3,1,2,1,0,0,0,4,0,0,4,8,0,62,0,3,0,0,0,0,0,3,0,5,1,0,1,4,4,0,0,0,0,0,0,0,1,2,3,0,1,37,12,5,0,2,0,0,3,0,0,1,0,1,0,0,3,2,0,1,0,0,1,2,0,0,0,3,0,0,2,13,1,0,68,0,0,8,0,0,1,0,0,0,0,1,1,0,0,1,0,0,0,0,0,1,0,0,0,0,0,7,0,0,0,0,3,3,0,0,0,0,5,0,0,0,5,0,0,20,6,0,0,0,0,0,0,0,0,0,0,0,0,0,0,0,0,4,0,0,1,0,0,5,0,0
seatunnel-631509293037f3c6d7ef5ce6df53070f28e8d78f,0,0,12,7,49,11,2,0,0,25,1,1,15,49,0,302,0,3,0,0,0,0,5,3,0,73,1,1,3,8,17,0,0,1,0,1,5,2,4,2,10,4,7,93,95,13,0,2,0,0,4,2,0,2,0,2,0,2,22,19,0,6,8,0,8,3,0,0,3,0,2,0,2,21,7,0,88,0,0,40,0,3,1,1,6,3,0,15,0,1,2,1,0,0,0,0,8,4,1,1,0,0,2,20,0,1,0,0,12,9,0,0,0,0,6,0,0,3,22,0,0,42,18,0,0,0,0,0,4,0,1,1,0,1,0,2,0,0,0,6,2,0,1,0,13,34,0,0
seatunnel-631db15fef26ad9c28d1f18fff1c1f1ce00066d0,0,0,1,0,1,0,0,0,0,3,0,0,8,7,0,18,0,2,0,0,1,0,3,2,0,3,1,0,1,0,6,0,0,0,0,0,0,0,1,4,2,0,0,33,12,5,0,0,0,0,2,8,0,0,0,0,2,0,1,0,0,0,1,0,0,0,0,0,0,0,0,0,3,13,0,0,70,0,0,5,0,0,1,0,0,0,0,1,1,0,0,0,0,0,0,0,0,0,0,0,0,0,2,9,0,0,0,1,2,2,0,0,0,0,5,1,0,0,6,0,1,43,8,0,0,0,0,0,0,0,0,0,0,0,0,0,0,0,0,1,1,0,1,0,0,4,0,0
seatunnel-636e7607a9bd76e5f5d4b1e223f50456d66f3f29,0,0,1,0,1,0,0,0,0,3,0,0,8,7,0,18,0,2,0,0,1,0,3,2,0,3,1,0,1,0,6,0,0,0,0,0,0,0,1,4,2,0,0,33,12,5,0,0,0,0,2,8,0,0,0,0,2,0,1,0,0,0,1,0,0,0,0,0,0,0,0,0,3,13,0,0,70,0,0,5,0,0,1,0,0,0,0,1,1,0,0,0,0,0,0,0,0,0,0,0,0,0,2,9,0,0,0,1,2,2,0,0,0,0,5,1,0,0,6,0,1,43,8,0,0,0,0,0,0,0,0,0,0,0,0,0,0,0,0,1,1,0,1,0,0,4,0,0
seatunnel-638e2bb3435c73ca2f2b3e6b38bb1cde87becfad,0,0,21,5,0,0,0,0,4,0,0,6,13,22,0,6,0,4,186,0,6,0,2,8,1,4,1,0,4,9,2,1,1,0,0,0,1,0,2,2,5,0,0,16,11,10,0,0,0,0,14,13,1,0,0,0,10,0,1,1,0,0,6,0,0,4,0,0,0,0,0,0,4,5,2,3,8,0,0,3,1,0,1,0,0,0,0,0,1,6,1,0,0,0,0,0,147,0,0,0,0,0,2,5,1,0,3,0,2,5,1,0,0,0,5,1,4,0,1,0,8,52,43,0,0,0,1,1,0,1,0,0,7,0,0,0,0,0,0,1,2,0,0,0,0,4,0,2
seatunnel-63befd5cb1b14d9c893c28d3d89ac28c3282f532,0,0,3,1,2,1,0,0,0,4,0,0,4,8,0,66,0,3,0,0,0,0,0,3,0,5,1,0,1,4,4,0,0,0,0,0,0,0,1,2,3,0,1,37,12,5,0,2,0,0,3,0,0,1,0,1,0,0,3,2,0,1,0,0,1,2,0,0,0,3,0,0,2,13,1,0,68,0,0,8,0,0,1,0,0,0,0,2,1,0,0,1,0,0,0,0,0,1,0,0,0,0,0,7,0,0,0,0,3,3,0,0,0,0,5,0,0,0,5,0,0,20,6,0,0,0,0,0,0,0,0,0,0,0,0,0,0,0,0,4,0,0,1,0,0,5,0,0
seatunnel-63dd9d074d626e602bfd780540b0a3ba2f6c25cc,0,0,12,7,51,12,3,0,6,31,1,1,28,61,0,271,1,3,0,0,0,0,2,3,0,102,2,3,4,8,16,0,0,3,2,0,6,0,16,2,13,5,10,112,109,19,0,2,0,0,4,2,0,3,0,2,2,5,13,23,0,8,9,0,21,44,0,0,11,3,0,0,2,26,9,0,104,0,2,50,0,5,2,0,9,4,0,5,0,0,1,1,0,0,0,0,7,4,2,0,0,0,3,0,0,1,0,0,13,9,0,1,0,1,5,2,0,3,5,0,1,57,25,5,0,0,0,0,4,0,2,1,1,1,0,0,0,0,0,7,5,1,1,0,21,41,0,0
seatunnel-642901f0a22accb46571bd36dcc1c422e0f77197,0,0,10,14,53,25,4,0,6,53,0,0,39,97,0,152,2,9,0,0,2,0,8,10,2,163,9,5,4,10,21,0,0,2,3,0,17,1,5,3,24,3,6,100,148,65,0,0,8,0,8,4,0,3,1,1,13,15,29,23,0,13,29,1,27,42,1,0,15,3,0,0,5,34,26,0,122,5,2,77,0,10,1,0,16,5,0,5,0,0,5,0,3,0,3,1,16,5,4,0,3,0,7,9,0,0,0,3,31,8,0,1,0,1,15,2,0,5,13,0,1,76,48,6,0,1,0,1,4,0,2,1,1,0,0,0,0,0,1,13,11,1,0,2,38,102,1,2
seatunnel-64695611545fc459f9d0aa802dbb74ac29351a9d,0,0,1,0,7,0,0,0,0,3,0,0,8,18,0,18,0,2,0,0,1,0,3,2,0,3,1,0,1,0,5,0,0,0,0,0,0,0,1,4,3,0,0,33,12,5,0,0,0,0,3,8,0,0,0,0,2,0,7,0,0,0,2,0,0,0,0,0,0,0,0,0,3,13,1,0,66,0,0,5,0,0,1,0,0,0,0,1,1,0,0,0,0,0,0,0,0,0,0,0,0,0,2,9,0,0,0,1,2,2,0,0,0,0,5,1,0,0,6,0,1,46,8,0,0,0,0,0,0,0,0,0,0,0,0,0,0,0,0,2,1,0,1,0,0,4,0,0
seatunnel-64760eed4d532690989042ea37959edddc7749d5,0,0,10,16,57,25,4,1,6,55,0,1,44,114,2,149,2,20,0,1,3,0,6,21,2,143,9,4,4,10,29,0,1,3,3,0,15,1,8,3,25,2,6,101,140,64,2,0,9,1,7,16,3,4,4,3,16,17,26,24,1,11,33,1,31,43,1,3,17,3,0,1,5,33,26,0,127,4,2,72,0,10,2,0,14,4,2,18,0,0,5,0,3,0,1,1,25,7,4,0,1,1,8,9,0,0,0,3,35,8,0,1,0,1,15,5,0,6,9,0,2,78,77,7,0,1,0,1,4,0,2,2,1,0,0,6,0,0,1,11,11,1,1,2,42,107,1,2
seatunnel-64f513e82ba7048180d6a424a33c9720e7ba4678,0,0,2,1,4,1,0,0,0,4,0,0,7,5,0,60,0,3,0,0,0,0,0,3,0,5,0,0,1,4,5,0,0,0,0,0,0,0,1,2,3,0,1,37,12,5,0,2,0,0,3,0,0,1,0,1,0,0,4,2,0,1,0,0,1,2,0,0,0,3,0,0,2,13,1,0,68,0,0,8,0,0,1,0,0,0,0,0,1,0,0,1,0,0,0,0,0,1,0,0,0,0,0,7,0,0,0,0,2,3,0,0,0,0,5,0,0,0,4,0,0,15,6,0,0,0,0,0,0,0,0,0,0,0,0,0,0,0,0,4,0,0,1,0,0,6,0,0
seatunnel-64ffa1f9171b9685e62ae70de8c0236243e1b45b,0,0,10,9,63,15,3,0,6,47,0,1,29,78,0,124,2,5,0,0,0,0,5,5,1,110,5,4,4,4,18,0,0,4,2,0,9,1,7,3,21,2,6,94,120,40,0,0,1,0,4,2,0,3,1,1,7,9,24,21,0,7,26,1,32,42,1,0,14,3,0,0,4,32,15,0,122,3,2,60,0,4,1,0,8,4,0,5,0,0,3,0,3,0,0,1,10,2,2,0,0,0,4,7,0,0,0,2,19,10,0,1,0,1,8,2,0,5,6,0,1,61,33,6,0,0,0,1,4,0,5,1,1,0,0,3,0,0,0,7,10,1,0,0,37,75,1,0
seatunnel-6506e306ebca5b1cf956dc0f53e4683c907db76f,0,0,12,7,51,12,3,0,6,31,1,1,28,61,0,271,1,3,0,0,0,0,2,3,0,103,2,3,4,8,16,0,0,3,2,0,6,0,16,2,13,5,10,112,109,19,0,2,0,0,4,2,0,3,0,2,2,5,13,23,0,8,9,0,21,44,0,0,11,3,0,0,2,26,9,0,104,0,2,50,0,5,2,0,9,4,0,5,0,0,1,1,0,0,0,0,7,4,2,0,0,0,3,0,0,1,0,0,13,9,0,1,0,1,5,2,0,3,5,0,1,57,25,5,0,0,0,0,4,0,2,1,1,1,0,0,0,0,0,7,5,1,1,0,21,41,0,0
seatunnel-651c2460d1b9a5a56ffc1d689081008b0f4f7330,0,0,8,5,56,13,3,0,6,22,0,1,20,38,0,240,1,3,0,0,0,0,3,3,0,99,2,2,2,8,19,0,0,1,1,1,6,0,2,2,9,6,8,94,108,16,0,2,0,0,4,2,0,3,0,2,2,1,13,17,0,7,8,0,20,3,0,0,26,0,0,0,2,15,7,0,77,0,0,28,0,3,1,1,10,2,0,6,0,0,2,1,0,0,0,0,4,4,1,0,0,0,2,17,0,0,0,0,7,9,0,1,0,0,1,2,0,3,15,0,0,41,13,5,0,0,0,0,4,0,2,0,0,0,0,0,0,0,0,6,1,1,1,0,20,29,0,0
seatunnel-6567b326f036a7fe39ad227fdd8e682321b779bd,0,0,17,0,0,0,0,0,0,0,0,0,7,9,0,4,0,0,28,0,0,1,1,0,0,3,0,0,0,0,1,1,0,0,0,0,0,0,1,2,5,0,0,17,11,5,0,0,0,0,1,0,1,0,0,0,0,0,0,0,0,0,0,0,0,0,0,0,0,0,0,0,2,1,0,0,6,0,0,3,0,0,0,0,0,0,0,0,1,0,0,0,0,0,0,0,0,0,0,0,0,0,0,0,0,0,0,0,0,2,1,0,0,0,5,1,0,0,0,0,0,44,3,0,0,0,0,0,0,0,0,0,0,0,0,0,0,0,0,1,1,0,0,0,0,4,0,0
seatunnel-656c129ac42c8e43b89dfa210e0fc1fad9f1524f,0,0,5,5,0,0,0,0,4,0,0,0,13,27,0,8,0,4,0,0,1,0,2,8,1,4,1,0,4,0,3,1,0,0,0,0,1,0,2,2,5,0,0,17,11,10,0,0,0,0,13,13,0,0,0,0,10,0,1,1,0,0,5,0,0,4,0,0,0,0,0,0,4,5,4,4,8,0,0,3,1,0,1,0,0,0,0,0,1,6,1,0,0,0,0,0,147,0,0,0,0,0,2,6,0,0,0,0,7,5,1,0,0,0,5,1,4,0,1,0,2,48,38,0,0,0,0,1,0,1,0,0,7,0,0,0,0,0,0,1,2,0,0,0,0,4,0,2
seatunnel-65a92f24965ac17d1adec3dc475206ede5dcd7b4,0,0,8,6,46,11,1,0,0,24,1,1,14,47,0,278,0,3,0,0,0,0,4,3,0,73,1,1,3,8,14,0,0,1,0,1,5,2,3,2,9,4,6,91,95,10,0,2,0,0,4,2,0,2,0,2,0,1,17,19,0,6,6,0,8,3,0,0,4,0,0,0,2,18,7,0,80,0,0,34,0,1,1,1,6,3,0,15,0,0,2,1,0,0,0,0,5,4,1,1,0,0,2,16,0,0,0,0,6,9,0,0,0,0,5,0,0,3,17,0,0,40,14,0,0,0,0,0,4,0,1,1,0,0,0,0,0,0,0,6,2,0,1,0,12,31,0,0
seatunnel-65f5a1653bb7d559f76ca85cbfdc6dd485c95e45,0,0,8,13,55,23,4,0,6,54,0,0,33,94,0,147,2,4,0,0,0,0,8,5,1,121,8,5,4,10,20,0,0,2,3,0,15,1,6,3,23,2,6,96,144,54,0,0,1,0,7,4,0,3,1,1,12,15,27,22,0,13,28,1,24,42,1,0,16,3,0,0,3,34,21,0,119,3,2,70,0,10,1,0,12,5,0,5,0,0,5,0,3,0,3,1,15,4,2,0,3,0,5,8,0,0,0,2,31,8,0,1,0,1,9,2,0,5,10,0,0,72,43,6,0,1,0,1,4,0,4,1,1,0,0,0,0,0,1,13,11,1,0,1,38,96,1,0
seatunnel-660a19efd7ec7cfc6745b995a8054a63b5aaffad,0,0,8,9,62,15,3,0,6,47,0,1,27,77,0,134,2,4,0,0,0,1,5,4,0,107,3,4,4,4,18,0,0,4,2,0,9,1,7,3,20,2,6,88,120,38,0,0,1,0,4,2,0,3,1,1,7,9,25,21,0,6,24,1,32,42,1,0,14,3,0,0,4,32,14,0,121,3,2,59,0,4,1,0,8,4,0,5,0,0,3,0,3,0,0,1,11,2,1,0,0,0,4,7,0,0,0,2,19,10,0,1,0,1,8,2,0,5,5,0,1,61,32,6,0,0,0,1,4,0,5,1,1,0,0,3,0,0,0,7,8,1,0,0,35,70,1,0
seatunnel-660d7158958bac1a5412c97d4420501f50324e47,0,0,1,0,1,0,0,0,0,3,0,0,6,7,0,22,0,2,0,0,1,0,3,2,0,3,1,0,1,0,5,0,0,6,0,0,0,0,1,3,2,0,0,34,8,3,0,2,2,0,2,8,0,0,0,0,2,0,2,2,0,0,1,0,0,0,0,0,0,0,0,0,2,13,0,0,72,0,0,6,0,0,1,0,0,0,0,1,1,0,0,1,0,0,0,0,1,0,0,0,0,0,2,9,0,0,0,1,2,2,0,0,0,0,5,1,0,0,6,0,1,12,12,0,0,0,0,0,0,0,0,0,0,0,0,0,0,0,0,1,0,0,1,0,0,4,0,0
seatunnel-661f8d506a36db082362f22aed8ebf5446d143fe,0,0,4,1,9,1,0,0,0,4,0,0,10,10,0,76,0,3,0,0,0,0,0,3,0,35,0,0,1,4,6,0,0,2,0,0,1,0,2,2,3,1,2,57,104,7,0,2,0,0,4,0,0,1,0,3,0,0,4,5,0,4,0,0,1,4,0,0,0,0,0,0,3,13,4,0,68,0,0,12,0,0,1,2,0,0,0,1,1,0,1,1,0,0,0,0,1,4,0,0,0,0,0,7,0,0,0,0,2,3,0,0,0,0,6,0,0,1,4,0,0,18,5,0,0,0,0,0,0,0,0,0,0,0,0,0,0,0,0,4,0,0,1,0,2,9,0,0
seatunnel-6632a4047373cf64c2fb44bcdff671c378eb2534,0,0,8,12,52,23,4,0,6,53,0,0,36,93,0,151,2,4,0,0,0,0,7,5,1,155,8,5,4,10,20,0,0,2,3,0,16,1,6,3,23,3,6,100,148,61,0,0,7,0,7,4,0,3,1,1,12,15,26,27,0,15,29,1,25,42,1,0,16,3,0,0,4,30,26,0,119,3,2,72,0,10,1,0,16,5,0,5,0,0,5,0,3,0,3,1,15,5,2,0,3,0,5,9,0,0,0,3,31,8,0,1,0,1,9,2,0,6,11,0,1,74,42,6,0,1,0,1,4,0,2,1,1,0,0,0,0,0,1,13,14,1,0,2,39,102,1,0
seatunnel-66441942f19cefc11532ff9b5be0d11dcb14e606,0,0,7,11,54,19,4,0,6,53,0,0,31,90,0,126,2,4,0,0,0,0,8,5,1,111,8,5,4,6,20,0,0,2,3,0,13,1,6,3,22,2,6,95,125,52,0,0,1,0,6,4,0,3,1,1,11,15,27,22,0,12,28,1,22,42,1,0,15,3,0,0,3,33,20,0,119,3,2,68,0,10,1,0,10,5,0,5,0,0,4,0,3,0,3,1,15,4,2,0,3,0,5,8,0,0,0,2,30,8,0,1,0,1,9,2,0,5,10,0,0,72,42,6,0,1,0,1,4,0,4,1,1,0,0,0,0,0,1,13,11,1,0,1,38,94,1,0
seatunnel-6672e940773224d0b4c6bc40a789126cc8c69dbd,0,0,8,16,64,26,4,4,6,55,0,2,44,117,2,150,2,20,0,1,3,0,7,21,2,142,9,4,4,10,27,0,1,3,3,0,15,1,7,3,25,2,6,106,140,66,2,0,9,1,7,16,4,4,4,3,16,17,28,24,1,11,33,1,31,43,1,3,19,3,0,1,5,25,26,0,129,4,2,77,0,10,3,0,14,4,2,18,0,0,5,0,3,1,1,1,24,7,3,0,1,1,8,9,0,0,0,4,35,8,0,1,0,1,15,6,0,6,9,0,2,79,86,7,0,1,0,1,4,0,2,2,1,0,1,6,0,0,1,11,13,0,1,2,42,106,1,0
seatunnel-667bd6ef473340a7d0cdd3cef409adb3d812891f,0,0,6,11,50,19,4,0,6,53,0,0,28,83,0,120,2,4,0,0,0,0,6,5,1,106,8,5,4,6,18,0,0,2,3,0,12,1,6,3,24,2,6,88,113,50,0,0,1,0,10,4,0,3,1,1,10,15,27,21,0,12,26,1,22,42,1,0,14,3,0,0,3,31,19,0,100,3,2,61,0,10,1,0,8,5,0,5,0,0,4,0,3,0,0,1,14,3,2,0,0,0,4,7,0,0,0,2,29,10,0,1,0,1,9,2,0,5,9,0,0,69,39,6,0,1,0,1,4,0,4,1,1,0,0,0,0,0,0,9,11,1,0,0,35,86,1,0
seatunnel-66923fbdbdb1f215c3478a8a9623628826290021,0,0,10,15,56,25,4,1,6,55,0,0,45,112,2,152,2,21,0,1,3,0,6,22,2,161,9,4,4,10,28,0,1,2,3,0,15,1,5,3,25,2,6,101,150,65,0,0,9,1,8,16,3,4,4,3,16,17,26,26,1,13,33,1,27,43,1,3,14,3,0,1,5,33,28,0,131,4,2,81,0,10,2,0,17,4,2,18,0,0,5,0,3,0,1,1,26,5,4,0,1,1,7,9,0,0,0,3,36,8,0,1,0,1,15,5,0,4,10,0,3,75,72,6,0,1,0,1,4,0,2,1,1,0,0,6,0,0,1,13,11,1,1,2,43,106,1,2
seatunnel-66ddec2b2006d58eb3c4c5ab64e8819833c483fa,0,0,12,7,51,12,3,0,6,31,1,1,28,61,0,268,0,3,0,0,0,0,2,3,0,103,2,3,6,8,18,0,0,5,2,0,6,0,17,2,15,5,10,112,109,21,0,2,0,0,4,2,0,3,0,2,2,5,14,23,0,11,18,1,23,44,0,0,12,3,0,0,2,26,12,0,104,2,2,50,0,5,2,0,10,4,0,5,0,0,1,1,3,0,0,0,12,4,2,0,0,0,3,1,0,1,0,0,13,9,0,1,0,1,8,2,0,4,6,0,1,57,27,6,0,0,0,0,4,0,2,1,1,1,0,0,0,0,0,9,4,1,1,0,21,41,0,0
seatunnel-66ec2807b2b609d9039601b23732ba6f8d1675f5,0,0,2,1,2,1,0,0,0,4,0,0,8,6,0,59,0,3,0,0,1,0,0,3,0,5,0,0,1,4,5,0,0,0,0,0,0,0,1,2,3,0,1,31,12,4,0,2,0,0,2,8,0,1,0,1,2,0,4,2,0,1,1,0,1,2,0,0,0,3,0,0,2,13,1,0,68,0,0,3,0,0,1,0,0,0,0,0,1,0,0,1,0,0,0,0,0,0,0,0,0,0,2,4,0,0,0,0,3,2,0,0,0,0,5,0,0,0,2,0,1,16,12,0,0,0,0,0,0,0,0,0,0,0,0,0,0,0,0,4,0,0,1,0,0,6,0,0
seatunnel-66f8161ababc5730cf8822292ca384f9612ff5a8,0,0,8,2,27,7,1,0,0,18,0,1,13,25,0,180,0,3,0,0,0,0,1,3,0,65,1,1,1,8,11,0,0,1,0,0,5,0,1,2,5,4,6,62,95,11,0,2,0,0,4,2,0,2,0,4,0,1,11,13,0,6,2,0,8,3,0,0,2,0,0,0,2,14,6,0,92,0,0,20,0,1,1,1,0,2,0,6,0,0,2,1,0,0,0,0,2,4,1,0,0,0,0,14,0,0,0,0,5,9,0,0,0,0,1,0,0,3,12,0,0,22,8,0,0,0,0,0,0,0,1,0,0,0,0,0,0,0,0,7,0,0,1,0,10,19,0,0
seatunnel-672a97f8711cac948a3d546090527e73a5b878f1,0,0,12,7,51,12,3,0,6,31,1,1,28,61,0,268,0,3,0,0,0,0,2,3,0,103,2,3,6,8,18,0,0,5,2,0,6,0,17,2,15,5,11,112,109,21,0,2,0,0,4,2,0,3,0,2,2,5,14,23,0,11,18,1,23,44,0,0,12,3,0,0,2,26,12,0,104,2,2,50,0,5,2,0,10,4,0,5,0,0,1,1,3,0,0,0,12,4,2,0,0,0,3,1,0,1,0,0,13,9,0,1,0,1,8,2,0,5,6,0,1,57,28,6,0,0,0,0,4,0,2,1,1,1,0,0,0,0,0,9,4,1,1,0,21,41,0,0
seatunnel-674e6c119aeb5fb067bdf15d4165666722f64ec5,0,0,1,0,6,0,0,0,0,3,0,0,8,18,0,17,0,2,0,0,1,0,2,2,0,3,1,0,1,0,5,0,0,0,0,0,0,0,1,3,3,0,0,26,11,5,0,0,0,0,3,8,0,0,0,0,2,0,7,0,0,0,2,0,0,0,0,0,0,0,0,0,3,13,1,0,66,0,0,2,0,0,1,0,0,0,0,1,1,0,0,0,0,0,0,0,0,0,0,0,0,0,2,8,0,0,0,1,2,2,0,0,0,0,5,1,0,0,5,0,1,47,8,0,0,0,0,0,0,0,0,0,0,0,0,0,0,0,0,2,1,0,1,0,0,4,0,0
seatunnel-67613d1eb4edf4ce3889912bec45ced2b381150f,0,0,8,2,28,7,1,0,0,18,0,1,13,27,0,184,0,3,0,0,0,0,1,3,0,62,1,1,1,8,11,0,0,1,0,1,5,0,1,2,6,4,6,68,95,11,0,2,0,0,4,2,0,2,0,2,0,1,12,13,0,6,4,0,8,3,0,0,2,0,0,0,2,14,6,0,92,0,0,21,0,1,1,1,0,2,0,6,0,0,2,1,0,0,0,0,2,4,1,0,0,0,0,15,0,0,0,0,5,9,0,0,0,0,1,0,0,3,12,0,0,22,8,0,0,0,0,0,0,0,1,0,0,0,0,0,0,0,0,7,0,0,1,0,10,19,0,0
seatunnel-6777fd83fe83b25ee6d581dd6f9314375acec0c0,0,0,1,0,6,0,0,0,0,3,0,0,8,18,0,17,0,2,0,0,1,0,2,2,0,3,1,0,1,0,5,0,0,0,0,0,0,0,1,3,3,0,0,26,11,5,0,0,0,0,3,8,0,0,0,0,2,0,7,0,0,0,2,0,0,0,0,0,0,0,0,0,3,13,1,0,66,0,0,2,0,0,1,0,0,0,0,1,1,0,0,0,0,0,0,0,0,0,0,0,0,0,2,8,0,0,0,1,2,2,0,0,0,0,5,1,0,0,5,0,1,47,8,0,0,0,0,0,0,0,0,0,0,0,0,0,0,0,0,2,1,0,1,0,0,4,0,0
seatunnel-678bf910ac28b95b385518b1427c6163a7b8fa0f,0,0,10,16,53,25,4,0,6,53,0,0,40,101,2,150,2,9,0,0,2,0,8,10,2,159,9,4,4,10,22,0,0,2,3,0,17,1,5,3,25,3,6,101,148,70,0,0,8,1,8,8,3,4,4,1,13,15,26,23,1,13,29,1,28,42,1,0,14,3,0,1,5,34,25,0,122,5,2,77,0,10,1,0,16,5,0,5,0,0,5,0,3,0,3,1,16,5,4,0,3,1,6,9,0,0,0,3,33,8,0,1,0,1,15,5,0,5,12,0,1,77,63,6,0,1,0,1,4,0,2,1,1,0,0,0,0,0,1,13,11,1,0,2,38,102,1,2
seatunnel-6792e538a3eac9c31048500cbbe36d052fd8f955,0,0,12,5,42,9,2,0,0,25,1,1,18,54,0,266,0,3,0,0,0,0,3,3,0,74,1,1,3,8,15,0,0,1,0,1,5,2,13,2,10,4,6,88,93,11,0,2,0,0,4,2,0,1,0,2,0,3,17,19,0,8,6,2,8,3,0,0,3,0,2,0,2,21,11,0,88,1,0,38,0,3,1,0,6,4,0,16,0,1,1,1,0,0,0,0,7,4,1,1,0,0,0,16,0,1,0,0,14,9,0,0,0,0,5,0,0,3,17,1,0,53,18,0,0,0,0,0,0,0,1,1,1,1,0,2,0,0,0,6,2,0,1,0,14,37,0,0
seatunnel-67e6027970b282794d36813080817939c80b0259,0,0,6,11,50,19,4,0,6,53,0,0,28,83,0,120,2,4,0,0,0,0,6,5,1,106,8,5,4,6,18,0,0,2,3,0,12,1,6,3,24,2,6,88,113,50,0,0,1,0,10,4,0,3,1,1,10,15,27,21,0,12,26,1,22,42,1,0,14,3,0,0,3,31,19,0,101,3,2,61,0,10,1,0,8,5,0,5,0,0,4,0,3,0,0,1,14,3,2,0,0,0,4,7,0,0,0,2,29,10,0,1,0,1,9,2,0,5,9,0,0,69,39,6,0,1,0,1,4,0,4,1,1,0,0,0,0,0,0,9,11,1,0,0,35,86,1,0
seatunnel-67e9f6fbe128e289f058a539da71e510f3a84f8a,0,0,6,3,21,5,1,0,0,5,0,1,13,20,0,143,0,3,0,0,0,0,0,3,0,57,0,1,1,8,10,0,0,0,0,0,4,0,1,2,5,4,6,86,107,11,0,2,0,0,5,2,0,2,0,3,0,0,9,11,0,3,2,0,6,4,0,0,2,0,0,0,2,14,3,0,88,0,0,19,0,1,1,3,0,0,0,3,1,0,2,1,0,0,0,0,2,4,0,0,0,0,0,10,0,0,0,0,2,9,0,0,0,0,1,0,0,0,6,0,0,23,6,0,0,0,0,0,0,0,0,0,0,0,0,0,0,1,0,5,0,0,1,0,6,18,0,0
seatunnel-682c58db5420573b0260ef2886df32afc6453554,0,0,6,2,21,4,1,0,0,17,0,1,14,20,0,144,0,3,0,0,0,0,1,3,0,57,0,1,1,8,11,0,0,0,0,0,5,0,1,2,5,4,7,59,94,11,0,2,0,0,4,2,0,2,0,3,0,0,9,10,0,4,2,0,6,4,0,0,2,0,0,0,2,14,4,0,90,0,0,19,0,1,1,1,0,2,0,4,1,0,2,1,0,0,0,0,2,4,0,0,0,0,0,10,0,0,0,0,2,9,0,0,0,0,0,0,0,2,9,0,0,20,8,0,0,0,0,0,0,0,0,0,0,0,0,0,0,1,0,5,0,0,1,0,10,18,0,0
seatunnel-6848434f2dd9222ba92b5022f4f4f59644856865,0,0,8,11,52,23,4,0,6,53,0,0,36,92,0,151,2,4,0,0,0,0,7,5,1,158,8,5,4,10,20,0,0,2,3,0,16,1,6,3,23,3,6,100,148,61,0,0,7,0,7,4,0,3,1,1,12,15,26,27,0,15,29,1,25,42,1,0,16,3,0,0,4,30,26,0,119,3,2,72,0,10,1,0,16,5,0,5,0,0,5,0,3,0,3,1,15,5,2,0,3,0,5,9,0,0,0,2,31,8,0,1,0,1,9,2,0,6,11,0,1,74,42,6,0,1,0,1,4,0,2,1,1,0,0,0,0,0,1,13,14,1,0,1,39,102,1,0
seatunnel-685978d0618ece4bb572fc21fc29f908235df2ce,0,0,12,7,53,12,3,0,6,40,1,1,29,70,0,280,0,4,0,0,0,0,3,4,0,106,2,3,6,8,18,0,0,5,2,1,8,0,9,5,18,5,11,114,108,26,0,2,0,0,4,2,0,3,0,2,3,12,17,26,0,10,24,1,25,44,0,0,11,3,0,0,2,30,11,0,105,2,2,53,0,5,2,0,11,4,0,5,0,0,1,1,3,0,0,0,12,4,2,0,0,0,3,2,0,1,0,2,18,10,0,1,0,1,8,2,0,5,7,0,1,61,32,6,0,0,0,0,4,0,2,1,1,1,0,0,0,0,0,11,4,1,1,0,23,43,1,0
seatunnel-685f5898e0e3ad1d68c9b0abcda24bba980f51d1,0,0,8,5,35,9,1,0,0,18,0,1,14,32,0,215,0,3,0,0,0,0,3,3,0,65,1,1,1,8,14,0,0,1,0,1,5,0,1,2,6,4,6,76,95,11,0,2,0,0,4,2,0,2,0,2,0,1,16,13,0,5,6,0,7,3,0,0,6,0,0,0,2,14,5,0,77,0,0,24,0,1,1,1,6,2,0,6,0,0,2,1,0,0,0,0,3,4,1,0,0,0,2,17,0,0,0,0,6,9,0,0,0,0,1,0,0,3,15,0,0,24,8,0,0,0,0,0,4,0,1,0,0,0,0,0,0,0,0,6,0,0,1,0,12,19,0,0
seatunnel-687d7d2dd18b898b6eb2ebe5b15526581c1eef8f,0,0,1,0,1,0,0,0,0,4,0,0,7,4,0,25,0,3,0,0,1,0,0,3,0,4,0,0,1,4,5,0,0,6,0,0,0,0,1,2,2,0,0,25,12,3,0,2,1,0,2,8,0,1,0,0,2,0,3,2,0,1,1,0,0,0,0,0,0,3,0,0,2,14,1,0,64,0,0,6,0,0,1,0,0,0,0,0,1,0,0,1,0,0,0,0,0,0,0,0,0,0,2,5,0,0,0,1,2,2,0,0,0,0,5,0,0,0,3,0,1,12,12,0,0,0,0,0,0,0,0,0,0,0,0,0,0,0,0,1,0,0,1,0,0,4,0,0
seatunnel-687f0c9df76a609fd41d65c2a111b55667ee4a3d,0,0,10,14,53,25,4,0,6,53,0,0,40,101,2,150,2,9,0,0,2,0,8,10,2,161,9,5,4,10,22,0,0,2,3,0,17,1,5,3,25,3,6,101,148,70,0,0,8,1,9,8,3,4,4,1,13,15,26,23,1,13,29,1,28,42,1,0,15,3,0,1,5,34,25,0,122,5,2,77,0,10,1,0,16,5,0,5,0,0,5,0,3,0,3,1,16,5,4,0,3,1,7,9,0,0,0,3,33,8,0,1,0,1,15,5,0,5,13,0,1,77,63,6,0,1,0,1,4,0,2,1,1,0,0,0,0,0,1,13,11,1,0,2,38,102,1,2
seatunnel-6898280110e95db3efa811dfab105ec943b4e599,0,0,10,10,58,16,4,0,6,46,0,1,32,84,0,127,2,4,0,0,0,0,6,4,1,111,7,4,4,4,19,0,0,4,2,0,12,1,7,3,24,2,6,88,120,47,0,0,1,0,4,2,0,3,1,1,8,8,28,21,0,8,25,1,30,42,1,0,16,3,0,0,4,36,16,0,125,4,2,60,0,10,1,0,8,5,0,5,0,0,3,0,3,0,0,1,10,2,2,0,0,0,4,7,0,0,0,2,20,10,0,1,0,1,9,2,0,5,9,0,1,62,35,6,0,1,0,1,4,0,4,1,1,0,0,0,0,0,0,8,14,1,0,0,37,85,1,0
seatunnel-68bda94a4ce1839404ddb098a29eddef1df3758d,0,0,8,13,56,23,4,0,6,54,0,0,33,95,0,147,2,4,0,0,0,0,8,5,1,121,8,5,4,10,20,0,0,2,3,0,16,1,6,3,23,2,6,96,144,54,0,0,1,0,7,4,0,3,1,1,12,15,28,22,0,13,28,1,25,42,1,0,16,3,0,0,3,34,21,0,119,3,2,70,0,10,1,0,12,5,0,5,0,0,5,0,3,0,3,1,15,4,2,0,3,0,5,8,0,0,0,2,31,8,0,1,0,1,9,2,0,5,10,0,0,72,43,6,0,1,0,1,4,0,4,1,1,0,0,0,0,0,1,13,11,1,0,1,38,96,1,0
seatunnel-68cdcd2fe7b423c7f2520cec7481874fa3977c94,0,0,8,16,64,26,4,3,6,55,0,1,44,117,2,148,2,20,0,1,3,0,5,21,2,142,9,4,4,10,27,0,1,3,3,0,15,1,7,3,25,2,6,106,140,65,2,0,9,1,7,16,4,4,4,3,15,17,28,24,1,11,33,1,31,43,1,3,20,3,0,1,5,25,26,0,129,4,2,77,0,10,3,0,14,4,2,18,0,0,5,0,3,1,1,1,24,7,3,0,1,1,8,9,0,0,0,4,35,8,0,1,0,1,15,6,0,6,9,0,2,79,86,7,0,1,0,1,4,0,2,2,1,0,1,6,0,0,1,11,13,0,1,2,42,106,1,0
seatunnel-68d8187e11c579401ea95f73f404cba372656418,0,0,8,16,57,25,4,1,6,55,0,1,44,114,2,149,2,20,0,1,3,0,6,21,2,142,9,4,4,10,29,0,1,3,3,0,15,1,8,3,25,2,6,101,140,64,2,0,9,1,7,16,3,4,4,3,15,17,26,24,1,11,33,1,31,43,1,3,17,3,0,1,5,33,26,0,127,4,2,72,0,10,3,0,14,4,2,18,0,0,5,0,3,0,1,1,24,7,3,0,1,1,8,9,0,0,0,3,35,8,0,1,0,1,15,5,0,6,9,0,2,79,78,7,0,1,0,1,4,0,2,2,1,0,0,6,0,0,1,11,11,1,1,2,42,107,1,0
seatunnel-68dc142e89d8aa34042a7c54484e12907effe3b2,0,0,9,8,60,15,3,0,6,42,0,1,27,75,0,249,0,4,0,0,0,2,4,4,0,106,2,3,5,4,16,0,0,4,2,1,10,1,5,3,20,3,6,87,124,27,0,0,0,0,2,2,0,3,1,1,5,9,19,23,0,7,24,1,28,42,1,0,13,3,0,0,4,27,15,0,97,2,2,61,0,4,1,0,8,4,0,5,0,0,3,0,3,0,0,1,11,4,1,0,0,0,3,7,0,1,0,2,15,10,0,1,1,1,7,2,0,5,5,0,1,54,31,7,0,0,0,0,4,0,2,1,1,1,0,3,0,0,0,7,8,1,0,0,35,65,1,0
seatunnel-68f8e950e16f5ecc652126921401edabf5ac6fd2,0,0,12,7,51,12,3,0,6,31,1,1,28,60,0,269,0,3,0,0,0,0,2,3,0,103,2,3,6,8,18,0,0,5,2,0,6,0,17,2,15,5,11,112,109,21,0,2,0,0,4,2,0,3,0,2,2,5,14,24,0,11,18,1,23,44,0,0,12,3,0,0,2,26,12,0,104,2,2,50,0,5,2,0,11,4,0,5,0,0,1,1,3,0,0,0,12,4,2,0,0,0,3,1,0,1,0,0,13,9,0,1,0,1,8,2,0,5,6,0,1,57,30,6,0,0,0,0,4,0,2,1,1,1,0,0,0,0,0,9,4,1,1,0,21,41,0,0
seatunnel-69074cf643fc26cb94150dbe1371f5edce56ef5e,0,0,8,9,63,15,3,0,6,47,0,1,27,77,0,138,2,4,0,0,0,2,5,4,0,107,3,4,4,4,18,0,0,4,2,1,9,1,7,3,20,2,6,88,120,37,0,0,1,0,4,2,0,3,1,1,7,9,25,21,0,6,24,1,32,42,1,0,14,3,0,0,4,32,14,0,121,3,2,60,0,4,1,0,8,4,0,5,0,0,3,0,3,0,0,1,11,2,1,0,0,0,4,7,0,0,0,2,19,10,0,1,0,1,8,2,0,5,5,0,1,61,32,6,0,0,0,1,4,0,5,1,1,0,0,3,0,0,0,7,8,1,0,0,35,70,1,0
seatunnel-690adedbdff739a1aa750740b49cac23791ecb51,0,0,5,1,2,1,0,0,0,5,0,0,5,9,0,67,0,3,0,0,0,0,1,3,0,6,1,1,1,4,5,0,0,0,0,0,0,0,1,2,3,0,0,37,12,5,0,2,0,0,3,0,0,1,0,1,0,1,3,3,0,1,0,0,1,2,0,0,0,3,0,0,2,13,1,0,68,0,0,9,0,0,1,0,0,0,0,2,0,0,0,1,0,0,0,0,0,1,1,0,0,0,0,7,0,0,0,0,5,3,0,0,0,0,6,0,0,0,5,0,0,20,6,0,0,0,0,0,0,0,0,0,0,0,0,0,0,0,0,4,0,0,1,0,0,5,0,0
seatunnel-691aabcb873392349af9e6379bd29a1fb5dd9f01,0,0,6,1,16,4,0,0,0,5,0,0,13,14,0,99,0,3,0,0,0,0,0,3,0,48,0,0,1,8,6,0,0,0,0,0,4,0,1,2,3,1,3,55,106,10,0,2,0,0,4,0,0,2,0,3,0,0,6,5,0,2,1,0,5,4,0,0,0,0,0,0,2,14,2,0,89,0,0,14,0,0,1,2,0,0,0,1,1,0,2,1,0,0,0,0,1,5,0,0,0,0,0,8,0,0,0,0,2,3,0,0,0,0,6,0,0,1,3,0,0,18,6,0,0,0,0,0,0,0,0,0,0,0,0,0,0,0,0,4,0,0,1,0,4,11,0,0
seatunnel-694bbdd709110e647628378a44bdf3347754dfe9,0,0,6,1,17,4,0,0,0,5,0,0,13,14,0,97,0,3,0,0,0,0,0,3,0,52,0,0,1,8,6,0,0,0,0,0,5,0,2,2,3,1,3,58,102,10,0,2,0,0,4,0,0,2,0,3,0,0,6,5,0,2,1,0,4,4,0,0,0,0,0,0,2,14,2,0,89,0,0,15,0,0,1,2,0,0,0,1,1,0,2,1,0,0,0,0,1,6,0,0,0,0,0,8,0,0,0,0,2,3,0,0,0,0,6,0,0,1,3,0,0,18,6,0,0,0,0,0,0,0,0,0,0,0,0,0,0,0,0,4,0,0,1,0,3,11,0,0
seatunnel-696656f1480b6a2d6eb5dec1f6774f9ba3e0e6f6,0,0,10,10,58,16,4,0,6,46,0,1,32,83,0,127,2,4,0,0,0,0,6,4,1,111,7,4,4,4,19,0,0,4,2,0,12,1,7,3,24,2,6,90,120,47,0,0,1,0,4,2,0,3,1,1,8,8,28,21,0,8,25,1,30,42,1,0,16,3,0,0,4,36,16,0,125,4,2,60,0,10,1,0,8,5,0,5,0,0,3,0,3,0,0,1,10,2,2,0,0,0,4,7,0,0,0,2,20,10,0,1,0,1,9,2,0,5,9,0,1,62,35,6,0,1,0,1,4,0,4,1,1,0,0,0,0,0,0,8,14,1,0,0,37,85,1,0
seatunnel-6979cfc305e17b854fdaf00d4bdc56c6736e7828,0,0,6,1,15,4,0,0,0,5,0,0,12,14,0,97,0,3,0,0,0,0,0,3,0,48,0,0,1,8,6,0,0,0,0,0,4,0,1,2,3,1,3,55,106,9,0,2,0,0,4,0,0,2,0,3,0,0,6,5,0,2,1,0,5,4,0,0,0,0,0,0,2,14,2,0,86,0,0,14,0,0,1,2,0,0,0,1,1,0,2,1,0,0,0,0,1,5,0,0,0,0,0,8,0,0,0,0,2,3,0,0,0,0,6,0,0,0,3,0,0,18,6,0,0,0,0,0,0,0,0,0,0,0,0,0,0,0,0,4,0,0,1,0,4,11,0,0
seatunnel-6a492d79bc5d38d325b7082aa4c995a656e8f824,0,0,6,2,27,7,1,0,0,17,0,1,14,22,0,171,0,3,0,0,0,0,1,3,0,63,0,1,1,8,11,0,0,0,0,0,5,0,1,2,5,4,7,61,95,11,0,2,0,0,4,2,0,2,0,4,0,0,12,12,0,5,2,0,8,3,0,0,2,0,0,0,2,14,5,0,90,0,0,19,0,1,1,1,0,2,0,4,1,0,2,1,0,0,0,0,2,4,0,0,0,0,0,14,0,0,0,0,2,9,0,0,0,0,0,0,0,3,11,0,0,20,8,0,0,0,0,0,0,0,1,0,0,0,0,0,0,1,0,7,0,0,1,0,10,20,0,0
seatunnel-6a4a850b4c92a3b01beba5e1686024a51fdd507e,0,0,6,11,50,19,4,0,6,53,0,0,28,83,0,120,2,4,0,0,0,0,6,5,1,106,8,5,4,6,18,0,0,2,3,0,12,1,6,3,24,2,6,88,113,50,0,0,1,0,10,4,0,3,1,1,10,15,27,21,0,12,26,1,22,42,1,0,14,3,0,0,3,31,19,0,100,3,2,62,0,10,1,0,8,5,0,5,0,0,4,0,3,0,0,1,14,3,2,0,0,0,4,8,0,0,0,2,29,10,0,1,0,1,9,2,0,5,10,0,0,69,40,6,0,1,0,1,4,0,4,1,1,0,0,0,0,0,0,11,11,1,0,0,35,86,1,0
seatunnel-6a524981cb4daf84777c948e58b03cc1f238889d,0,0,8,16,57,25,4,1,6,55,0,1,44,114,2,149,2,20,0,1,3,0,6,21,2,142,9,4,4,10,29,0,1,3,3,0,15,1,8,3,25,2,6,101,140,64,2,0,9,1,7,16,3,4,4,3,15,17,26,24,1,11,33,1,31,43,1,3,17,3,0,1,5,33,26,0,127,4,2,72,0,10,3,0,14,4,2,18,0,0,5,0,3,0,1,1,24,7,3,0,1,1,8,9,0,0,0,3,35,8,0,1,0,1,15,5,0,6,9,0,2,79,77,7,0,1,0,1,4,0,2,2,1,0,0,6,0,0,1,11,11,1,1,2,42,107,1,0
seatunnel-6a6b3475946f27d798733ec2c34ec0dccb9c0df4,0,0,5,5,0,0,0,0,4,3,0,0,13,27,0,17,0,4,0,0,1,0,2,8,1,4,1,0,4,0,2,1,0,0,0,0,1,0,2,2,4,1,0,20,11,10,0,0,0,0,13,13,0,0,0,0,10,0,1,1,0,0,5,0,0,4,0,0,0,0,0,0,4,5,4,4,8,0,0,2,1,0,2,0,0,0,0,1,1,6,1,0,0,0,0,0,152,0,0,0,0,0,2,6,0,0,0,0,7,5,1,0,0,0,5,1,4,1,1,0,2,51,39,0,0,0,0,1,0,1,0,0,7,0,0,0,0,0,0,2,2,0,0,0,0,4,0,2
seatunnel-6a908b7134bb711eb59216d5eec523ee98bafa59,0,0,5,5,0,0,0,0,4,0,0,0,13,27,0,8,0,4,0,0,1,0,2,8,1,4,1,0,4,0,3,1,0,0,0,0,1,0,2,2,5,0,0,17,11,10,0,0,0,0,13,13,0,0,0,0,10,0,1,1,0,0,5,0,0,4,0,0,0,0,0,0,4,5,4,4,8,0,0,3,1,0,1,0,0,0,0,0,1,6,1,0,0,0,0,0,147,0,0,0,0,0,2,6,0,0,0,0,7,5,1,0,0,0,5,1,4,0,1,0,2,48,38,0,0,0,0,1,0,1,0,0,7,0,0,0,0,0,0,1,2,0,0,0,0,4,0,2
seatunnel-6aa580d67ac4c7f617dd8bf28ae192ba9c31e370,0,0,8,5,32,9,2,0,0,18,0,1,15,32,0,205,0,3,0,0,0,0,3,3,0,65,1,1,1,8,15,0,0,1,0,1,5,0,1,2,6,4,6,76,95,13,0,2,0,0,4,2,0,2,0,2,0,1,16,13,0,5,7,0,8,3,0,0,5,0,0,0,2,14,5,0,92,0,0,25,0,1,1,1,6,2,0,6,0,0,2,1,0,0,0,0,3,4,1,0,0,0,2,19,0,0,0,0,6,9,0,0,0,0,1,0,0,3,17,0,0,24,9,0,0,0,0,0,4,0,1,0,0,0,0,0,0,0,0,7,0,0,1,0,11,19,0,0
seatunnel-6ab266e59412612bf947d8e6130c3c25b8d799cd,0,0,9,11,50,17,4,0,6,53,0,0,27,84,0,121,2,4,0,0,0,0,6,5,1,107,8,5,4,6,18,0,0,2,2,0,12,1,6,3,24,3,6,88,113,47,0,0,1,0,10,3,0,6,1,1,10,15,27,22,0,11,26,1,22,42,1,0,14,3,0,0,3,32,19,0,103,3,2,61,0,10,1,0,8,5,0,5,0,0,3,0,3,0,0,1,11,3,2,0,0,0,4,7,0,0,0,2,29,10,0,1,0,1,9,2,0,5,9,0,0,62,38,6,0,1,0,1,4,0,4,1,1,0,0,0,0,0,0,10,12,1,0,0,35,86,1,0
seatunnel-6ac6a0a0cdddcddf07f11bf485c9974fdfc90bbf,0,0,9,8,61,15,3,0,6,42,0,1,27,72,0,243,0,4,0,0,0,2,4,4,0,106,1,3,5,4,17,0,0,4,2,1,10,1,5,3,19,5,6,85,124,27,0,0,0,0,2,2,0,3,1,1,5,9,19,23,0,7,24,1,28,42,1,0,13,3,0,0,4,27,14,0,95,2,2,61,0,4,1,0,8,4,0,5,0,0,3,0,3,0,0,1,11,4,1,0,0,0,3,7,0,1,0,2,15,10,0,1,1,1,7,2,0,5,5,0,1,54,30,7,0,0,0,0,4,0,2,1,1,1,0,3,0,0,0,7,8,1,0,0,35,65,1,0
seatunnel-6ac7730c6a18e5b60b06d32035ceb4fa723b9601,0,0,2,1,4,1,0,0,0,4,0,0,7,5,0,61,0,3,0,0,0,0,0,3,0,5,0,0,1,4,5,0,0,0,0,0,0,0,1,2,3,0,1,37,12,5,0,2,0,0,3,0,0,1,0,1,0,0,4,2,0,1,0,0,1,2,0,0,0,3,0,0,2,13,1,0,68,0,0,8,0,0,1,0,0,0,0,0,1,0,0,1,0,0,0,0,0,0,0,0,0,0,0,7,0,0,0,0,2,3,0,0,0,0,5,0,0,0,4,0,0,15,6,0,0,0,0,0,0,0,0,0,0,0,0,0,0,0,0,4,0,0,1,0,0,6,0,0
seatunnel-6b2db49f6464e0e88966071e01e981deddfb7d2a,0,0,12,7,51,11,2,0,0,25,1,1,15,50,0,303,0,3,0,0,0,0,5,3,0,74,1,1,3,8,17,0,0,1,0,1,5,2,11,2,11,4,7,93,95,13,0,2,0,0,4,2,0,2,0,2,0,2,24,19,0,7,8,0,8,3,0,0,3,0,2,0,2,21,9,0,89,0,0,40,0,3,1,1,6,3,0,15,0,1,2,1,0,0,0,0,8,4,1,1,0,0,2,20,0,1,0,0,12,9,0,0,0,0,6,0,0,3,22,1,0,42,18,0,0,0,0,0,4,0,1,1,0,1,0,2,0,0,0,6,2,0,1,0,13,34,0,0
seatunnel-6b42a6b503986425410331bb9c0cf5f3a9ca9671,0,0,2,1,4,1,0,0,0,4,0,0,7,5,0,60,0,3,0,0,0,0,0,3,0,5,0,0,1,4,5,0,0,0,0,0,0,0,1,2,3,0,1,37,12,5,0,2,0,0,3,0,0,1,0,1,0,0,4,2,0,1,0,0,1,2,0,0,0,3,0,0,2,13,1,0,68,0,0,8,0,0,1,0,0,0,0,0,1,0,0,1,0,0,0,0,0,1,0,0,0,0,0,7,0,0,0,0,2,3,0,0,0,0,5,0,0,0,4,0,0,15,6,0,0,0,0,0,0,0,0,0,0,0,0,0,0,0,0,4,0,0,1,0,0,6,0,0
seatunnel-6b5136b7b015754cd2e3aea2d8735a9f82f10df2,0,0,3,1,5,1,0,0,0,4,0,0,6,8,0,76,0,3,0,0,0,0,0,3,0,15,0,0,1,4,6,0,0,0,0,0,2,0,1,2,3,1,1,42,51,5,0,2,0,0,4,0,0,1,0,1,0,0,4,12,0,2,0,0,2,2,0,0,0,3,0,0,2,13,2,0,68,0,0,11,0,0,1,0,0,0,0,1,1,0,1,1,0,0,0,0,1,4,0,0,0,0,0,7,0,0,0,0,2,3,0,0,0,0,6,0,0,0,4,0,0,27,6,0,0,0,0,0,0,0,0,0,0,0,0,0,0,0,0,4,0,0,1,0,0,8,0,0
seatunnel-6b5feecd8a4aa369ca1cf37727026b07a6a8982c,0,0,21,5,0,0,0,0,4,0,0,6,13,22,0,6,0,4,186,0,6,0,2,8,1,4,1,0,4,9,2,1,1,0,0,0,1,0,2,2,5,0,0,16,11,10,0,0,0,0,14,13,1,0,0,0,10,0,1,1,0,0,6,0,0,4,0,0,0,0,0,0,4,5,2,3,8,0,0,3,1,0,1,0,0,0,0,0,1,6,1,0,0,0,0,0,147,0,0,0,0,0,2,5,1,0,3,0,2,5,1,0,0,0,5,1,4,0,1,0,8,52,43,0,0,0,1,1,0,1,0,0,7,0,0,0,0,0,0,1,2,0,0,0,0,4,0,2
seatunnel-6b650bef07a152644a94ed063fa62310d8b7054a,0,0,8,5,45,11,1,0,0,24,1,1,14,43,0,262,0,3,0,0,0,0,4,3,0,72,1,1,2,8,14,0,0,1,0,1,5,2,3,2,8,4,6,84,95,10,0,2,0,0,4,2,0,2,0,2,0,1,18,19,0,5,6,0,8,3,0,0,4,0,0,0,2,16,5,0,79,0,0,31,0,1,1,1,6,3,0,15,0,0,2,1,0,0,0,0,5,4,1,0,0,0,2,16,0,0,0,0,6,9,0,0,0,0,4,0,0,3,17,0,0,41,13,0,0,0,0,0,4,0,1,1,0,0,0,0,0,0,0,6,2,0,1,0,12,26,0,0
seatunnel-6b7c81d1a35e4976b0ab4a7c6d1fae261879ce14,0,0,10,16,56,25,4,0,6,53,0,0,42,107,2,152,2,14,0,0,3,0,5,15,2,161,8,4,4,10,25,0,1,2,3,0,15,1,5,3,24,3,6,101,148,65,0,0,8,1,8,16,3,4,4,1,15,15,26,22,1,13,32,1,28,43,1,0,14,3,0,1,5,32,25,0,123,4,2,82,0,10,2,0,16,4,0,18,0,0,5,0,3,0,1,1,24,5,4,0,1,1,7,9,0,0,0,3,34,8,0,1,0,1,15,5,0,5,10,0,2,78,71,6,0,1,0,1,4,0,2,1,1,0,0,0,0,0,1,13,10,1,1,2,38,102,1,2
seatunnel-6b808048d6a5aeb124f6a1ce7bbe7e1ec676ce95,0,0,14,8,54,12,3,0,6,40,1,1,31,74,0,299,0,4,0,0,0,2,4,4,0,108,2,3,6,8,18,0,0,5,2,1,8,1,6,5,19,5,11,117,122,27,0,2,0,0,4,2,0,3,0,2,3,10,18,26,0,10,24,1,29,44,1,0,11,3,0,0,3,38,11,0,105,2,2,61,0,5,2,0,11,4,0,5,0,0,1,1,3,0,0,1,12,5,2,0,0,0,3,2,0,1,0,2,16,10,0,1,0,1,8,2,0,5,7,0,1,62,32,6,0,0,0,0,4,0,2,1,1,1,0,0,0,0,0,11,4,1,1,0,31,47,1,0
seatunnel-6befd599a1643427d07f2e048609036aa55ab023,0,0,12,7,53,10,2,0,0,25,1,1,15,50,0,286,0,3,0,0,0,0,4,3,0,71,1,1,3,8,17,0,0,1,0,1,5,2,12,2,11,4,6,93,95,13,0,2,0,0,4,2,0,2,0,2,0,2,25,19,0,7,7,0,8,3,0,0,3,0,2,0,2,21,9,0,92,0,0,39,0,3,1,1,6,4,0,15,0,1,1,1,0,0,0,0,8,4,1,1,0,0,0,18,0,1,0,0,12,9,0,0,0,0,8,0,0,3,19,1,0,46,18,0,0,0,0,0,0,0,1,1,0,1,0,2,0,0,0,6,2,0,1,0,13,33,0,0
seatunnel-6c4757484619aba8c362116f571a61c786529086,0,0,1,0,1,0,0,0,0,4,0,0,7,4,0,27,0,3,0,0,1,0,0,3,0,4,0,0,1,4,5,0,0,6,0,0,0,0,1,2,2,0,0,25,12,3,0,2,0,0,2,8,0,1,0,0,2,0,3,2,0,1,1,0,0,0,0,0,0,3,0,0,2,14,1,0,68,0,0,6,0,0,1,0,0,0,0,0,1,0,0,1,0,0,0,0,0,0,0,0,0,0,2,4,0,0,0,1,2,2,0,0,0,0,5,0,0,0,2,0,1,12,12,0,0,0,0,0,0,0,0,0,0,0,0,0,0,0,0,1,0,0,1,0,0,4,0,0
seatunnel-6c54a997457a2aa256fe76ebd71762b7ad1af7fa,0,0,10,17,56,25,4,0,6,53,0,0,42,107,2,152,2,14,0,0,3,0,5,15,2,161,8,4,4,10,26,0,1,2,3,0,15,1,5,3,24,3,6,101,148,66,0,0,8,1,8,16,3,4,4,1,15,15,26,22,1,13,32,1,28,43,1,0,14,3,0,1,5,32,27,0,123,4,2,82,0,10,2,0,16,4,0,18,0,0,5,0,3,0,1,1,24,5,4,0,1,1,8,9,0,0,0,3,34,8,0,1,0,1,15,5,0,5,10,0,2,78,71,6,0,1,0,1,4,0,2,1,1,0,0,0,0,0,1,13,11,1,1,2,38,102,1,2
seatunnel-6cade31e521fdd41589143edceb6fb6735f58ab3,0,0,5,1,2,1,0,0,0,5,0,0,5,9,0,67,0,3,0,0,0,0,1,3,0,6,1,1,1,4,5,0,0,0,0,0,0,0,1,2,3,0,0,37,12,5,0,2,0,0,3,0,0,1,0,1,0,1,3,3,0,1,0,0,1,2,0,0,0,3,0,0,2,13,1,0,68,0,0,9,0,0,1,0,0,0,0,2,0,0,0,1,0,0,0,0,0,1,1,0,0,0,0,7,0,0,0,0,5,3,0,0,0,0,6,0,0,0,5,0,0,20,6,0,0,0,0,0,0,0,0,0,0,0,0,0,0,0,0,4,0,0,1,0,0,5,0,0
seatunnel-6cf63362a3edc2c1e5e1c40d0ccc635c535b8860,0,0,8,6,46,11,1,0,0,24,1,1,14,47,0,278,0,3,0,0,0,0,4,3,0,73,1,1,3,8,14,0,0,1,0,1,5,2,3,2,9,4,6,91,95,10,0,2,0,0,4,2,0,2,0,2,0,1,17,19,0,6,6,0,8,3,0,0,4,0,0,0,2,18,7,0,80,0,0,34,0,1,1,1,6,3,0,15,0,0,2,1,0,0,0,0,5,4,1,1,0,0,2,16,0,0,0,0,6,9,0,0,0,0,5,0,0,3,17,0,0,40,14,0,0,0,0,0,4,0,1,1,0,0,0,0,0,0,0,6,2,0,1,0,12,31,0,0
seatunnel-6d08b5f369a5c2f07f14c9a41acac68123b4d137,0,0,8,4,35,9,1,0,0,18,0,1,15,32,0,214,0,3,0,0,0,0,3,3,0,65,1,1,1,8,14,0,0,1,0,1,5,0,1,2,6,4,6,76,95,12,0,2,0,0,4,2,0,2,0,2,0,1,16,13,0,5,6,0,7,3,0,0,6,0,0,0,2,14,5,0,92,0,0,24,0,1,1,1,6,2,0,6,0,0,2,1,0,0,0,0,3,4,1,0,0,0,2,17,0,0,0,0,6,9,0,0,0,0,1,0,0,3,14,0,0,24,9,0,0,0,0,0,4,0,1,0,0,0,0,0,0,0,0,6,0,0,1,0,10,19,0,0
seatunnel-6d29e3e18c0579aa114d94482b66bd3291479879,0,0,8,2,28,7,1,0,0,18,0,1,13,27,0,184,0,3,0,0,0,0,1,3,0,62,1,1,1,8,11,0,0,1,0,1,5,0,1,2,6,4,6,68,95,11,0,2,0,0,4,2,0,2,0,2,0,1,12,13,0,6,4,0,8,3,0,0,2,0,0,0,2,14,6,0,92,0,0,21,0,1,1,1,0,2,0,6,0,0,2,1,0,0,0,0,2,4,1,0,0,0,0,15,0,0,0,0,5,9,0,0,0,0,1,0,0,3,12,0,0,22,8,0,0,0,0,0,0,0,1,0,0,0,0,0,0,0,0,7,0,0,1,0,10,19,0,0
seatunnel-6d5ef6dabec2e24d524a737c389d868ec3a8eea9,0,0,4,1,11,1,0,0,0,4,0,0,12,10,0,88,0,3,0,0,0,0,0,3,0,47,0,0,1,4,6,0,0,2,0,0,3,0,2,2,3,1,3,57,98,8,0,2,0,0,4,0,0,1,0,3,0,0,6,5,0,3,1,0,1,4,0,0,0,0,0,0,3,14,3,0,71,0,0,15,0,0,1,2,0,0,0,1,1,0,2,1,0,0,0,0,1,4,0,0,0,0,0,6,0,0,0,0,2,3,0,0,0,0,6,0,0,1,3,0,0,18,5,0,0,0,0,0,0,0,0,0,0,0,0,0,0,0,0,4,0,0,1,0,2,10,0,0
seatunnel-6d78f1be385c5dab4a6a1b78d04a477186712d82,0,0,2,0,1,0,0,0,0,4,0,0,8,4,0,26,0,3,0,0,1,0,0,3,0,4,0,0,1,4,5,0,0,0,0,0,0,0,1,2,2,0,0,25,12,4,0,2,0,0,2,8,0,1,0,0,2,0,3,2,0,1,1,0,0,0,0,0,0,3,0,0,2,13,1,0,68,0,0,2,0,0,1,0,0,0,0,0,1,0,0,1,0,0,0,0,0,0,0,0,0,0,2,3,0,0,0,0,2,2,0,0,0,0,5,0,0,0,2,0,1,12,12,0,0,0,0,0,0,0,0,0,0,0,0,0,0,0,0,1,0,0,1,0,0,4,0,0
seatunnel-6d85aadb72ad5f14d09e3303a6dd2b4611b06167,0,0,10,11,57,17,4,0,6,53,0,1,34,84,0,129,2,4,0,0,0,0,6,5,1,112,8,5,4,6,20,0,0,2,2,0,12,1,6,3,26,2,6,90,120,47,0,0,1,0,10,2,0,6,1,1,10,15,28,23,0,11,26,1,23,42,1,0,14,3,0,0,5,36,19,0,158,3,2,61,0,10,1,0,8,5,0,5,0,0,3,0,3,0,0,1,11,3,2,0,0,0,4,7,0,0,0,2,29,12,0,1,0,1,9,2,0,5,9,0,0,64,39,6,0,1,0,1,4,0,4,1,1,0,0,0,0,0,0,10,12,1,0,0,35,86,1,0
seatunnel-6d9c71469f6ba9c256fb4dca3290c9ba6200a04c,0,0,12,5,42,9,2,0,0,25,1,1,18,54,0,266,0,3,0,0,0,0,3,3,0,74,1,1,3,8,15,0,0,1,0,1,5,2,13,2,10,4,6,88,93,11,0,2,0,0,4,2,0,1,0,2,0,3,17,19,0,8,6,2,8,3,0,0,3,0,2,0,2,21,11,0,88,1,0,38,0,3,1,0,6,4,0,16,0,1,1,1,0,0,0,0,7,4,1,1,0,0,0,16,0,1,0,0,14,9,0,0,0,0,5,0,0,3,17,1,0,53,18,0,0,0,0,0,0,0,1,1,1,1,0,2,0,0,0,6,2,0,1,0,14,37,0,0
seatunnel-6da8362b9dfa4b6f1388eb38f16eacb204a9ecb3,0,0,21,5,0,0,0,0,4,0,0,6,13,22,0,6,0,4,186,0,6,0,2,8,1,4,1,0,4,9,2,1,1,0,0,0,1,0,2,2,5,0,0,16,11,10,0,0,0,0,14,13,1,0,0,0,10,0,1,1,0,0,6,0,0,4,0,0,0,0,0,0,4,5,2,3,8,0,0,3,1,0,1,0,0,0,0,0,1,6,1,0,0,0,0,0,147,0,0,0,0,0,2,5,1,0,3,0,2,5,1,0,0,0,5,1,4,0,1,0,8,52,43,0,0,0,1,1,0,1,0,0,7,0,0,0,0,0,0,1,2,0,0,0,0,4,0,2
seatunnel-6db4d7595d68e6ebbe8f436258f9948b9f930ca3,0,0,12,5,42,9,2,0,0,25,1,1,18,54,0,263,0,3,0,0,0,0,3,3,0,74,1,1,3,8,15,0,0,1,0,1,5,2,13,2,10,4,6,87,93,11,0,2,0,0,4,2,0,1,0,2,0,3,17,19,0,8,6,2,8,3,0,0,3,0,2,0,2,21,11,0,88,1,0,38,0,3,1,0,6,4,0,15,0,1,1,1,0,0,0,0,7,4,1,1,0,0,0,16,0,1,0,0,14,9,0,0,0,0,5,0,0,3,17,1,0,53,17,0,0,0,0,0,0,0,1,1,1,1,0,2,0,0,0,6,2,0,1,0,14,37,0,0
seatunnel-6db9e970dc559edded3d4dd30cd62ad069abbb29,0,0,5,1,2,1,0,0,0,4,0,0,4,8,0,67,0,3,0,0,0,0,1,3,0,6,1,1,1,4,5,0,0,0,0,0,0,0,1,2,3,0,1,37,12,5,0,2,0,0,3,0,0,1,0,1,0,0,3,2,0,1,0,0,1,2,0,0,0,3,0,0,2,13,1,0,68,0,0,8,0,0,1,0,0,0,0,2,1,0,0,1,0,0,0,0,0,1,0,0,0,0,0,7,0,0,0,0,4,3,0,0,0,0,5,0,0,0,5,0,0,20,6,0,0,0,0,0,0,0,0,0,0,0,0,0,0,0,0,4,0,0,1,0,0,5,0,0
seatunnel-6df97726cdf36301983f1566b286344b3899d291,0,0,5,5,0,0,0,0,4,0,0,0,13,22,0,6,0,4,0,0,1,0,2,8,1,4,1,0,4,0,2,1,0,0,0,0,1,0,2,2,5,0,0,17,11,10,0,0,0,0,13,13,0,0,0,0,10,0,1,1,0,0,5,0,0,4,0,0,0,0,0,0,4,5,3,4,8,0,0,3,1,0,1,0,0,0,0,0,1,6,1,0,0,0,0,0,147,0,0,0,0,0,2,6,0,0,0,0,6,5,1,0,0,0,5,1,4,0,1,0,2,52,38,0,0,0,0,1,0,1,0,0,7,0,0,0,0,0,0,1,2,0,0,0,0,4,0,2
seatunnel-6e336d0e4f7049911fb23a084c2e3f0495e226f5,0,0,8,11,52,23,4,0,6,53,0,0,36,92,0,151,2,4,0,0,0,0,7,5,1,158,8,5,4,10,20,0,0,2,3,0,16,1,6,3,23,3,6,100,148,61,0,0,7,0,7,4,0,3,1,1,12,15,26,27,0,15,29,1,25,42,1,0,16,3,0,0,4,30,26,0,119,3,2,72,0,10,1,0,16,5,0,5,0,0,5,0,3,0,3,1,15,5,2,0,3,0,5,9,0,0,0,2,31,8,0,1,0,1,9,2,0,6,11,0,1,74,42,6,0,1,0,1,4,0,2,1,1,0,0,0,0,0,1,13,14,1,0,1,39,102,1,0
seatunnel-6ecc990078db3781754adf056d2eb2c2c3e351a1,0,0,12,7,51,11,2,0,0,25,1,1,15,50,0,303,0,3,0,0,0,0,5,3,0,74,1,1,3,8,17,0,0,1,0,1,5,2,11,2,11,4,7,93,95,13,0,2,0,0,4,2,0,2,0,2,0,2,24,19,0,7,8,0,8,3,0,0,3,0,2,0,2,21,9,0,89,0,0,40,0,3,1,1,6,3,0,15,0,1,2,1,0,0,0,0,8,4,1,1,0,0,2,20,0,1,0,0,12,9,0,0,0,0,6,0,0,3,22,1,0,42,18,0,0,0,0,0,4,0,1,1,0,1,0,2,0,0,0,6,2,0,1,0,13,34,0,0
seatunnel-6ef28e53d11899220c0be3b088fbe38611c4eb3c,0,0,8,12,52,23,4,0,6,53,0,0,36,93,0,151,2,4,0,0,0,0,7,5,1,155,8,5,4,10,20,0,0,2,3,0,16,1,6,3,23,3,6,100,148,61,0,0,7,0,7,4,0,3,1,1,12,15,26,27,0,15,29,1,25,42,1,0,16,3,0,0,4,30,26,0,119,3,2,72,0,10,1,0,16,5,0,5,0,0,5,0,3,0,3,1,15,5,2,0,3,0,5,9,0,0,0,3,31,8,0,1,0,1,9,2,0,6,11,0,1,74,42,6,0,1,0,1,4,0,2,1,1,0,0,0,0,0,1,13,14,1,0,2,39,102,1,0
seatunnel-6f1e7c8b362c5ba1e56be730fed5c1d90ebb9558,0,0,1,0,1,0,0,0,0,3,0,0,8,7,0,23,0,2,0,0,1,0,3,2,0,3,1,0,1,0,5,0,0,6,0,0,0,0,1,3,2,0,0,27,8,3,0,2,2,0,2,8,0,0,0,0,2,0,2,2,0,0,1,0,0,0,0,0,0,0,0,0,2,13,0,0,72,0,0,6,0,0,1,0,0,0,0,1,1,0,0,1,0,0,0,0,1,0,0,0,0,0,2,9,0,0,0,1,2,2,0,0,0,0,5,1,0,0,6,0,1,12,12,0,0,0,0,0,0,0,0,0,0,0,0,0,0,0,0,1,0,0,1,0,0,4,0,0
seatunnel-6f58752bf44d5e325fe0e9866cb9d34466d37e16,0,0,8,5,38,11,1,0,0,18,1,1,14,38,0,224,0,3,0,0,0,0,3,3,0,67,1,1,1,8,14,0,0,1,0,1,5,1,1,2,8,4,6,76,95,10,0,2,0,0,4,2,0,2,0,2,0,1,16,19,0,5,6,0,7,3,0,0,4,0,0,0,2,15,5,0,78,0,0,24,0,1,1,1,6,2,0,6,0,0,2,1,0,0,0,0,4,4,1,0,0,0,2,16,0,0,0,0,6,9,0,0,0,0,4,0,0,3,15,0,0,42,8,0,0,0,0,0,4,0,1,0,0,0,0,0,0,0,0,6,2,0,1,0,12,26,0,0
seatunnel-6f85b707fe860b8920d9c0da6cf85d7826083c44,0,0,12,7,52,12,3,0,6,33,1,1,29,65,0,273,0,4,0,0,0,0,2,4,0,106,2,3,6,8,18,0,0,5,2,0,6,0,18,5,15,5,11,114,108,23,0,2,0,0,4,2,0,3,0,2,2,5,17,24,0,10,24,1,25,44,0,0,11,3,0,0,2,26,11,0,104,2,2,52,0,5,2,0,11,4,0,5,0,0,1,1,3,0,0,0,13,4,2,0,0,0,3,1,0,1,0,2,11,9,0,1,0,1,8,2,0,5,6,0,1,61,32,6,0,0,0,0,4,0,2,1,1,1,0,0,0,0,0,11,4,1,1,0,23,41,1,0
seatunnel-6f87094569f2f1ac614d7661fc953d06a54871f0,0,0,12,7,49,11,2,0,0,25,1,1,15,49,0,302,0,3,0,0,0,0,5,3,0,73,1,1,3,8,17,0,0,1,0,1,5,2,4,2,10,4,7,93,95,13,0,2,0,0,4,2,0,2,0,2,0,2,22,19,0,6,8,0,8,3,0,0,3,0,2,0,2,21,7,0,88,0,0,40,0,3,1,1,6,3,0,15,0,1,2,1,0,0,0,0,8,4,1,1,0,0,2,20,0,1,0,0,12,9,0,0,0,0,6,0,0,3,22,0,0,42,18,0,0,0,0,0,4,0,1,1,0,1,0,2,0,0,0,6,2,0,1,0,13,34,0,0
seatunnel-6fcc5341a9ecfc1a73877e3ea95807d230f23c7d,0,0,12,7,49,11,2,0,0,25,1,1,15,49,0,302,0,3,0,0,0,0,5,3,0,73,1,1,3,8,17,0,0,1,0,1,5,2,4,2,10,4,7,93,95,13,0,2,0,0,4,2,0,2,0,2,0,2,22,19,0,6,8,0,8,3,0,0,3,0,2,0,2,21,7,0,88,0,0,40,0,3,1,1,6,3,0,15,0,1,2,1,0,0,0,0,8,4,1,1,0,0,2,20,0,1,0,0,12,9,0,0,0,0,6,0,0,3,22,0,0,42,18,0,0,0,0,0,4,0,1,1,0,1,0,2,0,0,0,6,2,0,1,0,13,34,0,0
seatunnel-6fe0e6aeced0b6df2d58b3df843163d33802916a,0,0,8,9,61,15,3,0,6,47,0,1,29,78,0,124,2,4,0,0,0,0,5,4,1,109,3,4,4,4,19,0,0,4,2,0,9,1,7,3,20,2,6,86,120,39,0,0,1,0,4,2,0,3,1,1,7,9,25,21,0,6,24,1,33,42,1,0,14,3,0,0,4,32,14,0,122,3,2,57,0,4,1,0,8,4,0,5,0,0,3,0,3,0,0,1,10,2,2,0,0,0,4,7,0,0,0,2,19,10,0,1,0,1,8,2,0,5,5,0,1,61,32,6,0,0,0,1,4,0,5,1,1,0,0,3,0,0,0,7,10,1,0,0,37,73,1,0
seatunnel-704661f1fdea391276726040e7b14c0604214ef7,0,0,8,5,35,9,1,0,0,18,0,1,14,32,0,215,0,3,0,0,0,0,3,3,0,65,1,1,1,8,14,0,0,1,0,1,5,0,1,2,6,4,6,76,95,11,0,2,0,0,4,2,0,2,0,2,0,1,16,13,0,5,6,0,7,3,0,0,6,0,0,0,2,14,5,0,77,0,0,24,0,1,1,1,6,2,0,6,0,0,2,1,0,0,0,0,3,4,1,0,0,0,2,17,0,0,0,0,6,9,0,0,0,0,1,0,0,3,15,0,0,24,8,0,0,0,0,0,4,0,1,0,0,0,0,0,0,0,0,6,0,0,1,0,12,19,0,0
seatunnel-705625c178210cba01a9e49265c2f9c366930594,0,0,10,9,61,15,4,0,6,46,0,1,32,79,0,125,2,4,0,0,0,0,6,4,1,109,6,4,4,4,19,0,0,4,2,0,10,1,7,3,22,2,6,89,120,47,0,0,1,0,4,2,0,3,1,1,8,8,24,21,0,7,26,1,32,42,1,0,16,3,0,0,4,36,15,0,122,4,2,60,0,10,1,0,8,5,0,5,0,0,3,0,3,0,0,1,10,2,2,0,0,0,4,7,0,0,0,2,20,10,0,1,0,1,8,2,0,5,9,0,1,61,35,6,0,1,0,1,4,0,4,1,1,0,0,3,0,0,0,8,14,1,0,0,37,84,1,0
seatunnel-705728ebbbab78ee2ab7c234d9cacb15efa23dc3,0,0,9,8,60,15,3,0,6,42,0,1,27,74,0,252,0,4,0,0,0,2,4,4,0,109,2,4,4,4,17,0,0,4,2,1,10,1,5,3,19,3,6,87,124,30,0,0,0,0,2,2,0,3,1,1,5,9,19,23,0,6,24,1,27,42,1,0,13,3,0,0,4,27,14,0,121,2,2,59,0,4,1,0,8,4,0,5,0,0,3,0,3,0,0,1,11,4,1,0,0,0,3,7,0,1,0,2,15,10,0,1,0,1,7,2,0,5,5,0,1,55,32,6,0,0,0,0,4,0,2,1,1,1,0,3,0,0,0,7,8,1,0,0,35,70,1,0
seatunnel-705a289946c55b35451e12cb0231c44f71120841,0,0,2,0,1,0,0,0,0,4,0,0,8,4,0,27,0,3,0,0,1,0,0,3,0,4,0,0,1,4,5,0,0,6,0,0,0,0,1,2,2,0,0,25,12,4,0,2,0,0,2,8,0,1,0,0,2,0,3,2,0,1,1,0,0,0,0,0,0,3,0,0,2,14,1,0,68,0,0,6,0,0,1,0,0,0,0,0,1,0,0,1,0,0,0,0,0,0,0,0,0,0,2,4,0,0,0,1,2,2,0,0,0,0,5,0,0,0,2,0,1,12,12,0,0,0,0,0,0,0,0,0,0,0,0,0,0,0,0,1,0,0,1,0,0,4,0,0
seatunnel-7108482a32758babc1aecbbfee272aaf92f4093e,0,0,8,5,55,13,3,0,6,22,0,1,20,38,0,242,1,3,0,0,0,0,3,3,0,98,2,2,2,8,19,0,0,1,1,1,6,0,2,2,9,6,8,94,108,16,0,2,0,0,4,2,0,3,0,2,2,1,13,17,0,6,8,0,20,3,0,0,27,0,0,0,2,15,6,0,77,0,0,28,0,3,1,1,10,2,0,6,0,0,2,1,0,0,0,0,4,4,1,0,0,0,2,17,0,0,0,0,6,9,0,1,0,0,1,2,0,3,15,0,0,41,13,5,0,0,0,0,4,0,2,0,0,0,0,0,0,0,0,6,1,1,1,0,20,29,0,0
seatunnel-712b77744e04b53b0603295453e14c680235bb60,0,0,10,6,46,12,2,0,0,24,1,1,14,48,0,281,0,3,0,0,0,0,4,3,0,73,1,1,3,8,15,0,0,1,0,1,5,2,4,2,9,4,6,91,95,10,0,2,0,0,4,2,0,2,0,2,0,1,21,19,0,6,7,0,8,3,0,0,5,0,2,0,2,19,7,0,80,0,0,35,0,1,1,1,6,3,0,15,0,1,2,1,0,0,0,0,7,4,1,1,0,0,2,18,0,0,0,0,11,9,0,0,0,0,5,0,0,3,20,0,0,42,17,0,0,0,0,0,4,0,1,1,0,1,0,2,0,0,0,6,2,0,1,0,12,31,0,0
seatunnel-714511a5dd08ee5af2a92f6a7fa6b31f1eaa4f60,0,0,6,11,50,19,4,0,6,53,0,0,28,83,0,120,2,4,0,0,0,0,6,5,1,106,8,5,4,6,18,0,0,2,3,0,12,1,6,3,24,2,6,88,113,50,0,0,1,0,10,4,0,3,1,1,10,15,27,21,0,12,26,1,22,42,1,0,14,3,0,0,3,31,19,0,100,3,2,61,0,10,1,0,8,5,0,5,0,0,4,0,3,0,0,1,14,3,2,0,0,0,4,7,0,0,0,2,29,10,0,1,0,1,9,2,0,5,9,0,0,69,39,6,0,1,0,1,4,0,4,1,1,0,0,0,0,0,0,9,11,1,0,0,35,86,1,0
seatunnel-71500da341e145c6daaa437e7aa6b2d900b485df,0,0,8,11,55,23,4,0,6,53,0,0,36,92,0,152,2,4,0,0,0,0,7,5,1,158,8,5,4,10,20,0,0,2,3,0,16,1,6,3,23,3,6,99,148,61,0,0,5,0,7,4,0,3,1,1,12,15,27,27,0,15,29,1,25,42,1,0,16,3,0,0,4,34,26,0,119,3,2,72,0,10,1,0,16,5,0,5,0,0,5,0,3,0,3,1,15,5,2,0,3,0,5,9,0,0,0,2,31,8,0,1,0,1,9,2,0,6,11,0,1,74,42,6,0,1,0,1,4,0,2,1,1,0,0,0,0,0,1,13,14,1,0,1,39,102,1,0
seatunnel-717620f5423a329cee162c4cf9aa244ed1b33169,0,0,10,14,56,23,4,0,6,54,0,0,34,96,0,147,2,10,0,0,1,0,8,11,1,125,8,5,4,10,19,0,0,2,3,0,16,1,6,3,23,2,6,97,144,54,0,0,1,0,7,4,0,3,1,1,13,15,28,22,0,13,28,1,26,42,1,0,16,3,0,0,3,34,21,0,119,3,2,73,0,10,1,0,12,5,0,5,0,0,5,0,3,0,3,1,16,4,4,0,3,0,5,8,0,0,0,2,31,8,0,1,0,1,9,2,0,5,10,0,0,72,45,6,0,1,0,1,4,0,4,1,1,0,0,0,0,0,1,13,11,1,0,1,38,96,1,2
seatunnel-71a9e4b0193cb0a5c379f0d72f367e8ba659ad67,0,0,12,7,53,11,2,0,0,25,1,1,15,51,0,302,0,3,0,0,0,0,5,3,0,71,1,1,3,8,17,0,0,1,0,1,5,2,11,2,11,4,6,93,95,13,0,2,0,0,4,2,0,2,0,2,0,2,25,19,0,7,7,0,8,3,0,0,3,0,2,0,2,21,9,0,89,0,0,39,0,3,1,1,6,4,0,15,0,1,1,1,0,0,0,0,8,4,1,1,0,0,2,20,0,1,0,0,12,9,0,0,0,0,6,0,0,3,22,1,0,44,18,0,0,0,0,0,4,0,1,1,0,1,0,2,0,0,0,6,2,0,1,0,13,34,0,0
seatunnel-71b04103842cac00969171e2a17e4c30b481669b,0,0,21,5,0,0,0,0,4,0,0,6,13,22,0,6,0,4,186,0,6,0,2,8,1,4,1,0,4,9,2,1,1,0,0,0,1,0,2,2,5,0,0,16,11,10,0,0,0,0,14,13,1,0,0,0,10,0,1,1,0,0,6,0,0,4,0,0,0,0,0,0,4,5,2,3,8,0,0,3,1,0,1,0,0,0,0,0,1,6,1,0,0,0,0,0,147,0,0,0,0,0,2,5,1,0,3,0,2,5,1,0,0,0,5,1,4,0,1,0,8,52,43,0,0,0,1,1,0,1,0,0,7,0,0,0,0,0,0,1,2,0,0,0,0,4,0,2
seatunnel-71d098bc93dada1f8276be6e2be24340599eb616,0,0,1,0,1,0,0,0,0,4,0,0,7,4,0,27,0,3,0,0,1,0,0,3,0,4,0,0,1,4,5,0,0,6,0,0,0,0,1,2,2,0,0,25,12,3,0,2,0,0,2,8,0,1,0,0,2,0,3,2,0,1,1,0,0,0,0,0,0,3,0,0,2,14,1,0,68,0,0,6,0,0,1,0,0,0,0,0,1,0,0,1,0,0,0,0,0,0,0,0,0,0,2,4,0,0,0,1,2,2,0,0,0,0,5,0,0,0,2,0,1,12,12,0,0,0,0,0,0,0,0,0,0,0,0,0,0,0,0,1,0,0,1,0,0,4,0,0
seatunnel-71f4d0c784c90bf802aa5b1baab6953cb1a87d54,0,0,10,15,57,25,4,1,6,53,0,0,42,112,2,152,2,19,0,0,3,0,6,20,2,160,8,4,4,10,28,0,1,2,3,0,15,1,5,3,26,2,6,101,150,65,0,0,9,1,8,16,3,4,4,3,15,15,27,26,1,13,32,1,26,43,1,3,14,3,0,1,5,32,28,0,127,4,2,81,0,10,2,0,16,4,2,18,0,0,5,0,3,0,1,1,24,5,4,0,1,1,7,9,0,0,0,3,34,8,0,1,0,1,15,5,0,4,10,0,4,75,73,6,0,1,0,1,4,0,2,1,1,0,0,6,0,0,1,13,11,1,1,2,38,106,1,2
seatunnel-72097c868334449340d34de53fa2799101a652a7,0,0,8,11,56,21,4,0,6,53,0,0,32,92,0,145,2,4,0,0,0,0,8,5,1,119,8,5,4,10,20,0,0,2,3,0,15,1,6,3,22,2,6,96,144,53,0,0,1,0,7,4,0,3,1,1,11,15,27,22,0,13,28,1,22,42,1,0,15,3,0,0,3,34,21,0,119,3,2,70,0,10,1,0,12,5,0,5,0,0,5,0,3,0,3,1,15,4,2,0,3,0,5,8,0,0,0,2,31,8,0,1,0,1,9,2,0,5,10,0,0,72,42,6,0,1,0,1,4,0,4,1,1,0,0,0,0,0,1,13,11,1,0,1,38,96,1,0
seatunnel-72158be39513c15f0b5f64f24df2af5ceaaa1447,0,0,10,9,65,15,4,0,6,47,0,1,31,80,0,125,2,5,0,0,0,0,6,5,1,110,5,4,4,4,18,0,0,4,2,0,11,1,7,3,22,2,6,95,120,47,0,0,1,0,4,2,0,3,1,1,8,9,24,21,0,7,26,1,32,42,1,0,16,3,0,0,4,36,15,0,122,4,2,60,0,10,1,0,8,5,0,5,0,0,3,0,3,0,0,1,10,2,2,0,0,0,4,7,0,0,0,2,20,10,0,1,0,1,8,2,0,5,9,0,1,61,35,6,0,0,0,1,4,0,4,1,1,0,0,3,0,0,0,7,12,1,0,0,37,83,1,0
seatunnel-72651a1fdba4acf3a139706831e54963f44c89c3,0,0,12,7,58,11,3,0,6,31,1,1,27,58,0,272,1,4,0,1,0,0,2,4,0,103,2,2,4,8,16,0,0,3,2,0,6,0,15,2,13,5,10,108,109,18,0,2,0,0,4,2,0,4,0,2,2,5,14,23,0,8,8,2,20,44,0,0,13,3,0,0,2,22,9,0,106,0,2,45,0,5,2,0,10,4,0,5,0,0,1,1,0,0,0,0,8,4,2,1,0,0,3,0,0,1,0,0,13,9,0,1,0,1,5,2,0,3,5,0,1,60,24,5,0,0,0,0,1,0,2,1,1,1,0,0,0,0,0,6,5,1,1,0,21,41,0,0
seatunnel-7278209ca2d345d436351f055010b9a8864b20e0,0,0,12,7,54,10,2,0,0,25,1,1,15,50,0,284,0,3,0,0,0,0,4,3,0,73,1,1,3,8,17,0,0,1,0,1,5,2,12,2,11,4,6,93,95,13,0,2,0,0,4,2,0,2,0,2,0,2,26,19,0,8,7,0,8,3,0,0,3,0,2,0,2,21,11,0,89,0,0,37,0,3,1,1,6,4,0,15,0,1,1,1,0,0,0,0,8,4,1,1,0,0,0,18,0,1,0,0,12,9,0,0,0,0,8,0,0,3,19,1,0,46,18,0,0,0,0,0,0,0,1,1,0,1,0,2,0,0,0,6,2,0,1,0,13,33,0,0
seatunnel-727c7b2618427840782760953ce9a32f07c6672a,0,0,4,1,8,1,0,0,0,4,0,0,10,10,0,83,0,3,0,0,0,0,0,3,0,45,0,0,1,4,6,0,0,2,0,0,3,0,2,2,3,1,3,60,98,8,0,2,0,0,4,0,0,1,0,3,0,0,4,7,0,2,0,0,1,4,0,0,0,0,0,0,3,13,2,0,71,0,0,13,0,0,1,2,0,0,0,1,1,0,1,1,0,0,0,0,1,4,0,0,0,0,0,6,0,0,0,0,2,3,0,0,0,0,6,0,0,1,3,0,0,18,5,0,0,0,0,0,0,0,0,0,0,0,0,0,0,0,0,4,0,0,1,0,2,10,0,0
seatunnel-72af94eefedca888e96210564f0518db142b48eb,0,0,1,0,1,0,0,0,0,3,0,0,6,7,0,23,0,2,0,0,1,0,3,2,0,3,1,0,1,0,5,0,0,6,0,0,0,0,1,3,2,0,0,27,8,3,0,2,2,0,2,8,0,0,0,0,2,0,2,2,0,0,1,0,0,0,0,0,0,0,0,0,2,13,0,0,72,0,0,6,0,0,1,0,0,0,0,1,1,0,0,1,0,0,0,0,1,0,0,0,0,0,2,9,0,0,0,1,2,2,0,0,0,0,5,1,0,0,6,0,1,12,12,0,0,0,0,0,0,0,0,0,0,0,0,0,0,0,0,1,0,0,1,0,0,4,0,0
seatunnel-72b57b22688f17376fe7e5cf522b4bdd3f62cce0,0,0,5,5,0,0,0,0,4,3,0,0,14,28,0,17,0,4,0,0,1,0,2,8,1,4,1,0,4,0,4,1,0,0,0,0,1,0,2,3,5,1,0,22,11,11,0,0,0,0,13,13,0,0,0,0,10,0,1,1,0,0,5,0,0,4,0,0,0,0,0,0,4,5,4,4,8,0,0,3,1,0,2,0,0,0,0,1,1,6,1,0,0,0,0,0,152,0,0,0,0,0,2,6,0,0,0,0,7,5,0,0,0,0,5,1,4,1,4,0,2,53,39,0,0,0,0,1,0,1,0,0,7,0,0,0,0,0,0,2,2,0,0,0,0,4,0,2
seatunnel-72b8a73cab159fe5a1fba950c60d5de24838cffa,0,0,9,8,61,15,3,0,6,42,0,1,27,72,0,243,0,4,0,0,0,2,4,4,0,106,1,3,5,4,17,0,0,4,2,1,10,1,5,3,19,5,6,85,124,27,0,0,0,0,2,2,0,3,1,1,5,9,19,23,0,7,24,1,28,42,1,0,13,3,0,0,4,27,14,0,95,2,2,61,0,4,1,0,8,4,0,5,0,0,3,0,3,0,0,1,11,4,1,0,0,0,3,7,0,1,0,2,15,10,0,1,1,1,7,2,0,5,5,0,1,54,30,7,0,0,0,0,4,0,2,1,1,1,0,3,0,0,0,7,8,1,0,0,35,65,1,0
seatunnel-72e21f5e54452be917bce0d6ee57db0ccf3e0fb9,0,0,1,0,1,0,0,0,0,3,0,0,8,7,0,18,0,2,0,0,1,0,3,2,0,3,1,0,1,0,6,0,0,0,0,0,0,0,1,4,2,0,0,33,12,5,0,0,0,0,2,8,0,0,0,0,2,0,1,0,0,0,2,0,0,0,0,0,0,0,0,0,3,13,1,0,68,0,0,5,0,0,1,0,0,0,0,1,1,0,0,0,0,0,0,0,0,0,0,0,0,0,2,9,0,0,0,1,2,2,0,0,0,0,5,1,0,0,6,0,1,46,8,0,0,0,0,0,0,0,0,0,0,0,0,0,0,0,0,2,1,0,1,0,0,4,0,0
seatunnel-72e4fd70cf9b28d4ec06a8d6268b3a5a8abe0590,0,0,8,5,32,9,2,0,0,18,0,1,15,32,0,205,0,3,0,0,0,0,3,3,0,65,1,1,1,8,15,0,0,1,0,1,5,0,1,2,6,4,6,76,95,13,0,2,0,0,4,2,0,2,0,2,0,1,16,13,0,5,7,0,8,3,0,0,5,0,0,0,2,14,5,0,92,0,0,25,0,1,1,1,6,2,0,6,0,0,2,1,0,0,0,0,3,4,1,0,0,0,2,19,0,0,0,0,6,9,0,0,0,0,1,0,0,3,17,0,0,24,9,0,0,0,0,0,4,0,1,0,0,0,0,0,0,0,0,7,0,0,1,0,11,19,0,0
seatunnel-72e66272d5ab54d8d8d54fba8a4a1193c94ba3d9,0,0,8,5,62,11,3,0,6,23,0,1,17,37,0,233,0,3,0,0,0,0,3,3,0,94,1,2,1,8,19,0,0,1,1,1,5,0,1,2,10,5,7,88,108,16,0,2,0,0,4,2,0,4,0,2,1,1,17,13,0,8,6,0,14,3,0,0,11,0,0,0,2,15,8,0,77,0,0,27,0,1,1,2,10,2,0,6,0,0,2,1,0,0,0,0,4,4,1,0,0,0,2,17,0,0,0,0,7,9,0,1,0,0,1,2,0,3,15,0,0,29,10,0,0,0,0,0,4,0,2,0,0,0,0,0,0,0,0,6,0,1,1,0,18,26,0,0
seatunnel-72f241871325c29b5031f05ad4cefe89f60a2a14,0,0,8,11,54,23,4,0,6,53,0,0,37,94,0,152,2,4,0,0,0,0,7,5,1,147,8,5,4,10,20,0,0,2,3,0,15,1,6,3,22,2,6,96,146,58,0,0,1,0,7,4,0,3,1,1,12,15,27,25,0,14,28,1,25,42,1,0,16,3,0,0,4,34,25,0,119,3,2,72,0,10,1,0,12,5,0,5,0,0,5,0,3,0,3,1,15,5,2,0,3,0,5,9,0,0,0,2,31,8,0,1,0,1,9,2,0,5,11,0,1,73,42,6,0,1,0,1,4,0,4,1,1,0,0,0,0,0,1,13,14,1,0,1,38,102,1,0
seatunnel-730215258ba1fec6249acde37e32bb05c9f6492a,0,0,8,6,54,11,2,0,6,22,0,1,17,35,0,233,0,3,0,0,0,0,3,3,0,92,1,2,1,8,19,0,0,1,1,1,5,0,1,2,10,5,7,88,108,15,0,2,0,0,4,2,0,3,0,2,1,1,18,13,0,7,6,0,14,3,0,0,10,0,0,0,2,15,7,0,77,0,0,27,0,1,1,1,10,2,0,6,0,0,2,1,0,0,0,0,4,4,1,0,0,0,2,17,0,0,0,0,7,9,0,0,0,0,1,2,0,3,15,0,0,29,10,0,0,0,0,0,4,0,2,0,0,0,0,0,0,0,0,6,0,1,1,0,18,26,0,0
seatunnel-7353fed6d6a973d3029c3f5520fc4e3370e53bca,0,0,8,9,62,15,3,0,6,42,0,1,26,76,0,228,0,4,0,0,0,2,4,4,0,105,2,4,4,4,17,0,0,4,2,1,10,1,7,3,20,3,6,87,120,33,0,0,0,0,2,2,0,2,1,1,5,9,22,23,0,6,24,1,29,42,1,0,13,3,0,0,4,32,14,0,121,3,2,58,0,4,1,0,8,4,0,5,0,0,3,0,3,0,0,1,11,2,1,0,0,0,3,7,0,1,0,2,15,10,0,1,0,1,8,2,0,5,5,0,1,59,31,6,0,0,0,0,4,0,2,1,1,0,0,3,0,0,0,7,8,1,0,0,35,70,1,0
seatunnel-736983a7088388b9b718df9bd21617a7622ed095,0,0,8,5,38,11,1,0,0,18,1,1,14,38,0,224,0,3,0,0,0,0,4,3,0,67,1,1,1,8,14,0,0,1,0,1,5,1,1,2,8,4,6,76,95,10,0,2,0,0,4,2,0,2,0,2,0,1,16,19,0,5,6,0,7,3,0,0,4,0,0,0,2,15,5,0,78,0,0,24,0,1,1,1,6,2,0,6,0,0,2,1,0,0,0,0,4,4,1,0,0,0,2,16,0,0,0,0,6,9,0,0,0,0,4,0,0,3,15,0,0,42,9,0,0,0,0,0,4,0,1,0,0,0,0,0,0,0,0,6,2,0,1,0,12,26,0,0
seatunnel-7376665d3ffc7023dec6ab39e71db514bdf85abb,0,0,1,0,0,0,0,0,0,3,0,0,8,18,0,16,0,2,0,0,1,0,2,2,0,4,1,0,1,0,5,0,0,0,0,0,0,0,1,3,2,0,0,26,11,5,0,0,0,0,2,8,0,0,0,0,2,0,1,0,0,0,2,0,0,0,0,0,0,0,0,0,3,12,1,0,8,0,0,2,0,0,1,0,0,0,0,1,1,0,0,0,0,0,0,0,0,0,0,0,0,0,2,7,0,0,0,1,2,2,0,0,0,0,5,1,0,0,5,0,1,46,8,0,0,0,0,0,0,0,0,0,0,0,0,0,0,0,0,2,1,0,1,0,0,4,0,0
seatunnel-7376ec7ab1bf02e56d89f051eedb827305736af5,0,0,8,5,44,11,1,0,0,24,1,1,14,41,0,250,0,3,0,0,0,0,4,3,0,69,1,1,2,8,14,0,0,1,0,1,5,2,3,2,8,4,6,84,95,10,0,2,0,0,4,2,0,2,0,2,0,1,18,19,0,5,6,0,8,3,0,0,4,0,0,0,2,16,5,0,79,0,0,31,0,1,1,1,6,3,0,15,0,0,2,1,0,0,0,0,5,4,1,0,0,0,2,16,0,0,0,0,6,9,0,0,0,0,4,0,0,3,17,0,0,41,12,0,0,0,0,0,4,0,1,1,0,0,0,0,0,0,0,6,2,0,1,0,12,26,0,0
seatunnel-7393c47327f5a81de4aca4306ee975b588f94e36,0,0,12,7,51,12,3,0,6,31,1,1,29,60,0,271,0,4,0,0,0,0,2,4,0,106,2,3,6,8,18,0,0,5,2,0,6,0,17,3,15,5,11,112,109,22,0,2,0,0,4,2,0,3,0,2,2,5,17,24,0,10,18,1,23,44,0,0,11,3,0,0,2,26,11,0,104,2,2,50,0,5,2,0,11,4,0,5,0,0,1,1,3,0,0,0,12,4,2,0,0,0,3,1,0,1,0,2,13,9,0,1,0,1,8,2,0,5,6,0,1,61,30,6,0,0,0,0,4,0,2,1,1,1,0,0,0,0,0,11,4,1,1,0,23,41,0,0
seatunnel-73b523d55ccb7240336e0ccbe9481695738feca8,0,0,6,11,50,19,4,0,6,53,0,0,28,83,0,120,2,4,0,0,0,0,6,5,1,106,8,5,4,6,18,0,0,2,3,0,12,1,6,3,24,2,6,88,113,50,0,0,1,0,10,4,0,3,1,1,10,15,27,21,0,12,26,1,22,42,1,0,14,3,0,0,3,31,19,0,100,3,2,61,0,10,1,0,8,5,0,5,0,0,4,0,3,0,0,1,14,3,2,0,0,0,4,7,0,0,0,2,29,10,0,1,0,1,9,2,0,5,9,0,0,69,39,6,0,1,0,1,4,0,4,1,1,0,0,0,0,0,0,9,11,1,0,0,35,86,1,0
seatunnel-73ddfc4f28423b35856625f59c39404afe1ec6d1,0,0,8,16,61,26,4,2,6,55,0,1,43,116,2,148,2,20,0,1,3,0,6,21,2,142,9,4,4,10,30,0,1,3,3,0,15,1,8,3,25,2,6,106,140,65,2,0,9,1,7,16,4,4,4,3,15,17,28,24,1,11,33,1,31,43,1,3,19,3,0,1,5,25,26,0,129,4,2,77,0,10,3,0,14,4,2,18,0,0,5,0,3,1,1,1,24,7,3,0,1,1,8,9,0,0,0,4,35,8,0,1,0,1,15,6,0,6,9,0,2,75,84,7,0,1,0,1,4,0,2,2,1,0,1,6,0,0,1,11,13,1,1,2,42,106,1,0
seatunnel-73f63a5044856907b08ea16fb3d821bc6534a5eb,0,0,8,16,57,26,4,2,6,55,0,1,41,115,2,148,2,20,0,1,3,0,6,21,2,138,9,4,4,10,30,0,1,3,3,0,15,1,8,3,25,2,6,102,140,65,2,0,9,1,7,16,4,4,4,3,15,17,26,24,1,11,33,1,31,43,1,3,19,3,0,1,5,25,26,0,127,4,2,75,0,10,3,0,14,4,2,18,0,0,5,0,3,1,1,1,24,7,3,0,1,1,8,9,0,0,0,4,35,8,0,1,0,1,15,6,0,6,9,0,2,75,82,7,0,1,0,1,4,0,2,2,1,0,1,6,0,0,1,11,13,1,1,2,42,106,1,0
seatunnel-73fc0c1c13484274d3e29cf5333374c3309bb4c4,0,0,10,10,58,16,4,0,6,46,0,1,32,86,0,127,2,4,0,0,0,0,6,5,1,112,7,5,4,6,19,0,0,2,2,0,12,1,7,3,24,2,6,88,120,47,0,0,1,0,9,2,0,6,1,1,8,8,28,21,0,8,26,1,23,42,1,0,16,3,0,0,4,36,16,0,125,3,2,60,0,10,1,0,8,5,0,5,0,0,3,0,3,0,0,1,10,3,2,0,0,0,4,7,0,0,0,2,20,10,0,1,0,1,9,2,0,5,9,0,0,62,35,6,0,1,0,1,4,0,4,1,1,0,0,0,0,0,0,8,12,1,0,0,37,85,1,0
seatunnel-74048e357208ee7189856a82a206500394e72eea,0,0,1,0,1,0,0,0,0,3,0,0,8,7,0,18,0,2,0,0,1,0,3,2,0,3,1,0,1,0,6,0,0,0,0,0,0,0,1,4,2,0,0,33,12,5,0,0,0,0,2,8,0,0,0,0,2,0,1,0,0,0,1,0,0,0,0,0,0,0,0,0,3,13,0,0,70,0,0,5,0,0,1,0,0,0,0,1,1,0,0,0,0,0,0,0,0,0,0,0,0,0,2,9,0,0,0,1,2,2,0,0,0,0,5,1,0,0,6,0,1,43,8,0,0,0,0,0,0,0,0,0,0,0,0,0,0,0,0,1,1,0,1,0,0,4,0,0
seatunnel-7404c180de8b2bf2b43cbff866ac4a9a951e8bdb,0,0,12,7,52,12,3,0,6,31,1,1,28,61,0,271,1,3,0,0,0,0,2,3,0,104,2,3,4,8,16,0,0,3,2,0,6,0,16,2,13,5,10,112,109,19,0,2,0,0,4,2,0,3,0,2,2,5,13,23,0,8,9,0,21,44,0,0,11,3,0,0,2,26,9,0,104,0,2,50,0,5,2,0,9,4,0,5,0,0,1,1,0,0,0,0,7,4,2,0,0,0,3,0,0,1,0,0,13,9,0,1,0,1,5,2,0,3,5,0,1,57,25,5,0,0,0,0,4,0,2,1,1,1,0,0,0,0,0,7,5,1,1,0,21,41,0,0
seatunnel-7414bcc9d47f64eaef90db8f66fa3ab1db8767f7,0,0,8,5,35,9,1,0,0,18,0,1,14,32,0,215,0,3,0,0,0,0,3,3,0,65,1,1,1,8,14,0,0,1,0,1,5,0,1,2,6,4,6,76,95,12,0,2,0,0,4,2,0,2,0,2,0,1,16,13,0,5,6,0,7,3,0,0,6,0,0,0,2,14,5,0,77,0,0,24,0,1,1,1,6,2,0,6,0,0,2,1,0,0,0,0,3,4,1,0,0,0,2,17,0,0,0,0,6,9,0,0,0,0,1,0,0,3,15,0,0,24,8,0,0,0,0,0,4,0,1,0,0,0,0,0,0,0,0,6,0,0,1,0,12,19,0,0
seatunnel-7429707d6800f3b030f14c4fa5fc16adb30d5ff4,0,0,8,6,46,11,1,0,0,24,1,1,14,47,0,278,0,3,0,0,0,0,4,3,0,73,1,1,3,8,14,0,0,1,0,1,5,2,3,2,9,4,6,91,95,10,0,2,0,0,4,2,0,2,0,2,0,1,17,19,0,6,6,0,8,3,0,0,4,0,0,0,2,18,7,0,80,0,0,34,0,1,1,1,6,3,0,15,0,0,2,1,0,0,0,0,5,4,1,1,0,0,2,16,0,0,0,0,6,9,0,0,0,0,5,0,0,3,17,0,0,40,14,0,0,0,0,0,4,0,1,1,0,0,0,0,0,0,0,6,2,0,1,0,12,31,0,0
seatunnel-7441cd96ee260f52ae115bfc97e68eb1c7bc4ea2,0,0,10,15,56,25,4,1,6,55,0,0,45,112,2,152,2,21,0,1,3,0,6,22,2,161,9,4,4,10,28,0,1,2,3,0,15,1,5,3,25,2,6,101,150,65,0,0,9,1,8,16,3,4,4,3,16,17,26,26,1,13,33,1,27,43,1,3,14,3,0,1,5,33,28,0,131,4,2,81,0,10,2,0,17,4,2,18,0,0,5,0,3,0,1,1,26,5,4,0,1,1,7,9,0,0,0,3,36,8,0,1,0,1,15,5,0,4,10,0,3,75,73,6,0,1,0,1,4,0,2,1,1,0,0,6,0,0,1,13,11,1,1,2,43,106,1,2
seatunnel-7456a61d457b4cffd22f92048fe574e5ce8d4215,0,0,1,0,1,0,0,0,0,4,0,0,7,4,0,27,0,3,0,0,1,0,0,3,0,4,0,0,1,4,5,0,0,6,0,0,0,0,1,2,2,0,0,25,12,3,0,2,1,0,2,8,0,1,0,0,2,0,3,2,0,1,1,0,0,0,0,0,0,3,0,0,2,14,1,0,64,0,0,6,0,0,1,0,0,0,0,0,1,0,0,1,0,0,0,0,0,0,0,0,0,0,2,5,0,0,0,1,2,2,0,0,0,0,5,0,0,0,3,0,1,12,12,0,0,0,0,0,0,0,0,0,0,0,0,0,0,0,0,1,0,0,1,0,0,4,0,0
seatunnel-745eec0d8396a04a207e5de1f49d88816ba34e1f,0,0,12,5,42,9,2,0,0,25,1,1,18,54,0,263,0,3,0,0,0,0,3,3,0,74,1,1,3,8,15,0,0,1,0,1,5,2,13,2,10,4,6,87,93,11,0,2,0,0,4,2,0,1,0,2,0,3,17,19,0,8,6,2,8,3,0,0,3,0,2,0,2,21,11,0,88,1,0,38,0,3,1,0,6,4,0,15,0,1,1,1,0,0,0,0,7,4,1,1,0,0,0,16,0,1,0,0,14,9,0,0,0,0,5,0,0,3,17,1,0,53,17,0,0,0,0,0,0,0,1,1,1,1,0,2,0,0,0,6,2,0,1,0,14,37,0,0
seatunnel-74666c454a2f3b3570cc16b22f9ee5ea3a37e310,0,0,8,11,55,23,4,0,6,53,0,0,32,93,0,147,2,4,0,0,0,0,8,5,1,119,8,5,4,10,20,0,0,2,3,0,15,1,6,3,23,2,6,96,144,54,0,0,1,0,7,4,0,3,1,1,12,15,27,22,0,13,28,1,24,42,1,0,16,3,0,0,3,34,21,0,119,3,2,70,0,10,1,0,12,5,0,5,0,0,5,0,3,0,3,1,15,4,2,0,3,0,5,8,0,0,0,2,31,8,0,1,0,1,9,2,0,5,10,0,0,72,42,6,0,1,0,1,4,0,4,1,1,0,0,0,0,0,1,13,11,1,0,1,38,96,1,0
seatunnel-74704c362ac11e8a620927c3ce7b2c972f3b2e96,0,0,10,10,58,16,4,0,6,46,0,1,32,86,0,127,2,4,0,0,0,0,6,5,1,112,7,5,4,6,19,0,0,2,2,0,12,1,7,3,24,2,6,88,120,47,0,0,1,0,9,2,0,6,1,1,8,8,28,21,0,8,26,1,23,42,1,0,14,3,0,0,4,36,16,0,125,3,2,60,0,10,1,0,8,5,0,5,0,0,3,0,3,0,0,1,10,3,2,0,0,0,4,7,0,0,0,2,20,10,0,1,0,1,9,2,0,5,9,0,0,62,35,6,0,1,0,1,4,0,4,1,1,0,0,0,0,0,0,8,12,1,0,0,37,85,1,0
seatunnel-7490628c290c3a81c8af58e5a914500f1033cacd,0,0,10,10,58,16,4,0,6,46,0,1,32,84,0,127,2,4,0,0,0,0,6,5,1,112,7,5,4,6,19,0,0,4,2,0,12,1,7,3,24,2,6,88,120,47,0,0,1,0,9,2,0,6,1,1,8,8,28,21,0,8,26,1,27,42,1,0,16,3,0,0,4,36,16,0,125,3,2,60,0,10,1,0,8,5,0,5,0,0,3,0,3,0,0,1,10,2,2,0,0,0,4,7,0,0,0,2,20,10,0,1,0,1,9,2,0,5,9,0,0,62,35,6,0,1,0,1,4,0,4,1,1,0,0,0,0,0,0,8,13,1,0,0,37,85,1,0
seatunnel-74b61c33a0fb389307e09cd33371e0374626ec27,0,0,14,8,53,12,3,0,6,40,1,1,29,73,0,292,0,4,0,0,0,2,4,4,0,105,2,3,6,8,18,0,0,5,2,1,8,1,6,5,18,5,11,116,108,27,0,2,0,0,4,2,0,3,0,2,3,10,17,26,0,10,24,1,27,44,0,0,11,3,0,0,2,38,11,0,105,2,2,56,0,5,2,0,11,4,0,5,0,0,1,1,3,0,0,0,12,4,2,0,0,0,4,2,0,1,0,2,16,10,0,1,0,1,8,2,0,5,7,0,1,63,33,6,0,0,0,0,4,0,2,1,1,1,0,0,0,0,0,11,4,1,1,0,23,45,1,0
seatunnel-74bb75b68f1a31a157cb98dea220b6bc6aae938c,0,0,12,7,64,11,3,0,6,30,1,1,26,64,0,270,1,4,0,0,0,0,2,4,0,105,2,2,4,8,17,0,0,3,2,1,6,2,15,2,15,5,8,106,109,18,0,2,0,0,4,2,0,4,0,2,2,5,15,23,0,7,11,2,21,44,0,0,23,3,0,0,2,22,8,0,85,0,0,43,0,5,1,0,10,4,0,17,0,0,1,1,0,0,0,0,11,4,1,1,0,0,3,14,0,1,0,0,13,9,0,1,0,1,5,2,0,3,13,1,1,85,26,5,0,0,0,0,0,0,2,1,1,1,0,0,0,0,0,6,3,1,1,0,21,46,0,0
seatunnel-74bbd76b654deffd1c160e836e8cdf56c2fcac74,0,0,10,9,64,15,4,0,6,47,0,1,31,79,0,124,2,5,0,0,0,0,5,5,1,110,5,4,4,4,18,0,0,4,2,0,9,1,7,3,21,2,6,95,120,42,0,0,1,0,4,2,0,3,1,1,7,9,24,21,0,7,26,1,32,42,1,0,16,3,0,0,4,32,15,0,122,3,2,60,0,10,1,0,8,4,0,5,0,0,3,0,3,0,0,1,10,2,2,0,0,0,4,7,0,0,0,2,20,10,0,1,0,1,8,2,0,5,6,0,1,61,34,6,0,0,0,1,4,0,4,1,1,0,0,3,0,0,0,7,11,1,0,0,37,81,1,0
seatunnel-74c33517005779c9f3ca06cc58043e204c75911b,0,0,10,9,65,15,4,0,6,47,0,1,31,80,0,125,2,5,0,0,0,0,6,5,1,110,5,4,4,4,18,0,0,4,2,0,11,1,7,3,22,2,6,95,120,47,0,0,1,0,4,2,0,3,1,1,8,9,24,21,0,7,26,1,32,42,1,0,16,3,0,0,4,36,15,0,122,4,2,60,0,10,1,0,8,5,0,5,0,0,3,0,3,0,0,1,10,2,2,0,0,0,4,7,0,0,0,2,20,10,0,1,0,1,8,2,0,5,9,0,1,61,35,6,0,0,0,1,4,0,4,1,1,0,0,3,0,0,0,7,12,1,0,0,37,83,1,0
seatunnel-74d4d248582bd53a2b5f9b80370cb36e2d79c547,0,0,10,15,56,25,4,1,6,55,0,0,44,112,2,149,2,20,0,1,3,0,6,21,2,143,9,4,4,10,28,0,1,3,3,0,15,1,8,3,25,2,6,99,140,63,0,0,9,1,7,16,3,4,4,3,16,17,26,24,1,11,33,1,28,43,1,3,15,3,0,1,5,33,26,0,127,4,2,71,0,10,2,0,14,4,2,18,0,0,5,0,3,0,1,1,25,5,4,0,1,1,7,8,0,0,0,3,35,8,0,1,0,1,15,5,0,4,9,0,3,74,73,7,0,1,0,1,4,0,2,1,1,0,0,6,0,0,1,11,11,1,1,2,42,105,1,2
seatunnel-74e8dc1cc77f81abc2a3582057aa1c927aa0dfec,0,0,3,1,2,1,0,0,0,4,0,0,6,6,0,60,0,3,0,0,0,0,0,3,0,5,0,0,1,4,5,0,0,0,0,0,0,0,1,2,3,0,1,37,12,5,0,2,0,0,3,0,0,1,0,1,0,0,4,2,0,1,0,0,1,2,0,0,0,3,0,0,2,13,1,0,68,0,0,8,0,0,1,0,0,0,0,0,1,0,0,1,0,0,0,0,0,1,0,0,0,0,0,7,0,0,0,0,2,3,0,0,0,0,5,0,0,0,4,0,0,15,6,0,0,0,0,0,0,0,0,0,0,0,0,0,0,0,0,4,0,0,1,0,0,6,0,0
seatunnel-74fd88685af58dfd33556021067ca447ba30b68f,0,0,10,11,57,17,4,0,6,53,0,1,34,84,0,129,2,4,0,0,0,0,6,5,1,112,8,5,4,6,20,0,0,2,2,0,12,1,6,3,26,2,6,90,120,47,0,0,1,0,10,2,0,6,1,1,10,15,28,23,0,11,26,1,23,42,1,0,14,3,0,0,5,36,19,0,158,3,2,61,0,10,1,0,8,5,0,5,0,0,3,0,3,0,0,1,11,3,2,0,0,0,4,7,0,0,0,2,29,12,0,1,0,1,9,2,0,5,9,0,0,64,39,6,0,1,0,1,4,0,4,1,1,0,0,0,0,0,0,10,12,1,0,0,35,86,1,0
seatunnel-750f6c7561206a7ac44fec97332768df64aeb6e6,0,0,1,0,7,0,0,0,0,3,0,0,8,7,0,18,0,2,0,0,1,0,3,2,0,3,1,0,1,0,5,0,0,0,0,0,0,0,1,4,3,0,0,33,12,5,0,0,0,0,3,8,0,0,0,0,2,0,7,0,0,0,2,0,0,0,0,0,0,0,0,0,3,13,1,0,66,0,0,5,0,0,1,0,0,0,0,1,1,0,0,0,0,0,0,0,0,0,0,0,0,0,2,9,0,0,0,1,2,2,0,0,0,0,5,1,0,0,6,0,1,46,8,0,0,0,0,0,0,0,0,0,0,0,0,0,0,0,0,2,1,0,1,0,0,4,0,0
seatunnel-7532da75cf2a3b3c1109818a3511d4a6697e25e6,0,0,14,8,58,14,3,0,6,42,1,1,32,76,0,302,0,4,0,0,0,2,4,4,0,112,2,3,6,8,18,0,0,5,2,1,8,1,6,5,19,5,11,121,124,28,0,2,0,0,4,2,0,3,0,2,5,10,18,26,0,10,24,1,29,44,1,0,11,3,0,0,4,38,18,0,105,2,2,65,0,5,2,0,11,4,0,5,0,0,3,1,3,0,0,1,12,5,2,0,0,0,3,4,0,1,0,2,16,10,0,1,0,1,8,2,0,5,7,0,1,62,34,6,0,0,0,0,4,0,2,1,1,1,0,0,0,0,0,11,5,1,1,0,33,62,1,0
seatunnel-7553ce5f32a0813cf7a9931d9287ea017b6d4f58,0,0,5,5,0,0,0,0,4,0,0,0,13,27,0,8,0,4,0,0,1,0,2,8,1,4,1,0,4,0,3,1,0,0,0,0,1,0,2,2,4,0,0,17,11,10,0,0,0,0,13,13,0,0,0,0,10,0,1,1,0,0,5,0,0,4,0,0,0,0,0,0,4,5,4,4,8,0,0,3,1,0,1,0,0,0,0,0,1,6,1,0,0,0,0,0,147,0,0,0,0,0,2,6,0,0,0,0,7,5,1,0,0,0,5,1,4,0,1,0,2,48,38,0,0,0,0,1,0,1,0,0,7,0,0,0,0,0,0,1,2,0,0,0,0,4,0,2
seatunnel-7555b0d877f2c60fad47f1edb8cbefa6ad6d03c4,0,0,21,5,0,0,0,0,4,0,0,6,13,22,0,6,0,4,186,0,6,0,2,8,1,4,1,0,4,9,2,1,1,0,0,0,1,0,2,2,6,0,0,16,11,10,0,0,0,0,14,13,1,0,0,0,10,0,1,0,0,0,6,0,0,4,0,0,0,0,0,0,4,5,2,3,8,0,0,3,1,0,1,0,0,0,0,0,1,6,1,0,0,0,0,0,147,0,0,0,0,0,2,0,1,0,3,0,2,5,1,0,0,0,5,1,4,0,1,0,8,52,43,0,0,0,1,1,0,1,0,0,7,0,0,0,0,0,0,1,2,0,0,0,0,4,0,2
seatunnel-758335dcc5c5d6fd533168f2cb18091b6dd1ea6b,0,0,12,7,52,12,3,0,6,33,1,1,29,65,0,273,0,4,0,0,0,0,2,4,0,106,2,3,6,8,18,0,0,5,2,0,6,0,18,5,15,5,11,114,108,23,0,2,0,0,4,2,0,3,0,2,2,5,17,24,0,10,24,1,25,44,0,0,11,3,0,0,2,26,11,0,104,2,2,52,0,5,2,0,11,4,0,5,0,0,1,1,3,0,0,0,13,4,2,0,0,0,3,1,0,1,0,2,11,9,0,1,0,1,8,2,0,5,6,0,1,61,32,6,0,0,0,0,4,0,2,1,1,1,0,0,0,0,0,11,4,1,1,0,23,41,1,0
seatunnel-758db6e8ca663ec524286c76cb7a4ddf6cc13eb6,0,0,12,7,56,12,3,0,6,31,1,1,27,60,0,271,1,3,0,1,0,0,2,3,0,103,2,3,4,8,16,0,0,3,2,0,6,0,15,2,13,5,10,113,109,18,0,2,0,0,4,2,0,4,0,2,2,5,13,23,0,8,9,0,20,44,0,0,13,3,0,0,2,27,9,0,104,0,2,47,0,5,2,0,10,4,0,5,0,0,1,1,0,0,0,0,8,4,2,1,0,0,3,0,0,1,0,0,13,9,0,1,0,1,5,2,0,3,5,0,1,60,24,5,0,0,0,0,4,0,2,1,1,1,0,0,0,0,0,6,5,1,1,0,21,41,0,0
seatunnel-75c91fc05e19a735cf089f61c21723d606a0f5fd,0,0,6,1,15,4,0,0,0,5,0,0,12,14,0,97,0,3,0,0,0,0,0,3,0,48,0,0,1,8,6,0,0,0,0,0,4,0,1,2,3,1,3,55,106,9,0,2,0,0,4,0,0,2,0,3,0,0,6,5,0,2,1,0,5,4,0,0,0,0,0,0,2,14,2,0,86,0,0,14,0,0,1,2,0,0,0,1,1,0,2,1,0,0,0,0,1,5,0,0,0,0,0,8,0,0,0,0,2,3,0,0,0,0,6,0,0,0,3,0,0,18,6,0,0,0,0,0,0,0,0,0,0,0,0,0,0,0,0,4,0,0,1,0,4,11,0,0
seatunnel-75cd4723b2c14de9f20e1d7005cac7498b82887e,0,0,5,5,0,0,0,0,4,0,0,0,13,27,0,8,0,4,0,0,1,0,2,8,1,4,1,0,4,0,3,1,0,0,0,0,1,0,2,2,5,0,0,17,11,10,0,0,0,0,13,13,0,0,0,0,10,0,1,1,0,0,5,0,0,4,0,0,0,0,0,0,4,5,4,4,8,0,0,3,1,0,1,0,0,0,0,0,1,6,1,0,0,0,0,0,147,0,0,0,0,0,2,6,0,0,0,0,7,5,1,0,0,0,5,1,4,0,1,0,2,48,38,0,0,0,0,1,0,1,0,0,7,0,0,0,0,0,0,1,2,0,0,0,0,4,0,2
seatunnel-7622f28999c18ff1090c5bec08ef96d7c6c7eb65,0,0,12,7,39,7,1,0,0,25,1,1,19,57,0,239,0,4,0,0,0,0,2,4,0,73,1,1,3,8,12,0,0,1,1,1,5,2,14,2,10,3,6,88,94,14,0,2,0,0,4,2,0,2,0,2,0,5,12,19,0,6,9,2,8,3,0,0,1,3,0,0,2,21,7,0,87,0,0,39,0,3,1,0,6,4,0,17,0,0,1,1,0,0,0,0,9,4,1,1,0,0,3,14,0,1,0,0,13,9,0,0,0,1,5,0,0,3,13,1,0,58,21,0,0,0,0,0,0,0,1,1,1,1,0,0,0,0,0,6,2,0,1,0,13,36,0,0
seatunnel-7655ff8a5f95000074891a7a123e6fd382c5a39d,0,0,1,0,0,0,0,0,0,3,0,0,8,18,0,15,0,0,0,0,1,0,2,0,0,4,1,0,0,0,4,1,0,0,0,0,0,0,1,3,3,0,0,22,11,5,0,0,0,0,2,8,0,0,0,0,3,0,1,0,0,0,2,0,0,0,0,0,0,0,0,0,3,6,1,0,6,0,0,1,0,0,2,0,0,0,0,1,1,0,0,0,0,0,0,0,28,0,0,0,0,0,2,6,0,0,0,1,2,2,0,0,0,0,5,1,0,1,4,0,2,45,8,0,0,0,0,0,0,0,0,0,0,0,0,0,0,0,0,2,1,0,0,0,0,4,0,0
seatunnel-76818359af3bce34538536c250a991f038d8217e,0,0,12,7,58,11,3,0,6,31,1,1,27,58,0,270,1,4,0,1,0,0,2,4,0,103,2,3,4,8,16,0,0,3,2,0,6,0,15,2,13,5,10,108,109,18,0,2,0,0,4,2,0,4,0,2,2,5,14,23,0,8,8,0,20,44,0,0,13,3,0,0,2,22,9,0,106,0,2,45,0,5,2,0,10,4,0,5,0,0,1,1,0,0,0,0,8,4,2,1,0,0,3,0,0,1,0,0,13,9,0,1,0,1,5,2,0,3,5,0,1,60,24,5,0,0,0,0,4,0,2,1,1,1,0,0,0,0,0,6,5,1,1,0,21,41,0,0
seatunnel-768a9300e8f6f01e4e04a27f684ce6ca15265639,0,0,10,10,58,16,4,0,6,46,0,1,32,86,0,127,2,4,0,0,0,0,6,5,1,112,7,5,4,6,19,0,0,2,2,0,12,1,7,3,24,2,6,88,120,47,0,0,1,0,9,2,0,6,1,1,8,8,28,21,0,8,26,1,23,42,1,0,16,3,0,0,4,36,16,0,125,3,2,60,0,10,1,0,8,5,0,5,0,0,3,0,3,0,0,1,10,3,2,0,0,0,4,7,0,0,0,2,20,10,0,1,0,1,9,2,0,5,9,0,0,62,35,6,0,1,0,1,4,0,4,1,1,0,0,0,0,0,0,8,12,1,0,0,37,85,1,0
seatunnel-7696ba1551a3cf26f7038fdf108debaec7e5ebef,0,0,10,9,64,15,3,0,6,47,0,1,29,78,0,124,2,5,0,0,0,0,5,5,1,110,5,4,4,4,18,0,0,4,2,0,9,1,7,3,21,2,6,94,120,40,0,0,1,0,4,2,0,3,1,1,7,9,24,21,0,7,26,1,32,42,1,0,14,3,0,0,4,32,15,0,122,3,2,60,0,4,1,0,8,4,0,5,0,0,3,0,3,0,0,1,10,2,2,0,0,0,4,7,0,0,0,2,19,10,0,1,0,1,8,2,0,5,6,0,1,61,33,6,0,0,0,1,4,0,5,1,1,0,0,3,0,0,0,7,10,1,0,0,37,75,1,0
seatunnel-76973fe846e1b770362c1c6ac99b86eb7b29aff8,0,0,1,0,1,0,0,0,0,3,0,0,8,7,0,18,0,2,0,0,1,0,3,2,0,3,1,0,1,0,6,0,0,0,0,0,0,0,1,4,2,0,0,33,12,5,0,0,0,0,2,8,0,0,0,0,2,0,1,0,0,0,2,0,0,0,0,0,0,0,0,0,3,13,1,0,70,0,0,5,0,0,1,0,0,0,0,1,1,0,0,0,0,0,0,0,0,0,0,0,0,0,2,9,0,0,0,1,2,2,0,0,0,0,5,1,0,0,6,0,1,46,8,0,0,0,0,0,0,0,0,0,0,0,0,0,0,0,0,1,1,0,1,0,0,4,0,0
seatunnel-76a287766983de166280e57d9445fe1e6ec8ecc0,0,0,8,11,55,23,4,0,6,53,0,0,32,93,0,147,2,4,0,0,0,0,8,5,1,119,8,5,4,10,20,0,0,2,3,0,15,1,6,3,22,2,6,96,144,54,0,0,1,0,7,4,0,3,1,1,12,15,27,22,0,13,28,1,24,42,1,0,16,3,0,0,3,34,21,0,119,3,2,70,0,10,1,0,12,5,0,5,0,0,5,0,3,0,3,1,15,4,2,0,3,0,5,8,0,0,0,2,31,8,0,1,0,1,9,2,0,5,10,0,0,72,42,6,0,1,0,1,4,0,4,1,1,0,0,0,0,0,1,13,11,1,0,1,38,96,1,0
seatunnel-76b7d31c59d8e5cc706f3f770a1b4ddf6fba8354,0,0,12,7,58,11,3,0,6,31,1,1,27,59,0,273,1,4,0,1,0,0,2,4,0,103,2,2,4,8,16,0,0,3,2,0,6,0,15,2,13,5,10,108,109,18,0,2,0,0,4,2,0,4,0,2,2,5,14,23,0,8,8,2,20,44,0,0,13,3,0,0,2,22,9,0,106,0,2,45,0,5,2,0,10,4,0,5,0,0,1,1,0,0,0,0,8,4,2,1,0,0,3,0,0,1,0,0,13,9,0,1,0,1,5,2,0,3,5,0,1,60,24,5,0,0,0,0,1,0,2,1,1,1,0,0,0,0,0,6,3,1,1,0,21,41,0,0
seatunnel-76bccbd8c80585803022320a7c9b27494e82b1c4,0,0,12,5,37,7,1,0,0,25,1,1,19,53,0,240,0,4,0,0,0,0,3,4,0,71,1,1,3,8,10,0,0,1,1,1,5,2,13,2,11,5,6,87,93,14,0,2,0,0,4,2,0,2,0,2,0,3,12,19,0,6,9,2,8,3,0,0,1,0,0,0,2,21,7,0,88,0,0,39,0,3,1,0,6,4,0,16,0,0,1,1,0,0,0,0,7,4,1,1,0,0,3,14,0,1,0,0,9,9,0,0,0,0,5,0,0,3,14,1,0,57,20,0,0,0,0,0,0,0,1,1,1,1,0,0,0,0,0,6,2,0,1,0,13,36,0,0
seatunnel-76c2cb37f91c1ffd8912b849edff363c986c57c2,0,0,5,1,2,1,0,0,0,5,0,0,5,9,0,68,0,3,0,0,0,0,1,3,0,7,1,1,1,4,5,0,0,0,0,0,0,0,1,2,3,0,0,37,12,5,0,2,0,0,3,0,0,1,0,1,0,1,3,3,0,1,0,0,1,2,0,0,0,3,0,0,2,13,1,0,68,0,0,9,0,0,1,0,0,0,0,2,0,0,0,1,0,0,0,0,0,1,1,0,0,0,0,7,0,0,0,0,5,3,0,0,0,0,6,0,0,0,5,0,0,20,6,0,0,0,0,0,0,0,0,0,0,0,0,0,0,0,0,4,0,0,1,0,0,5,0,0
seatunnel-76c462df09abf58b287c10f422661cfe0483b1f3,0,0,1,0,1,0,0,0,0,3,0,0,8,7,0,25,0,3,0,0,1,0,1,3,0,3,1,0,1,0,4,0,0,6,0,0,0,0,1,3,2,0,0,26,8,2,0,2,2,0,2,8,0,0,0,0,2,0,4,2,0,0,1,0,0,0,0,0,0,0,0,0,2,14,0,0,72,0,0,6,0,0,1,0,0,0,0,1,1,0,0,1,0,0,0,0,0,0,0,0,0,0,2,4,0,0,0,1,2,2,0,0,0,0,5,0,0,0,3,0,1,12,12,0,0,0,0,0,0,0,0,0,0,0,0,0,0,0,0,1,0,0,1,0,0,4,0,0
seatunnel-7703be091f57db918ff463a482b908b14d56d02e,5,2,5,5,0,0,0,0,4,0,0,1,13,22,0,6,0,4,186,0,1,0,2,8,1,4,1,0,4,0,2,1,0,0,0,0,1,0,2,2,5,0,0,17,11,10,0,0,0,0,14,13,1,0,0,0,10,0,1,1,0,0,6,0,0,4,0,0,0,0,0,0,4,5,2,3,8,0,0,3,1,0,1,0,0,0,0,0,1,6,1,0,0,0,0,0,147,0,0,0,0,0,2,6,0,0,3,0,6,5,1,0,0,0,5,1,4,0,1,0,8,52,42,0,0,0,0,1,0,1,0,0,7,0,0,0,0,0,0,1,2,0,0,0,0,4,0,2
seatunnel-770bade75ba9dc6f04bea75e5cb9c567a7401a14,0,0,5,1,3,1,0,0,0,5,0,0,5,9,0,77,0,3,0,0,0,0,1,3,0,8,1,1,1,4,5,0,0,1,0,0,0,0,1,2,4,0,0,38,12,5,0,2,0,0,3,0,0,1,0,1,0,1,3,3,0,1,0,0,1,2,0,0,0,3,0,0,2,13,1,0,71,0,0,9,0,0,1,0,0,0,0,2,0,0,0,1,0,0,0,0,0,1,1,0,0,0,0,7,0,0,0,0,5,3,0,0,0,0,1,0,0,0,5,0,0,17,6,0,0,0,0,0,0,0,0,0,0,0,0,0,0,0,0,4,0,0,1,0,0,5,0,0
seatunnel-777bf6b42e5f04f5b10e583506f527991a3b0e9b,0,0,12,7,53,12,3,0,6,40,1,1,29,70,0,280,0,4,0,0,0,0,3,4,0,106,2,3,6,8,18,0,0,5,2,1,8,0,9,5,18,5,11,114,108,26,0,2,0,0,4,2,0,3,0,2,3,12,17,26,0,10,24,1,25,44,0,0,11,3,0,0,2,30,11,0,105,2,2,53,0,5,2,0,11,4,0,5,0,0,1,1,3,0,0,0,12,4,2,0,0,0,3,2,0,1,0,2,18,10,0,1,0,1,8,2,0,5,7,0,1,61,32,6,0,0,0,0,4,0,2,1,1,1,0,0,0,0,0,11,4,1,1,0,23,43,1,0
seatunnel-77f68f1eefc9e2978f6a0947a08bf1a0072172eb,0,0,8,9,62,15,3,0,6,41,0,1,26,71,0,250,0,4,0,0,0,2,4,4,0,108,2,4,4,4,17,0,0,4,2,1,10,1,7,3,20,3,6,87,120,28,0,0,0,0,2,2,0,2,1,1,5,9,22,23,0,6,25,1,29,42,1,0,13,3,0,0,4,32,14,0,121,2,2,59,0,4,1,0,8,4,0,5,0,0,3,0,3,0,0,1,11,2,1,0,0,0,3,7,0,1,0,2,15,10,0,1,0,1,7,2,0,5,5,0,1,57,31,6,0,0,0,0,4,0,2,1,1,0,0,3,0,0,0,7,8,1,0,0,35,70,1,0
seatunnel-78035bfac3d78f67ed356369603896d2b2b65547,0,0,1,0,7,0,0,0,0,3,0,0,8,18,0,18,0,2,0,0,1,0,3,2,0,3,1,0,1,0,5,0,0,0,0,0,0,0,1,4,3,0,0,33,12,5,0,0,0,0,3,8,0,0,0,0,2,0,7,0,0,0,2,0,0,0,0,0,0,0,0,0,3,13,1,0,66,0,0,5,0,0,1,0,0,0,0,1,1,0,0,0,0,0,0,0,0,0,0,0,0,0,2,9,0,0,0,1,2,2,0,0,0,0,5,1,0,0,6,0,1,46,8,0,0,0,0,0,0,0,0,0,0,0,0,0,0,0,0,2,1,0,1,0,0,4,0,0
seatunnel-7823afad50dd53650d127fcfafca90f2971ff466,0,0,8,14,55,23,4,0,6,54,0,0,33,95,0,147,2,4,0,0,0,0,8,5,1,120,8,5,4,10,20,0,0,2,3,0,16,1,6,3,23,2,6,96,144,54,0,0,1,0,7,4,0,3,1,1,12,15,28,22,0,13,28,1,26,42,1,0,16,3,0,0,3,34,21,0,119,3,2,70,0,10,1,0,12,5,0,5,0,0,5,0,3,0,3,1,15,4,2,0,3,0,5,8,0,0,0,2,31,8,0,1,0,1,9,2,0,5,10,0,0,72,43,6,0,1,0,1,4,0,4,1,1,0,0,0,0,0,1,13,11,1,0,1,38,96,1,0
seatunnel-7870ec1bd757ea3eb214dc52c1290db87ba02ede,0,0,8,5,40,11,1,0,0,18,1,1,14,38,0,226,0,3,0,0,0,0,4,3,0,67,1,1,2,8,14,0,0,1,0,1,5,1,3,2,8,4,6,77,95,10,0,2,0,0,4,2,0,2,0,2,0,1,17,19,0,5,6,0,7,3,0,0,4,0,0,0,2,15,5,0,78,0,0,25,0,1,1,1,6,2,0,8,0,0,2,1,0,0,0,0,4,4,1,0,0,0,2,16,0,0,0,0,6,9,0,0,0,0,4,0,0,3,15,0,0,42,9,0,0,0,0,0,4,0,1,0,0,0,0,0,0,0,0,6,2,0,1,0,12,26,0,0
seatunnel-78b9a739cfc5d21cbd04ba68a31b115e5a2ec843,0,0,8,11,54,23,4,0,6,53,0,0,37,94,0,152,2,4,0,0,0,0,7,5,1,143,8,5,4,10,20,0,0,2,3,0,15,1,6,3,22,2,6,96,146,58,0,0,1,0,7,4,0,3,1,1,12,15,27,25,0,13,28,1,25,42,1,0,16,3,0,0,4,34,24,0,119,3,2,72,0,10,1,0,12,5,0,5,0,0,5,0,3,0,3,1,15,5,2,0,3,0,5,9,0,0,0,2,31,8,0,1,0,1,9,2,0,5,11,0,1,73,42,6,0,1,0,1,4,0,4,1,1,0,0,0,0,0,1,13,14,1,0,1,38,102,1,0
seatunnel-78df5033920bcfc7818950160dbc4e724c3c3a96,0,0,7,11,54,19,4,0,6,53,0,0,31,90,0,126,2,4,0,0,0,0,8,5,1,111,8,5,4,6,20,0,0,2,3,0,13,1,6,3,22,2,6,95,125,52,0,0,1,0,6,4,0,3,1,1,11,15,27,22,0,12,28,1,22,42,1,0,15,3,0,0,3,33,20,0,119,3,2,68,0,10,1,0,10,5,0,5,0,0,4,0,3,0,3,1,15,4,2,0,3,0,5,8,0,0,0,2,30,8,0,1,0,1,9,2,0,5,10,0,0,72,42,6,0,1,0,1,4,0,4,1,1,0,0,0,0,0,1,13,11,1,0,1,38,94,1,0
seatunnel-78f5d503b16497752c90caef49eb5062e616e713,0,0,21,5,0,0,0,0,4,0,0,6,13,22,0,6,0,4,186,0,6,0,2,8,1,4,1,0,4,9,2,1,1,0,0,0,1,0,2,2,5,0,0,16,11,10,0,0,0,0,14,13,1,0,0,0,10,0,1,1,0,0,6,0,0,4,0,0,0,0,0,0,4,5,2,3,8,0,0,3,1,0,1,0,0,0,0,0,1,6,1,0,0,0,0,0,147,0,0,0,0,0,2,5,1,0,3,0,2,5,1,0,0,0,5,1,4,0,1,0,8,52,43,0,0,0,1,1,0,1,0,0,7,0,0,0,0,0,0,1,2,0,0,0,0,4,0,2
seatunnel-78f7989b814015ffd03e6f3c9f5e19f8b66e08cc,0,0,10,16,56,25,4,1,6,55,0,0,44,114,2,149,2,20,0,1,3,0,6,21,2,143,9,4,4,10,29,0,1,3,3,0,15,1,8,3,25,2,6,101,140,64,2,0,9,1,7,16,3,4,4,3,16,17,26,24,1,11,33,1,31,43,1,3,17,3,0,1,5,33,26,0,127,4,2,72,0,10,2,0,14,4,2,18,0,0,5,0,3,0,1,1,25,7,4,0,1,1,8,9,0,0,0,3,35,8,0,1,0,1,15,5,0,5,9,0,2,78,77,7,0,1,0,1,4,0,2,2,1,0,0,6,0,0,1,11,11,1,1,2,42,107,1,2
seatunnel-79339df3455c88ba606847d79b3b3a1682c97a67,0,0,0,0,2,0,0,0,0,0,0,0,3,2,0,2,0,0,0,0,0,0,0,0,0,1,0,0,0,0,0,0,0,0,0,0,0,0,1,0,0,0,0,3,15,0,0,0,0,0,3,0,0,0,0,0,0,0,0,0,0,0,1,0,0,0,0,0,0,0,0,0,1,0,0,0,0,0,0,0,0,0,0,0,0,0,0,0,0,0,0,0,0,0,0,0,0,0,0,0,0,0,0,1,0,0,0,0,0,0,0,0,0,0,1,0,0,0,1,0,0,9,0,0,0,0,0,0,0,0,0,0,0,0,0,0,0,0,0,0,0,0,0,0,0,0,0,0
seatunnel-793933b6b863678d91c2d8146726b5c81c3a22a5,0,0,8,6,44,11,1,0,0,24,1,1,14,45,0,277,0,3,0,0,0,0,4,3,0,73,1,1,3,8,14,0,0,1,0,1,5,2,3,2,9,4,6,90,95,10,0,2,0,0,4,2,0,2,0,2,0,1,17,19,0,6,6,0,8,3,0,0,4,0,0,0,2,18,7,0,80,0,0,32,0,1,1,1,6,3,0,15,0,0,2,1,0,0,0,0,5,4,1,1,0,0,2,16,0,0,0,0,6,9,0,0,0,0,5,0,0,3,17,0,0,39,14,0,0,0,0,0,4,0,1,1,0,0,0,0,0,0,0,6,2,0,1,0,12,31,0,0
seatunnel-7953ac149fd8d397f7a87b147d56d355d7798a18,0,0,8,5,62,11,3,0,6,23,0,1,17,37,0,233,0,3,0,0,0,0,3,3,0,94,1,2,1,8,19,0,0,1,1,1,5,0,1,2,10,5,7,88,108,16,0,2,0,0,4,2,0,4,0,2,1,1,17,13,0,8,6,0,14,3,0,0,11,0,0,0,2,15,8,0,77,0,0,27,0,1,1,2,10,2,0,6,0,0,2,1,0,0,0,0,4,4,1,0,0,0,2,17,0,0,0,0,7,9,0,1,0,0,1,2,0,3,15,0,0,29,10,0,0,0,0,0,4,0,2,0,0,0,0,0,0,0,0,6,0,1,1,0,18,26,0,0
seatunnel-797adbc52eaebb4564a5a98158c7e141a70cd0f3,0,0,8,5,35,9,1,0,0,18,0,1,14,32,0,215,0,3,0,0,0,0,3,3,0,65,1,1,1,8,14,0,0,1,0,1,5,0,1,2,6,4,6,76,95,11,0,2,0,0,4,2,0,2,0,2,0,1,16,13,0,5,6,0,7,3,0,0,6,0,0,0,2,14,5,0,78,0,0,24,0,1,1,1,6,2,0,6,0,0,2,1,0,0,0,0,3,4,1,0,0,0,2,17,0,0,0,0,6,9,0,0,0,0,1,0,0,3,15,0,0,24,8,0,0,0,0,0,4,0,1,0,0,0,0,0,0,0,0,6,0,0,1,0,12,21,0,0
seatunnel-798d6e829c3ffcb7d69eb5def98b4ee9a03ea548,0,0,21,5,0,0,0,0,4,0,0,6,13,22,0,6,0,4,186,0,6,0,2,8,1,4,1,0,4,9,2,1,1,0,0,0,1,0,2,2,5,0,0,16,11,10,0,0,0,0,14,13,1,0,0,0,10,0,1,1,0,0,6,0,0,4,0,0,0,0,0,0,4,5,2,3,8,0,0,3,1,0,1,0,0,0,0,0,1,6,1,0,0,0,0,0,147,0,0,0,0,0,2,5,1,0,3,0,2,5,1,0,0,0,5,1,4,0,1,0,8,52,43,0,0,0,1,1,0,1,0,0,7,0,0,0,0,0,0,1,2,0,0,0,0,4,0,2
seatunnel-79a134a03b8a13a292c973d04dc28ccd88422c38,0,0,6,11,54,19,4,0,6,53,0,0,29,90,0,122,2,4,0,0,0,0,8,5,1,106,8,5,4,6,20,0,0,2,3,0,12,1,6,3,24,2,6,95,113,52,0,0,1,0,10,4,0,3,1,1,11,15,27,21,0,12,27,1,22,42,1,0,15,3,0,0,3,33,19,0,100,3,2,67,0,10,1,0,8,5,0,5,0,0,4,0,3,0,3,1,14,4,2,0,3,0,5,8,0,0,0,2,29,10,0,1,0,1,9,2,0,5,10,0,0,71,41,6,0,1,0,1,4,0,4,1,1,0,0,0,0,0,1,11,11,1,0,1,37,93,1,0
seatunnel-79a499b2223372652dd34f21646eeb9395f0fbda,0,0,5,5,0,0,0,0,4,3,0,0,13,27,0,17,0,4,0,0,1,0,2,8,1,4,1,0,4,0,2,1,0,0,0,0,1,0,2,2,4,1,0,20,11,10,0,0,0,0,13,13,0,0,0,0,10,0,1,1,0,0,5,0,0,4,0,0,0,0,0,0,4,5,4,4,8,0,0,2,1,0,2,0,0,0,0,1,1,6,1,0,0,0,0,0,152,0,0,0,0,0,2,6,0,0,0,0,7,5,1,0,0,0,5,1,4,1,1,0,2,51,39,0,0,0,0,1,0,1,0,0,7,0,0,0,0,0,0,2,2,0,0,0,0,4,0,2
seatunnel-79b5cdd9c2acf79e0de76599bbed72db44400ef4,0,0,8,11,55,23,4,0,6,53,0,0,32,93,0,147,2,4,0,0,0,0,8,5,1,119,8,5,4,10,20,0,0,2,3,0,15,1,6,3,22,2,6,96,144,53,0,0,1,0,7,4,0,3,1,1,12,15,27,22,0,13,28,1,22,42,1,0,16,3,0,0,3,34,21,0,119,3,2,70,0,10,1,0,12,5,0,5,0,0,5,0,3,0,3,1,15,4,2,0,3,0,5,8,0,0,0,2,31,8,0,1,0,1,9,2,0,5,10,0,0,72,42,6,0,1,0,1,4,0,4,1,1,0,0,0,0,0,1,13,11,1,0,1,38,96,1,0
seatunnel-79c3de43e743ca1c1b6c6aab998159951453b442,0,0,8,9,62,15,3,0,6,42,0,1,26,76,0,231,0,4,0,0,0,2,4,4,0,105,2,4,4,4,17,0,0,4,2,1,10,1,7,3,20,3,6,87,120,30,0,0,0,0,2,2,0,2,1,1,5,9,22,23,0,6,24,1,29,42,1,0,13,3,0,0,4,32,14,0,121,2,2,58,0,4,1,0,8,4,0,5,0,0,3,0,3,0,0,1,11,2,1,0,0,0,3,7,0,1,0,2,15,10,0,1,0,1,8,2,0,5,5,0,1,60,31,6,0,0,0,0,4,0,2,1,1,0,0,3,0,0,0,7,8,1,0,0,35,70,1,0
seatunnel-79ca878338499ba10e6f72fad0fadded53d17127,0,0,10,17,57,24,4,0,6,53,0,0,42,107,2,152,2,16,0,0,3,0,5,17,2,160,8,4,4,10,26,0,1,2,3,0,15,1,5,3,23,3,6,101,148,66,0,0,8,1,8,16,3,4,4,1,15,15,26,22,1,13,32,1,27,43,1,0,14,3,0,1,5,32,27,0,127,4,2,81,0,10,2,0,16,4,2,18,0,0,5,0,3,0,1,1,24,5,4,0,1,1,8,9,0,0,0,3,34,8,0,1,0,1,15,5,0,5,10,0,2,82,72,6,0,1,0,1,4,0,2,1,1,0,0,0,0,0,1,13,11,1,1,2,38,106,1,2
seatunnel-79cb09d629bf1c98a2c1bb6bf885b65a1992e8b3,0,0,12,5,42,9,2,0,0,25,1,1,18,54,0,266,0,3,0,0,0,0,3,3,0,74,1,1,3,8,15,0,0,1,0,1,5,2,13,2,10,4,6,88,93,11,0,2,0,0,4,2,0,1,0,2,0,3,17,19,0,8,6,2,8,3,0,0,3,0,2,0,2,21,11,0,88,1,0,38,0,3,1,0,6,4,0,16,0,1,1,1,0,0,0,0,7,4,1,1,0,0,0,16,0,1,0,0,14,9,0,0,0,0,5,0,0,3,17,1,0,53,18,0,0,0,0,0,0,0,1,1,1,1,0,2,0,0,0,6,2,0,1,0,14,37,0,0
seatunnel-79cb3f66eba0c6e999f667e3e3c7dcfc58a16031,0,0,5,5,0,0,0,0,4,0,0,0,13,27,0,8,0,4,0,0,1,0,2,8,1,4,1,0,4,0,3,1,0,0,0,0,1,0,2,2,5,0,0,17,11,10,0,0,0,0,13,13,0,0,0,0,10,0,1,1,0,0,5,0,0,4,0,0,0,0,0,0,4,5,4,4,8,0,0,3,1,0,1,0,0,0,0,0,1,6,1,0,0,0,0,0,147,0,0,0,0,0,2,6,0,0,0,0,7,5,1,0,0,0,5,1,4,0,1,0,2,48,38,0,0,0,0,1,0,1,0,0,7,0,0,0,0,0,0,1,2,0,0,0,0,4,0,2
seatunnel-7a0a3da25538f32931bffc711997430fc5b9c43e,0,0,10,14,57,23,4,0,6,54,0,0,34,96,0,147,2,10,0,0,2,0,8,11,1,125,8,5,4,10,21,0,0,2,3,0,16,1,6,3,23,2,6,98,144,55,0,0,1,0,7,4,0,3,1,1,13,15,29,22,0,13,28,1,26,42,1,0,16,3,0,0,4,38,21,0,119,3,2,76,0,10,1,0,12,5,0,5,0,0,5,0,3,0,3,1,16,4,4,0,3,0,6,8,0,0,0,2,31,8,0,1,0,1,14,2,0,5,10,0,0,72,46,6,0,1,0,1,4,0,4,1,1,0,0,0,0,0,1,13,11,1,0,1,38,96,1,2
seatunnel-7a1a7e31f3c34c947c227d92560a946610a353fa,0,0,5,1,3,1,0,0,0,5,0,0,5,9,0,76,0,3,0,0,0,0,1,3,0,8,1,1,1,4,5,0,0,0,0,0,0,0,1,2,4,0,0,37,12,5,0,2,0,0,3,0,0,1,0,1,0,1,3,3,0,1,0,0,1,2,0,0,0,3,0,0,2,13,1,0,69,0,0,9,0,0,1,0,0,0,0,2,0,0,0,1,0,0,0,0,0,1,1,0,0,0,0,7,0,0,0,0,5,3,0,0,0,0,1,0,0,0,5,0,0,20,6,0,0,0,0,0,0,0,0,0,0,0,0,0,0,1,0,4,0,0,1,0,0,5,0,0
seatunnel-7a1db7385c3a1beed2d4df73dbd65a413935cee8,0,0,12,7,53,11,2,0,0,25,1,1,15,51,0,302,0,3,0,0,0,0,5,3,0,71,1,1,3,8,17,0,0,1,0,1,5,2,11,2,11,4,6,93,95,13,0,2,0,0,4,2,0,2,0,2,0,2,25,19,0,7,7,0,8,3,0,0,3,0,2,0,2,21,9,0,89,0,0,39,0,3,1,1,6,4,0,15,0,1,1,1,0,0,0,0,8,4,1,1,0,0,2,20,0,1,0,0,12,9,0,0,0,0,6,0,0,3,22,1,0,46,18,0,0,0,0,0,4,0,1,1,0,1,0,2,0,0,0,6,2,0,1,0,13,34,0,0
seatunnel-7a5135b98f134a6d5ba926bf75f27dd754876f8b,0,0,12,7,52,11,2,0,0,25,1,1,15,51,0,302,0,3,0,0,0,0,5,3,0,70,1,1,3,8,17,0,0,1,0,1,5,2,11,2,11,4,6,93,95,13,0,2,0,0,4,2,0,2,0,2,0,2,24,19,0,7,7,0,8,3,0,0,3,0,2,0,2,21,9,0,89,0,0,39,0,3,1,1,6,3,0,15,0,1,1,1,0,0,0,0,8,4,1,1,0,0,2,20,0,1,0,0,12,9,0,0,0,0,6,0,0,3,22,1,0,44,18,0,0,0,0,0,4,0,1,1,0,1,0,2,0,0,0,6,2,0,1,0,13,34,0,0
seatunnel-7a7b2299d9d6fb7bd4d9745d09c64bf459ebacad,0,0,1,0,0,0,0,0,0,3,0,0,8,18,0,16,0,2,0,0,1,0,2,2,0,3,1,0,1,0,5,0,0,0,0,0,0,0,1,3,2,0,0,26,11,5,0,0,0,0,2,8,0,0,0,0,2,0,1,0,0,0,2,0,0,0,0,0,0,0,0,0,3,12,1,0,8,0,0,2,0,0,1,0,0,0,0,1,1,0,0,0,0,0,0,0,0,0,0,0,0,0,2,7,0,0,0,1,2,2,0,0,0,0,5,1,0,0,5,0,1,46,8,0,0,0,0,0,0,0,0,0,0,0,0,0,0,0,0,2,1,0,1,0,0,4,0,0
seatunnel-7a81fd3751048492df5d3b38ce4bb5a5d7a26986,0,0,8,16,62,26,4,2,6,55,0,1,44,117,2,148,2,20,0,1,3,0,5,21,2,142,9,4,4,10,30,0,1,3,3,0,15,1,8,3,25,2,6,106,140,65,2,0,9,1,7,16,4,4,4,3,15,17,28,24,1,10,33,1,31,43,1,3,20,3,0,1,5,25,25,0,129,4,2,77,0,10,3,0,14,4,2,18,0,0,5,0,3,1,1,1,24,7,3,0,1,1,8,9,0,0,0,4,35,8,0,1,0,1,15,6,0,6,9,0,2,79,84,7,0,1,0,1,4,0,2,2,1,0,1,6,0,0,1,11,13,1,1,2,42,106,1,0
seatunnel-7a836f2d44560ffb8edd7aa6c8a12b0565b94f2d,0,0,9,8,60,15,3,0,6,42,0,1,27,75,0,249,0,4,0,0,0,2,4,4,0,105,2,3,5,4,16,0,0,4,2,1,10,1,5,3,20,3,6,87,124,27,0,0,0,0,2,2,0,3,1,1,5,9,19,23,0,7,24,1,28,42,1,0,13,3,0,0,4,27,15,0,97,2,2,61,0,4,1,0,8,4,0,5,0,0,3,0,3,0,0,1,11,4,1,0,0,0,3,7,0,1,0,2,15,10,0,1,1,1,7,2,0,5,5,0,1,54,31,7,0,0,0,0,4,0,2,1,1,1,0,3,0,0,0,7,8,1,0,0,35,65,1,0
seatunnel-7a8a0769fa4825ccdfb875774bc421db96f25461,0,0,12,7,64,11,3,0,6,30,1,1,26,64,0,270,1,4,0,0,0,0,2,4,0,105,2,2,4,8,17,0,0,3,2,1,6,2,15,2,15,5,8,106,109,18,0,2,0,0,4,2,0,4,0,2,2,5,15,23,0,7,11,2,21,44,0,0,23,3,0,0,2,22,8,0,85,0,0,43,0,5,1,0,10,4,0,17,0,0,1,1,0,0,0,0,11,4,1,1,0,0,3,14,0,1,0,0,13,9,0,1,0,1,5,2,0,3,13,1,1,85,25,5,0,0,0,0,0,0,2,1,1,1,0,0,0,0,0,6,3,1,1,0,21,46,0,0
seatunnel-7a9cd574f19cc41cb9e36803cfae23e21eb2f523,0,0,9,11,50,17,4,0,6,53,0,0,27,83,0,120,2,4,0,0,0,0,6,5,1,106,8,5,4,6,18,0,0,2,2,0,12,1,6,3,24,3,6,88,113,50,0,0,1,0,10,3,0,3,1,1,10,15,27,21,0,11,26,1,22,42,1,0,14,3,0,0,3,31,19,0,103,3,2,61,0,10,1,0,8,5,0,5,0,0,4,0,3,0,0,1,14,3,2,0,0,0,4,7,0,0,0,2,29,10,0,1,0,1,9,2,0,5,9,0,0,70,38,6,0,1,0,1,4,0,4,1,1,0,0,0,0,0,0,10,11,1,0,0,35,86,1,0
seatunnel-7b237befc5f723a35656fbee4aa4306300554ef0,0,0,1,0,6,0,0,0,0,3,0,0,8,18,0,17,0,2,0,0,1,0,2,2,0,3,1,0,1,0,5,0,0,0,0,0,0,0,1,4,3,0,0,30,11,5,0,0,0,0,3,8,0,0,0,0,2,0,7,0,0,0,2,0,0,0,0,0,0,0,0,0,3,13,1,0,66,0,0,2,0,0,1,0,0,0,0,1,1,0,0,0,0,0,0,0,0,0,0,0,0,0,2,8,0,0,0,1,2,2,0,0,0,0,5,1,0,0,6,0,1,48,8,0,0,0,0,0,0,0,0,0,0,0,0,0,0,0,0,2,1,0,1,0,0,4,0,0
seatunnel-7b264d70047a36933a9f071fcc318d1d5fca3b79,0,0,8,9,62,15,3,0,6,42,0,1,26,76,0,227,0,4,0,0,0,2,5,4,0,105,2,4,4,4,17,0,0,4,2,1,10,1,7,3,20,3,6,87,120,33,0,0,0,0,2,2,0,2,1,1,5,9,22,23,0,6,24,1,29,42,1,0,13,3,0,0,4,32,14,0,121,3,2,58,0,4,1,0,8,4,0,5,0,0,3,0,3,0,0,1,11,2,1,0,0,0,3,7,0,1,0,2,15,10,0,1,0,1,8,2,0,5,5,0,1,59,31,6,0,0,0,0,4,0,2,1,1,0,0,3,0,0,0,7,8,1,0,0,35,70,1,0
seatunnel-7b44c012783f53938b851bba3c605c3fe23fa72e,0,0,1,0,1,0,0,0,0,3,0,0,8,7,0,25,0,3,0,0,1,0,1,3,0,3,1,0,1,0,4,0,0,6,0,0,0,0,1,3,2,0,0,26,8,2,0,2,2,0,2,8,0,0,0,0,2,0,4,2,0,0,1,0,0,0,0,0,0,0,0,0,2,14,0,0,72,0,0,6,0,0,1,0,0,0,0,1,1,0,0,1,0,0,0,0,0,0,0,0,0,0,2,4,0,0,0,1,2,2,0,0,0,0,5,0,0,0,3,0,1,12,12,0,0,0,0,0,0,0,0,0,0,0,0,0,0,0,0,1,0,0,1,0,0,4,0,0
seatunnel-7b47c3494dee4cab98859859b07e94d36bb7c90b,0,0,1,0,1,0,0,0,0,4,0,0,7,4,0,25,0,3,0,0,1,0,0,3,0,4,0,0,1,4,5,0,0,6,0,0,0,0,1,2,2,0,0,25,12,3,0,2,1,0,2,8,0,1,0,0,2,0,3,2,0,1,1,0,0,0,0,0,0,3,0,0,2,14,1,0,64,0,0,6,0,0,1,0,0,0,0,0,1,0,0,1,0,0,0,0,0,0,0,0,0,0,2,5,0,0,0,1,2,2,0,0,0,0,5,0,0,0,3,0,1,12,12,0,0,0,0,0,0,0,0,0,0,0,0,0,0,0,0,1,0,0,1,0,0,4,0,0
seatunnel-7b5f6f1bc2f2038ff6ec25abdecc87f2d990c24f,0,0,6,11,50,19,4,0,6,53,0,0,28,83,0,120,2,4,0,0,0,0,6,5,1,106,8,5,4,6,18,0,0,2,3,0,12,1,6,3,24,2,6,88,113,50,0,0,1,0,10,4,0,3,1,1,10,15,27,21,0,12,26,1,22,42,1,0,14,3,0,0,3,31,19,0,101,3,2,61,0,10,1,0,8,5,0,5,0,0,4,0,3,0,0,1,14,3,2,0,0,0,4,7,0,0,0,2,29,10,0,1,0,1,9,2,0,5,9,0,0,69,39,6,0,1,0,1,4,0,4,1,1,0,0,0,0,0,0,9,11,1,0,0,35,86,1,0
seatunnel-7b6a4f9b1c432869872b8ca41304d047d3676529,0,0,2,1,4,1,0,0,0,4,0,0,7,5,0,61,0,3,0,0,0,0,0,3,0,5,0,0,1,4,5,0,0,0,0,0,0,0,1,2,3,0,1,37,12,5,0,2,0,0,3,0,0,1,0,1,0,0,4,2,0,1,0,0,1,2,0,0,0,3,0,0,2,13,1,0,68,0,0,8,0,0,1,0,0,0,0,0,1,0,0,1,0,0,0,0,0,0,0,0,0,0,0,7,0,0,0,0,2,3,0,0,0,0,5,0,0,0,4,0,0,15,6,0,0,0,0,0,0,0,0,0,0,0,0,0,0,0,0,4,0,0,1,0,0,6,0,0
seatunnel-7b72dd95a228aad9ebb2f51c2f5755ab2ea03d04,0,0,10,16,53,25,4,0,6,53,0,0,40,101,2,150,2,9,0,0,2,0,8,10,2,159,9,4,4,10,22,0,0,2,3,0,17,1,5,3,25,3,6,101,148,70,0,0,8,1,8,8,3,4,4,1,13,15,26,23,1,13,29,1,28,42,1,0,14,3,0,1,5,34,25,0,122,5,2,77,0,10,1,0,16,5,0,5,0,0,5,0,3,0,3,1,16,5,4,0,3,1,6,9,0,0,0,3,33,8,0,1,0,1,15,5,0,5,12,0,1,77,63,6,0,1,0,1,4,0,2,1,1,0,0,0,0,0,1,13,11,1,0,2,38,102,1,2
seatunnel-7b78d6c9228e438dab0ac62539ab642c0ca11e41,0,0,8,6,46,11,1,0,0,24,1,1,14,47,0,278,0,3,0,0,0,0,4,3,0,73,1,1,3,8,14,0,0,1,0,1,5,2,3,2,9,4,6,90,95,10,0,2,0,0,4,2,0,2,0,2,0,1,17,19,0,6,6,0,8,3,0,0,4,0,0,0,2,18,7,0,80,0,0,33,0,1,1,1,6,3,0,15,0,0,2,1,0,0,0,0,5,4,1,1,0,0,2,16,0,0,0,0,6,9,0,0,0,0,5,0,0,3,17,0,0,40,14,0,0,0,0,0,4,0,1,1,0,0,0,0,0,0,0,6,2,0,1,0,12,31,0,0
seatunnel-7b92d2a208a86aedd4b67b1bc264971d7e5ae23e,0,0,9,8,61,15,3,0,6,42,0,1,27,72,0,243,0,4,0,0,0,2,4,4,0,106,1,3,5,4,17,0,0,4,2,1,10,1,5,3,19,5,6,85,124,27,0,0,0,0,2,2,0,3,1,1,5,9,19,23,0,7,24,1,28,42,1,0,13,3,0,0,4,27,14,0,95,2,2,60,0,4,1,0,8,4,0,5,0,0,3,0,3,0,0,1,11,4,1,0,0,0,3,7,0,1,0,2,15,10,0,1,1,1,7,2,0,5,5,0,1,57,30,7,0,0,0,0,4,0,2,1,1,1,0,3,0,0,0,7,8,1,0,0,35,65,1,0
seatunnel-7bc2ec5405c6b534c4d31e7febffb19a2bf743e3,0,0,8,4,62,10,3,0,6,23,0,1,18,37,0,235,1,3,0,0,0,0,3,3,0,98,2,2,1,8,16,0,0,1,1,1,5,0,2,2,9,5,9,92,108,16,0,2,0,0,4,2,0,4,0,2,2,1,20,17,0,7,9,0,12,3,0,0,22,0,0,0,2,15,7,0,77,0,0,30,0,3,1,1,10,2,0,6,0,0,2,1,0,0,0,0,4,4,1,0,0,0,2,17,0,0,0,0,7,9,0,1,0,0,1,2,0,3,15,0,0,27,11,0,0,0,0,0,4,0,2,0,0,0,0,0,0,0,0,6,0,0,1,0,19,28,0,0
seatunnel-7bf00fb19f62ef21c9d1c93da7cf256d18a2e4df,0,0,14,8,59,15,3,0,6,44,0,1,31,75,0,293,0,4,0,0,0,2,4,4,0,110,2,3,6,8,20,0,0,5,2,1,8,1,6,5,20,5,12,121,124,28,0,2,0,0,4,2,0,3,1,2,5,10,18,25,0,9,25,1,29,44,1,0,11,3,0,0,4,36,16,0,105,2,2,67,0,5,2,0,11,4,0,5,0,0,3,1,3,0,0,1,12,4,2,0,0,0,3,4,0,1,0,2,18,10,0,1,0,1,8,2,0,5,7,0,1,62,33,7,0,0,0,0,4,0,2,1,1,1,0,0,0,0,0,11,7,1,1,0,35,67,1,0
seatunnel-7c0883694be0ca111e1eaa5d150c675cf712ccc1,0,0,1,0,0,0,0,0,0,3,0,0,8,18,0,16,0,2,0,0,1,0,2,2,0,3,1,0,1,0,5,0,0,0,0,0,0,0,1,3,2,0,0,26,11,5,0,0,0,0,2,8,0,0,0,0,2,0,1,0,0,0,2,0,0,0,0,0,0,0,0,0,3,13,1,0,8,0,0,2,0,0,1,0,0,0,0,1,1,0,0,0,0,0,0,0,0,0,0,0,0,0,2,7,0,0,0,1,2,2,0,0,0,0,5,1,0,0,5,0,1,46,8,0,0,0,0,0,0,0,0,0,0,0,0,0,0,0,0,2,1,0,1,0,0,4,0,0
seatunnel-7c38feeedba852c5423182a2633776b25cb3d527,0,0,10,15,57,25,4,1,6,53,0,0,42,112,2,152,2,19,0,0,3,0,6,20,2,160,8,4,4,10,28,0,1,2,3,0,15,1,5,3,26,2,6,101,150,65,0,0,9,1,8,16,3,4,4,3,15,15,27,26,1,13,32,1,26,43,1,3,14,3,0,1,5,32,28,0,127,4,2,81,0,10,2,0,16,4,2,18,0,0,5,0,3,0,1,1,24,5,4,0,1,1,7,9,0,0,0,3,34,8,0,1,0,1,15,5,0,4,10,0,4,75,73,6,0,1,0,1,4,0,2,1,1,0,0,6,0,0,1,13,11,1,1,2,38,106,1,2
seatunnel-7c4005af85102db179c705ad1b5127dd619798c4,0,0,10,16,54,25,4,0,6,53,0,0,40,106,2,153,2,14,0,0,2,0,8,15,2,160,8,4,4,10,26,0,0,2,3,0,15,1,5,3,24,3,6,103,148,66,0,0,8,1,7,8,3,4,4,1,13,15,26,23,1,13,31,1,27,42,1,0,14,3,0,1,5,32,25,0,123,4,2,82,0,10,2,0,16,4,0,18,0,0,5,0,3,0,3,1,16,5,4,0,3,1,6,9,0,0,0,3,33,8,0,1,0,1,15,5,0,5,9,0,1,78,63,6,0,1,0,1,4,0,2,1,1,0,0,0,0,0,2,13,10,1,1,2,38,101,1,2
seatunnel-7c56d7143b8aff5a3296090655508710ba2f0b71,0,0,8,4,35,9,1,0,0,18,0,1,15,32,0,214,0,3,0,0,0,0,3,3,0,65,1,1,1,8,14,0,0,1,0,1,5,0,1,2,6,4,6,76,95,12,0,2,0,0,4,2,0,2,0,2,0,1,16,13,0,5,6,0,7,3,0,0,6,0,0,0,2,14,5,0,92,0,0,24,0,1,1,1,6,2,0,6,0,0,2,1,0,0,0,0,3,4,1,0,0,0,2,17,0,0,0,0,6,9,0,0,0,0,1,0,0,3,14,0,0,24,9,0,0,0,0,0,4,0,1,0,0,0,0,0,0,0,0,6,0,0,1,0,10,19,0,0
seatunnel-7cdba7a05adc9407993d5720ebe7730ad652f132,0,0,10,9,61,15,4,0,6,47,0,1,31,80,0,124,2,4,0,0,0,0,6,4,1,110,5,4,4,4,19,0,0,4,2,0,11,1,7,3,22,2,6,95,120,47,0,0,1,0,4,2,0,3,1,1,8,9,24,21,0,7,26,1,32,42,1,0,16,3,0,0,4,36,15,0,122,4,2,58,0,10,1,0,8,5,0,5,0,0,3,0,3,0,0,1,10,2,2,0,0,0,4,7,0,0,0,2,20,10,0,1,0,1,8,2,0,5,9,0,1,61,35,6,0,1,0,1,4,0,4,1,1,0,0,3,0,0,0,8,14,1,0,0,37,83,1,0
seatunnel-7d04b4776a2b43e8e79621a355a5e491341cb33c,0,0,10,15,56,25,4,1,6,55,0,0,45,112,2,152,2,21,0,1,3,0,6,22,2,161,9,4,4,10,28,0,1,2,3,0,15,1,5,3,25,2,6,101,150,65,0,0,9,1,8,16,3,4,4,3,16,17,26,26,1,13,33,1,27,43,1,3,14,3,0,1,5,33,28,0,131,4,2,81,0,10,2,0,17,4,2,18,0,0,5,0,3,0,1,1,26,5,4,0,1,1,7,9,0,0,0,3,36,8,0,1,0,1,15,5,0,4,10,0,3,75,73,6,0,1,0,1,4,0,2,1,1,0,0,6,0,0,1,13,11,1,1,2,43,106,1,2
seatunnel-7d36706b6e2d21451d956949c61a7440416d3e3b,0,0,1,0,1,0,0,0,0,3,0,0,6,7,0,22,0,2,0,0,1,0,3,2,0,3,1,0,1,0,5,0,0,6,0,0,0,0,1,3,2,0,0,27,8,3,0,2,2,0,2,8,0,0,0,0,2,0,2,2,0,0,1,0,0,0,0,0,0,0,0,0,2,13,0,0,72,0,0,6,0,0,1,0,0,0,0,1,1,0,0,1,0,0,0,0,1,0,0,0,0,0,2,9,0,0,0,1,2,2,0,0,0,0,5,1,0,0,6,0,1,12,12,0,0,0,0,0,0,0,0,0,0,0,0,0,0,0,0,1,0,0,1,0,0,4,0,0
seatunnel-7d5ed267bd94cbf43fb58856c86f80367f686f63,0,0,1,0,1,0,0,0,0,3,0,0,6,7,0,22,0,2,0,0,1,0,3,2,0,3,1,0,1,0,6,0,0,6,0,0,0,0,1,3,2,0,0,33,5,2,0,2,2,0,2,8,0,0,0,0,2,0,2,2,0,0,1,0,0,0,0,0,0,0,0,0,2,13,0,0,72,0,0,6,0,0,1,0,0,0,0,1,1,0,0,1,0,0,0,0,1,0,0,0,0,0,2,9,0,0,0,1,2,2,0,0,0,0,5,1,0,0,6,0,1,12,12,0,0,0,0,0,0,0,0,0,0,0,0,0,0,0,0,1,1,0,1,0,0,4,0,0
seatunnel-7d61ae93e72709238c54127a5ad62dde5df99130,0,0,8,16,62,26,4,2,6,55,0,1,44,117,2,148,2,20,0,1,3,0,5,21,2,142,9,4,4,10,30,0,1,3,3,0,15,1,8,3,25,2,6,106,140,65,2,0,9,1,7,16,4,4,4,3,15,17,28,24,1,10,33,1,31,43,1,3,20,3,0,1,5,25,25,0,129,4,2,77,0,10,3,0,14,4,2,18,0,0,5,0,3,1,1,1,24,7,3,0,1,1,8,9,0,0,0,4,35,8,0,1,0,1,15,6,0,6,9,0,2,79,84,7,0,1,0,1,4,0,2,2,1,0,1,6,0,0,1,11,13,1,1,2,42,106,1,0
seatunnel-7d7f506547346c48258d0148fbae684d9074bb0d,0,0,8,11,54,23,4,0,6,53,0,0,37,94,0,152,2,4,0,0,0,0,7,5,1,143,8,5,4,10,20,0,0,2,3,0,15,1,6,3,22,2,6,96,146,58,0,0,1,0,7,4,0,3,1,1,12,15,27,25,0,13,28,1,25,42,1,0,16,3,0,0,4,34,24,0,119,3,2,72,0,10,1,0,12,5,0,5,0,0,5,0,3,0,3,1,15,5,2,0,3,0,5,9,0,0,0,2,31,8,0,1,0,1,9,2,0,5,11,0,1,73,42,6,0,1,0,1,4,0,4,1,1,0,0,0,0,0,1,13,14,1,0,1,38,102,1,0
seatunnel-7d8bbf1b6241664b44395b65c2441af0da05ab78,0,0,21,5,0,0,0,0,4,0,0,6,13,21,0,6,0,4,186,0,6,0,1,8,1,4,0,0,4,9,2,1,1,0,0,0,1,0,2,2,6,0,0,16,11,10,0,0,0,0,14,13,1,0,0,0,10,0,1,0,0,0,6,0,0,4,0,0,0,0,0,0,4,5,2,3,8,0,0,26,1,0,1,0,0,0,0,0,1,6,1,0,0,0,0,0,146,0,0,0,0,0,2,0,1,0,3,0,2,5,1,0,0,0,5,1,4,0,1,0,8,64,43,0,0,0,1,1,0,1,0,0,7,0,0,0,0,0,0,1,2,0,0,0,0,4,0,2
seatunnel-7d92e8c8f9d11f5b36a787f239bb7abaa379260c,0,0,2,1,4,1,0,0,0,4,0,0,7,5,0,61,0,3,0,0,0,0,0,3,0,5,0,0,1,4,5,0,0,0,0,0,0,0,1,2,3,0,1,37,12,5,0,2,0,0,3,0,0,1,0,1,0,0,4,2,0,1,0,0,1,2,0,0,0,3,0,0,2,13,1,0,68,0,0,8,0,0,1,0,0,0,0,0,1,0,0,1,0,0,0,0,0,0,0,0,0,0,0,7,0,0,0,0,2,3,0,0,0,0,5,0,0,0,4,0,0,15,6,0,0,0,0,0,0,0,0,0,0,0,0,0,0,0,0,4,0,0,1,0,0,6,0,0
seatunnel-7da11c2f44809055e8d59f1cb86ad3957535ebb7,0,0,10,15,56,25,4,1,6,55,0,0,45,112,2,152,2,21,0,1,3,0,6,22,2,161,9,4,4,10,28,0,1,2,3,0,15,1,5,3,25,2,6,101,150,65,0,0,9,1,8,16,3,4,4,3,16,17,26,26,1,13,33,1,27,43,1,3,14,3,0,1,5,33,28,0,131,4,2,81,0,10,2,0,17,4,2,18,0,0,5,0,3,0,1,1,26,5,4,0,1,1,7,9,0,0,0,3,36,8,0,1,0,1,15,5,0,4,10,0,3,75,73,6,0,1,0,1,4,0,2,1,1,0,0,6,0,0,1,13,11,1,1,2,43,106,1,2
seatunnel-7dc2a2738842301b704d30beeb361a1cf2263f55,0,0,12,6,44,12,2,0,0,24,1,1,14,48,0,281,0,3,0,0,0,0,4,3,0,73,1,1,3,8,15,0,0,1,0,1,5,2,4,2,9,4,6,91,95,10,0,2,0,0,4,2,0,2,0,2,0,1,21,19,0,6,7,0,8,3,0,0,5,0,2,0,2,19,7,0,80,0,0,35,0,1,1,1,6,3,0,15,0,1,2,1,0,0,0,0,7,4,1,1,0,0,2,18,0,0,0,0,11,9,0,0,0,0,5,0,0,3,20,0,0,42,17,0,0,0,0,0,4,0,1,1,0,1,0,2,0,0,0,6,2,0,1,0,12,31,0,0
seatunnel-7dfd29c0ff252218bec63afd9209ce90b2c743a8,0,0,1,0,1,0,0,0,0,3,0,0,8,7,0,18,0,2,0,0,1,0,3,2,0,3,1,0,1,0,6,0,0,0,0,0,0,0,1,4,2,0,0,33,12,5,0,0,0,0,2,8,0,0,0,0,2,0,1,0,0,0,1,0,0,0,0,0,0,0,0,0,3,13,0,0,70,0,0,5,0,0,1,0,0,0,0,1,1,0,0,0,0,0,0,0,0,0,0,0,0,0,2,9,0,0,0,1,2,2,0,0,0,0,5,1,0,0,6,0,1,43,8,0,0,0,0,0,0,0,0,0,0,0,0,0,0,0,0,1,1,0,1,0,0,4,0,0
seatunnel-7e0008e6fbcbb238bc86f97988618732b41127f1,0,0,8,11,55,23,4,0,6,53,0,0,37,92,0,151,2,4,0,0,0,0,7,5,1,162,8,5,4,10,20,0,0,2,3,0,16,1,6,3,23,3,6,96,148,61,0,0,5,0,7,4,0,3,1,1,12,15,27,27,0,15,28,1,25,42,1,0,16,3,0,0,4,34,26,0,119,3,2,72,0,10,1,0,14,5,0,5,0,0,5,0,3,0,3,1,15,5,2,0,3,0,5,9,0,0,0,2,31,8,0,1,0,1,9,2,0,6,11,0,1,73,42,6,0,1,0,1,4,0,2,1,1,0,0,0,0,0,1,13,14,1,0,1,38,102,1,0
seatunnel-7e1c2fe22ebda0f0b2ba65887e69c145cb3ea89a,0,0,5,1,2,1,0,0,0,5,0,0,5,9,0,68,0,3,0,0,0,0,1,3,0,7,1,1,1,4,5,0,0,0,0,0,0,0,1,2,3,0,0,37,12,5,0,2,0,0,3,0,0,1,0,1,0,1,3,3,0,1,0,0,1,2,0,0,0,3,0,0,2,13,1,0,68,0,0,9,0,0,1,0,0,0,0,2,0,0,0,1,0,0,0,0,0,1,1,0,0,0,0,7,0,0,0,0,5,3,0,0,0,0,6,0,0,0,5,0,0,20,6,0,0,0,0,0,0,0,0,0,0,0,0,0,0,0,0,4,0,0,1,0,0,5,0,0
seatunnel-7e2bb647d8da4fa0cc139cc5aeb196b67695abaa,0,0,12,7,55,10,2,0,0,25,1,1,15,50,0,284,0,3,0,0,0,0,4,3,0,73,1,1,3,8,17,0,0,1,0,1,5,2,12,2,11,4,6,93,95,13,0,2,0,0,4,2,0,2,0,2,0,2,26,19,0,8,7,0,8,3,0,0,3,0,2,0,2,21,11,0,89,0,0,37,0,3,1,1,6,4,0,15,0,1,1,1,0,0,0,0,8,4,1,1,0,0,0,18,0,1,0,0,12,9,0,0,0,0,8,0,0,3,19,1,0,46,18,0,0,0,0,0,0,0,1,1,0,1,0,2,0,0,0,6,2,0,1,0,13,33,0,0
seatunnel-7ea5489b36405e1b035acc1aecefb3350ec6170e,0,0,17,0,0,0,0,0,0,0,0,0,7,9,0,4,0,0,28,0,0,1,1,0,0,3,0,0,0,0,1,1,0,0,0,0,0,0,1,2,5,0,0,17,11,6,0,0,0,0,1,0,1,0,0,0,0,0,1,0,0,0,1,0,0,0,0,0,0,0,0,0,2,5,0,0,6,0,0,3,0,0,0,0,0,0,0,0,1,0,0,0,0,0,0,0,0,0,0,0,0,0,0,0,0,0,0,0,0,2,1,0,0,0,5,1,0,0,0,0,0,44,3,0,0,0,0,0,0,0,0,0,0,0,0,0,0,0,0,1,1,0,0,0,0,4,0,0
seatunnel-7eb0547c25188c0bf206bfa8294fc54f8188cacf,0,0,10,15,57,25,4,0,6,53,0,0,42,109,2,152,2,19,0,0,3,0,5,20,2,160,8,4,4,10,28,0,1,2,3,0,15,1,5,3,26,2,6,101,148,65,0,0,9,1,8,16,3,4,4,3,15,15,26,26,1,13,32,1,27,43,1,3,14,3,0,1,5,32,27,0,127,4,2,81,0,10,2,0,16,4,2,18,0,0,5,0,3,0,1,1,24,5,4,0,1,1,7,9,0,0,0,3,34,8,0,1,0,1,15,5,0,4,10,0,4,75,72,6,0,1,0,1,4,0,2,1,1,0,0,0,0,0,1,13,11,1,1,2,38,106,1,2
seatunnel-7eb19a971aea7cfac76feeccadffa35ce4e79845,0,0,1,0,1,0,0,0,0,3,0,0,8,7,0,25,0,3,0,0,1,0,1,3,0,3,1,0,1,0,4,0,0,6,0,0,0,0,1,2,2,0,0,26,8,2,0,2,2,0,2,8,0,0,0,0,2,0,4,2,0,0,1,0,0,0,0,0,0,0,0,0,2,14,0,0,72,0,0,6,0,0,1,0,0,0,0,1,1,0,0,1,0,0,0,0,0,0,0,0,0,0,2,4,0,0,0,1,2,2,0,0,0,0,5,0,0,0,3,0,1,12,12,0,0,0,0,0,0,0,0,0,0,0,0,0,0,0,0,1,0,0,1,0,0,4,0,0
seatunnel-7ebb909d76e96569af6f6512c44813ecf436f1b7,0,0,8,13,55,23,4,0,6,54,0,0,32,94,0,147,2,4,0,0,0,0,8,5,1,121,8,5,4,10,20,0,0,2,3,0,15,1,6,3,23,2,6,96,144,54,0,0,1,0,7,4,0,3,1,1,12,15,27,22,0,13,28,1,24,42,1,0,16,3,0,0,3,34,21,0,119,3,2,70,0,10,1,0,12,5,0,5,0,0,5,0,3,0,3,1,15,4,2,0,3,0,5,8,0,0,0,2,31,8,0,1,0,1,9,2,0,5,10,0,0,72,43,6,0,1,0,1,4,0,4,1,1,0,0,0,0,0,1,13,11,1,0,1,38,96,1,0
seatunnel-7ec0ada2b93d8fd5be103bb5b44acfc733798e0a,0,0,8,2,27,7,1,0,0,18,0,1,13,25,0,180,0,3,0,0,0,0,1,3,0,65,1,1,1,8,11,0,0,1,0,0,5,0,1,2,5,4,6,62,95,11,0,2,0,0,4,2,0,2,0,4,0,1,11,13,0,6,2,0,8,3,0,0,2,0,0,0,2,14,6,0,92,0,0,20,0,1,1,1,0,2,0,6,0,0,2,1,0,0,0,0,2,4,1,0,0,0,0,14,0,0,0,0,5,9,0,0,0,0,1,0,0,3,12,0,0,22,8,0,0,0,0,0,0,0,1,0,0,0,0,0,0,0,0,7,0,0,1,0,10,19,0,0
seatunnel-7ed1a6d87eb36aade5f5f50b2c038ca79cbc4650,0,0,1,0,1,0,0,0,0,3,0,0,8,7,0,18,0,2,0,0,1,0,3,2,0,3,1,0,1,0,6,0,0,0,0,0,0,0,1,4,2,0,0,33,12,5,0,0,0,0,2,8,0,0,0,0,2,0,1,0,0,0,2,0,0,0,0,0,0,0,0,0,3,13,1,0,70,0,0,5,0,0,1,0,0,0,0,1,1,0,0,0,0,0,0,0,0,0,0,0,0,0,2,9,0,0,0,1,2,2,0,0,0,0,5,1,0,0,6,0,1,46,8,0,0,0,0,0,0,0,0,0,0,0,0,0,0,0,0,1,1,0,1,0,0,4,0,0
seatunnel-7eebd8d1be3fceb6a1bb1daab7a04cfd322a3ae3,0,0,4,1,11,1,0,0,0,4,0,0,11,10,0,86,0,3,0,0,0,0,0,3,0,49,0,0,1,4,6,0,0,2,0,0,2,0,2,2,5,1,3,57,98,8,0,2,0,0,4,0,0,1,0,3,0,0,6,5,0,3,1,0,1,4,0,0,0,0,0,0,3,14,3,0,71,0,0,15,0,0,1,2,0,0,0,1,1,0,2,1,0,0,0,0,1,4,0,0,0,0,0,6,0,0,0,0,2,3,0,0,0,0,6,0,0,1,3,0,0,18,5,0,0,0,0,0,0,0,0,0,0,0,0,0,0,0,0,4,0,0,1,0,2,10,0,0
seatunnel-7ef09b0de02d0409b417b1d62cb5b11a6fb14274,0,0,1,0,0,0,0,0,0,3,0,0,8,18,0,16,0,2,0,0,1,0,2,2,0,3,1,0,1,0,5,0,0,0,0,0,0,0,1,3,2,0,0,26,11,5,0,0,0,0,2,8,0,0,0,0,2,0,1,0,0,0,2,0,0,0,0,0,0,0,0,0,3,13,1,0,8,0,0,2,0,0,1,0,0,0,0,1,1,0,0,0,0,0,0,0,0,0,0,0,0,0,2,7,0,0,0,1,2,2,0,0,0,0,5,1,0,0,5,0,1,46,8,0,0,0,0,0,0,0,0,0,0,0,0,0,0,0,0,2,1,0,1,0,0,4,0,0
seatunnel-7ef2ef8b26b454283bbf8ddcb298251470f19eb1,0,0,10,14,55,23,4,0,6,54,0,0,34,96,0,147,2,4,0,0,0,0,8,5,1,120,8,5,4,10,19,0,0,2,3,0,16,1,6,3,23,2,6,96,144,54,0,0,1,0,7,4,0,3,1,1,13,15,28,22,0,13,28,1,26,42,1,0,16,3,0,0,3,34,21,0,119,3,2,71,0,10,1,0,12,5,0,5,0,0,5,0,3,0,3,1,16,4,3,0,3,0,5,8,0,0,0,2,31,8,0,1,0,1,9,2,0,5,10,0,0,72,44,6,0,1,0,1,4,0,4,1,1,0,0,0,0,0,1,13,11,1,0,1,38,96,1,2
seatunnel-7f10cbc6edd41f895a197aae3c28e8b155d55077,0,0,1,0,1,0,0,0,0,3,0,0,8,7,0,25,0,3,0,0,1,0,1,3,0,3,1,0,1,0,4,0,0,6,0,0,0,0,1,3,2,0,0,26,8,2,0,2,2,0,2,8,0,0,0,0,2,0,4,2,0,0,1,0,0,0,0,0,0,0,0,0,2,14,0,0,72,0,0,6,0,0,1,0,0,0,0,1,1,0,0,1,0,0,0,0,0,0,0,0,0,0,2,4,0,0,0,1,2,2,0,0,0,0,5,0,0,0,3,0,1,12,12,0,0,0,0,0,0,0,0,0,0,0,0,0,0,0,0,1,0,0,1,0,0,4,0,0
seatunnel-7f1285f149dfab4aef21986c1738574913b99646,0,0,9,8,60,15,3,0,6,42,0,1,27,75,0,250,0,4,0,0,0,2,4,4,0,106,2,3,5,4,17,0,0,4,2,1,10,1,5,3,20,3,6,87,124,28,0,0,0,0,2,2,0,3,1,1,5,9,19,23,0,7,24,1,27,42,1,0,13,3,0,0,4,27,15,0,97,2,2,61,0,4,1,0,8,4,0,5,0,0,3,0,3,0,0,1,11,4,1,0,0,0,3,7,0,1,0,2,15,10,0,1,1,1,7,2,0,5,5,0,1,55,32,7,0,0,0,0,4,0,2,1,1,1,0,3,0,0,0,7,8,1,0,0,35,65,1,0
seatunnel-7f2be1de485cbbaecefe54db7099831da4c5f99f,0,0,5,5,0,0,0,0,4,3,0,0,13,28,0,17,0,4,0,0,1,0,2,8,1,4,1,0,4,0,2,1,0,0,0,0,1,0,2,2,5,1,0,20,11,11,0,0,0,0,13,13,0,0,0,0,10,0,1,1,0,0,5,0,0,4,0,0,0,0,0,0,4,5,4,4,8,0,0,2,1,0,2,0,0,0,0,1,1,6,1,0,0,0,0,0,152,0,0,0,0,0,2,6,0,0,0,0,7,5,1,0,0,0,5,1,4,1,1,0,2,51,39,0,0,0,0,1,0,1,0,0,7,0,0,0,0,0,0,2,2,0,0,0,0,4,0,2
seatunnel-7f5671d2ce3e854e7aefd695c38ad6d485d9c4fa,0,0,8,11,52,23,4,0,6,53,0,0,36,92,0,151,2,4,0,0,0,0,7,5,1,158,8,5,4,10,20,0,0,2,3,0,16,1,6,3,23,3,6,100,148,61,0,0,7,0,7,4,0,3,1,1,12,15,26,27,0,15,29,1,25,42,1,0,16,3,0,0,4,30,26,0,119,3,2,72,0,10,1,0,16,5,0,5,0,0,5,0,3,0,3,1,15,5,2,0,3,0,5,9,0,0,0,2,31,8,0,1,0,1,9,2,0,6,11,0,1,74,42,6,0,1,0,1,4,0,2,1,1,0,0,0,0,0,1,13,14,1,0,1,39,102,1,0
seatunnel-7f86c94718c0e3e385578b8f7cb70d775583228c,0,0,8,9,63,15,3,0,6,47,0,1,27,77,0,138,2,4,0,0,0,2,5,4,0,107,3,4,4,4,18,0,0,4,2,1,9,1,7,3,20,2,6,88,120,37,0,0,1,0,4,2,0,3,1,1,7,9,25,21,0,6,24,1,32,42,1,0,14,3,0,0,4,32,14,0,121,3,2,60,0,4,1,0,8,4,0,5,0,0,3,0,3,0,0,1,11,2,1,0,0,0,4,7,0,0,0,2,19,10,0,1,0,1,8,2,0,5,5,0,1,61,32,6,0,0,0,1,4,0,5,1,1,0,0,3,0,0,0,7,8,1,0,0,35,70,1,0
seatunnel-7f9f202cbf967e5342206b32b70d1f86522591f3,0,0,12,7,54,10,2,0,0,25,1,1,15,50,0,284,0,3,0,0,0,0,4,3,0,73,1,1,3,8,17,0,0,1,0,1,5,2,12,2,11,4,6,93,95,13,0,2,0,0,4,2,0,2,0,2,0,2,26,19,0,8,7,0,8,3,0,0,3,0,2,0,2,21,11,0,89,0,0,37,0,3,1,1,6,4,0,15,0,1,1,1,0,0,0,0,8,4,1,1,0,0,0,18,0,1,0,0,12,9,0,0,0,0,8,0,0,3,19,1,0,46,18,0,0,0,0,0,0,0,1,1,0,1,0,2,0,0,0,6,2,0,1,0,13,33,0,0
seatunnel-7fbf1ad2bc39ea7caecf6bb3bd285943c12a88fb,0,0,8,5,59,10,3,0,6,23,0,1,17,37,0,238,1,3,0,0,0,0,3,3,0,101,2,2,1,8,16,0,0,1,1,1,5,0,2,2,9,6,8,89,110,16,0,2,0,0,4,2,0,4,0,2,2,1,19,17,0,7,8,0,16,3,0,0,29,0,0,0,2,15,7,0,77,0,0,28,0,3,1,1,10,2,0,6,0,0,2,1,0,0,0,0,4,4,1,0,0,0,2,17,0,0,0,0,7,9,0,1,0,0,1,2,0,3,15,0,0,28,13,0,0,0,0,0,4,0,2,0,0,0,0,0,0,0,0,6,1,0,1,0,20,29,0,0
seatunnel-7fcf49e2347186c1bf6735bb042746eef546438c,0,0,5,5,0,0,0,0,4,3,0,0,13,27,0,17,0,4,0,0,1,0,2,8,1,4,1,0,4,0,3,1,0,0,0,0,1,0,2,2,4,0,0,20,11,10,0,0,0,0,13,13,0,0,0,0,10,0,1,1,0,0,5,0,0,4,0,0,0,0,0,0,4,5,4,4,8,0,0,3,1,0,2,0,0,0,0,1,1,6,1,0,0,0,0,0,147,0,0,0,0,0,2,6,0,0,0,0,7,5,1,0,0,0,5,1,4,1,1,0,2,51,39,0,0,0,0,1,0,1,0,0,7,0,0,0,0,0,0,2,2,0,0,0,0,4,0,2
seatunnel-7fee8eff00884b7040968d4865fc9cbb4ce034be,0,0,1,0,1,0,0,0,0,3,0,0,8,7,0,18,0,2,0,0,1,0,3,2,0,3,1,0,1,0,6,0,0,0,0,0,0,0,1,4,2,0,0,33,12,5,0,0,0,0,2,8,0,0,0,0,2,0,1,0,0,0,2,0,0,0,0,0,0,0,0,0,3,13,1,0,70,0,0,5,0,0,1,0,0,0,0,1,1,0,0,0,0,0,0,0,0,0,0,0,0,0,2,9,0,0,0,1,2,2,0,0,0,0,5,1,0,0,6,0,1,46,8,0,0,0,0,0,0,0,0,0,0,0,0,0,0,0,0,1,1,0,1,0,0,4,0,0
seatunnel-801642fd45897c44ac7cec1ec0f7ed38e6b95b0a,0,0,10,15,57,25,4,0,6,53,0,0,42,110,2,152,2,19,0,0,3,0,5,20,2,160,8,4,4,10,28,0,1,2,3,0,15,1,5,3,26,2,6,101,148,65,0,0,9,1,8,16,3,4,4,3,15,15,26,26,1,13,32,1,27,43,1,3,14,3,0,1,5,32,27,0,127,4,2,81,0,10,2,0,16,4,2,18,0,0,5,0,3,0,1,1,24,5,4,0,1,1,7,9,0,0,0,3,34,8,0,1,0,1,15,5,0,4,10,0,4,75,72,6,0,1,0,1,4,0,2,1,1,0,0,0,0,0,1,13,11,1,1,2,38,106,1,2
seatunnel-8056683f82e456f5ba6c42d3a3b184faabc5a73f,0,0,2,1,4,1,0,0,0,4,0,0,7,5,0,61,0,3,0,0,0,0,0,3,0,5,0,0,1,4,5,0,0,0,0,0,0,0,1,2,3,0,1,37,12,5,0,2,0,0,3,0,0,1,0,1,0,0,4,2,0,1,0,0,1,2,0,0,0,3,0,0,2,13,1,0,68,0,0,8,0,0,1,0,0,0,0,0,1,0,0,1,0,0,0,0,0,0,0,0,0,0,0,7,0,0,0,0,2,3,0,0,0,0,5,0,0,0,4,0,0,15,6,0,0,0,0,0,0,0,0,0,0,0,0,0,0,0,0,4,0,0,1,0,0,6,0,0
seatunnel-805a4397d3ce71689ab0747316decdc2b432d623,0,0,1,0,0,0,0,0,0,3,0,0,8,18,0,16,0,2,0,0,1,0,2,2,0,3,1,0,1,0,5,0,0,0,0,0,0,0,1,3,2,0,0,26,11,5,0,0,0,0,2,8,0,0,0,0,2,0,1,0,0,0,2,0,0,0,0,0,0,0,0,0,3,13,1,0,8,0,0,2,0,0,1,0,0,0,0,1,1,0,0,0,0,0,0,0,0,0,0,0,0,0,2,7,0,0,0,1,2,2,0,0,0,0,5,1,0,0,5,0,1,48,8,0,0,0,0,0,0,0,0,0,0,0,0,0,0,0,0,2,1,0,1,0,0,4,0,0
seatunnel-805f88cbc0364b3b1322b242e0720e91d1797c7a,0,0,6,2,17,4,1,0,0,5,0,0,12,15,0,110,0,3,0,0,0,0,0,3,0,51,0,0,1,8,10,0,0,0,0,0,4,0,1,2,4,1,3,57,107,10,0,2,0,0,4,0,0,2,0,3,0,0,7,5,0,2,3,0,6,4,0,0,0,0,0,0,2,14,2,0,87,0,0,16,0,0,1,3,0,0,0,1,1,0,2,1,0,0,0,0,1,5,0,0,0,0,0,10,0,0,0,0,2,3,0,0,0,0,1,0,0,0,6,0,0,20,6,0,0,0,0,0,0,0,0,0,0,0,0,0,0,1,0,5,0,0,1,0,5,11,0,0
seatunnel-80794cf34ee826f1964df0fff604f63913c8ba3d,0,0,6,2,17,4,1,0,0,5,0,0,12,15,0,110,0,3,0,0,0,0,0,3,0,51,0,0,1,8,10,0,0,0,0,0,4,0,1,2,4,1,3,57,107,10,0,2,0,0,4,0,0,2,0,3,0,0,7,5,0,2,3,0,6,4,0,0,0,0,0,0,2,14,2,0,87,0,0,16,0,0,1,3,0,0,0,1,1,0,2,1,0,0,0,0,1,5,0,0,0,0,0,10,0,0,0,0,2,3,0,0,0,0,1,0,0,0,6,0,0,20,6,0,0,0,0,0,0,0,0,0,0,0,0,0,0,1,0,5,0,0,1,0,5,11,0,0
seatunnel-8093935123f9bd526a868f86a7afcc1a769712a9,0,0,21,5,0,0,0,0,4,0,0,6,13,22,0,5,0,4,186,0,6,0,2,8,1,4,1,0,4,9,2,1,1,0,0,0,1,0,2,2,6,0,0,16,11,10,0,0,0,0,14,13,1,0,0,0,10,0,1,0,0,0,6,0,0,4,0,0,0,0,0,0,4,5,2,3,8,0,0,3,1,0,1,0,0,0,0,0,1,6,1,0,0,0,0,0,147,0,0,0,0,0,2,0,1,0,3,0,2,5,1,0,0,0,5,1,4,0,1,0,8,52,43,0,0,0,1,1,0,1,0,0,7,0,0,0,0,0,0,1,2,0,0,0,0,4,0,2
seatunnel-8097925dffe1ce3d9072b0cb07a5e5b98072eced,0,0,12,7,51,12,3,0,6,31,1,1,29,60,0,271,0,3,0,0,0,0,2,3,0,105,2,3,6,8,18,0,0,5,2,0,6,0,17,3,15,5,11,112,109,22,0,2,0,0,4,2,0,3,0,2,2,5,17,24,0,11,18,1,23,44,0,0,12,3,0,0,2,26,12,0,104,2,2,50,0,5,2,0,11,4,0,5,0,0,1,1,3,0,0,0,12,4,2,0,0,0,3,1,0,1,0,2,13,9,0,1,0,1,8,2,0,5,6,0,1,61,30,6,0,0,0,0,4,0,2,1,1,1,0,0,0,0,0,11,4,1,1,0,23,41,0,0
seatunnel-80b5cd40ae8fb1ae3c06df50eb7845f3bc26db0d,0,0,8,12,52,23,4,0,6,53,0,0,36,93,0,151,2,4,0,0,0,0,7,5,1,155,8,5,4,10,20,0,0,2,3,0,16,1,6,3,23,3,6,100,148,61,0,0,7,0,7,4,0,3,1,1,12,15,26,27,0,15,29,1,25,42,1,0,16,3,0,0,4,30,26,0,119,3,2,71,0,10,1,0,16,5,0,5,0,0,5,0,3,0,3,1,15,5,2,0,3,0,5,9,0,0,0,3,31,8,0,1,0,1,9,2,0,6,11,0,1,74,42,6,0,1,0,1,4,0,2,1,1,0,0,0,0,0,1,13,14,1,0,2,39,102,1,0
seatunnel-80cf8f4e4286b41966f17a0889af9bcccfd0dc83,0,0,10,9,63,15,3,0,6,47,0,1,29,78,0,124,2,5,0,0,0,0,5,5,1,110,5,4,4,4,18,0,0,4,2,0,9,1,7,3,21,2,6,94,120,40,0,0,1,0,4,2,0,3,1,1,7,9,24,21,0,7,26,1,32,42,1,0,14,3,0,0,4,32,15,0,122,3,2,60,0,4,1,0,8,4,0,5,0,0,3,0,3,0,0,1,10,2,2,0,0,0,4,7,0,0,0,2,19,10,0,1,0,1,8,2,0,5,6,0,1,61,33,6,0,0,0,1,4,0,5,1,1,0,0,3,0,0,0,7,10,1,0,0,37,75,1,0
seatunnel-80dcf30a144481c97b846e258c507bbd7029976a,0,0,1,0,1,0,0,0,0,3,0,0,8,7,0,18,0,2,0,0,1,0,3,2,0,3,1,0,1,0,6,0,0,0,0,0,0,0,1,4,2,0,0,33,12,5,0,0,0,0,2,8,0,0,0,0,2,0,1,0,0,0,1,0,0,0,0,0,0,0,0,0,3,13,0,0,70,0,0,5,0,0,1,0,0,0,0,1,1,0,0,0,0,0,0,0,0,0,0,0,0,0,2,9,0,0,0,1,2,2,0,0,0,0,5,1,0,0,6,0,1,43,8,0,0,0,0,0,0,0,0,0,0,0,0,0,0,0,0,1,1,0,1,0,0,4,0,0
seatunnel-80fd6687f9c5f0c368ab7176a1400167a5af60e3,0,0,5,5,0,0,0,0,4,0,0,0,13,27,0,8,0,4,0,0,1,0,2,8,1,4,1,0,4,0,3,1,0,0,0,0,1,0,2,2,5,0,0,17,11,10,0,0,0,0,13,13,0,0,0,0,10,0,1,1,0,0,5,0,0,4,0,0,0,0,0,0,4,5,4,4,8,0,0,3,1,0,1,0,0,0,0,0,1,6,1,0,0,0,0,0,147,0,0,0,0,0,2,6,0,0,0,0,7,5,1,0,0,0,5,1,4,0,1,0,2,48,38,0,0,0,0,1,0,1,0,0,7,0,0,0,0,0,0,1,2,0,0,0,0,4,0,2
seatunnel-8112879da7c708965e052d79ad22ae1d6f769dc3,0,0,8,9,63,15,3,0,6,47,0,1,27,77,0,138,2,4,0,0,0,2,5,4,0,107,3,4,4,4,18,0,0,4,2,1,9,1,7,3,20,2,6,88,120,37,0,0,1,0,4,2,0,2,1,1,7,9,25,21,0,6,24,1,32,42,1,0,14,3,0,0,4,32,14,0,121,3,2,60,0,4,1,0,8,4,0,5,0,0,3,0,3,0,0,1,11,2,1,0,0,0,4,7,0,0,0,2,18,10,0,1,0,1,8,2,0,5,5,0,1,61,32,6,0,0,0,1,4,0,5,1,1,0,0,3,0,0,0,7,8,1,0,0,35,70,1,0
seatunnel-814108e7133b9401cde2e9a4f410aee8a0ab1cd7,0,0,8,5,56,13,3,0,6,22,0,1,20,38,0,242,1,3,0,0,0,0,3,3,0,98,2,2,2,8,19,0,0,3,1,1,6,0,2,2,9,6,8,94,108,16,0,2,0,0,4,2,0,3,0,2,2,1,13,17,0,6,8,0,20,3,0,0,28,0,0,0,2,15,6,0,77,0,0,28,0,3,1,1,10,2,0,6,0,0,2,1,0,0,0,0,5,4,1,0,0,0,2,17,0,0,0,0,6,9,0,1,0,0,1,2,0,3,15,0,1,51,13,5,0,0,0,0,4,0,2,0,0,0,0,0,0,0,0,6,1,1,1,0,20,29,0,0
seatunnel-81cb80c050a758ae4a333eb7c3d5e250e2e1aed4,0,0,8,5,44,11,1,0,0,24,1,1,14,40,0,250,0,3,0,0,0,0,4,3,0,68,1,1,2,8,14,0,0,1,0,1,5,1,3,2,8,4,6,84,95,10,0,2,0,0,4,2,0,2,0,2,0,1,18,19,0,5,6,0,7,3,0,0,4,0,0,0,2,16,5,0,79,0,0,31,0,1,1,1,6,3,0,15,0,0,2,1,0,0,0,0,5,4,1,0,0,0,2,16,0,0,0,0,6,9,0,0,0,0,4,0,0,3,17,0,0,42,11,0,0,0,0,0,4,0,1,1,0,0,0,0,0,0,0,6,2,0,1,0,12,26,0,0
seatunnel-82297e4dfc61562b8f9a7984defaeb58b72a9465,0,0,3,0,0,0,0,0,0,0,0,0,5,8,0,4,0,0,24,0,0,1,1,0,0,3,0,0,0,0,1,1,0,0,0,0,0,0,2,1,4,0,0,9,11,1,0,0,0,0,0,0,2,0,0,0,0,0,1,0,0,0,0,0,0,0,0,0,0,0,0,0,2,1,0,0,6,0,0,2,0,0,0,0,0,0,0,0,1,1,0,0,0,0,0,0,0,0,0,0,0,0,0,0,0,0,0,0,0,2,0,0,0,0,4,1,0,0,0,0,0,35,2,0,0,0,0,0,0,0,0,0,0,0,0,0,0,0,0,1,0,0,0,0,0,3,0,0
seatunnel-8241ec193a77ec639302a7762ebc9349bb4df913,0,0,12,7,51,12,3,0,6,31,1,1,29,60,0,271,0,3,0,0,0,0,2,3,0,105,2,3,6,8,18,0,0,5,2,0,6,0,17,3,15,5,11,112,109,22,0,2,0,0,4,2,0,3,0,2,2,5,17,24,0,11,18,1,23,44,0,0,12,3,0,0,2,26,12,0,104,2,2,50,0,5,2,0,11,4,0,5,0,0,1,1,3,0,0,0,12,4,2,0,0,0,3,1,0,1,0,2,13,9,0,1,0,1,8,2,0,5,6,0,1,61,30,6,0,0,0,0,4,0,2,1,1,1,0,0,0,0,0,11,4,1,1,0,23,41,0,0
seatunnel-8250fc8b7b87b788d0d3869c009a9baa91a2f1d0,0,0,8,4,35,9,1,0,0,18,0,1,15,32,0,216,0,3,0,0,0,0,3,3,0,65,1,1,1,8,14,0,0,1,0,1,5,0,1,2,6,4,6,76,95,12,0,2,0,0,4,2,0,2,0,2,0,1,16,13,0,5,6,0,7,3,0,0,6,0,0,0,2,14,5,0,92,0,0,24,0,1,1,1,6,2,0,6,0,0,2,1,0,0,0,0,3,4,1,0,0,0,2,17,0,0,0,0,6,9,0,0,0,0,1,0,0,3,15,0,0,24,9,0,0,0,0,0,4,0,1,0,0,0,0,0,0,0,0,6,0,0,1,0,12,19,0,0
seatunnel-8288ca9915ee6729fb2fe5ce4a64343c64b6f735,0,0,12,7,51,12,3,0,6,31,1,1,28,61,0,268,0,3,0,0,0,0,2,3,0,103,2,3,6,8,18,0,0,5,2,0,6,0,17,2,15,5,10,112,109,21,0,2,0,0,4,2,0,3,0,2,2,5,14,23,0,11,18,1,23,44,0,0,12,3,0,0,2,26,12,0,104,2,2,50,0,5,2,0,10,4,0,5,0,0,1,1,3,0,0,0,12,4,2,0,0,0,3,1,0,1,0,0,13,9,0,1,0,1,8,2,0,4,6,0,1,57,27,6,0,0,0,0,4,0,2,1,1,1,0,0,0,0,0,9,4,1,1,0,21,41,0,0
seatunnel-82912870f4903c0b82e4ca466b64f0776cda3b72,0,0,1,0,1,0,0,0,0,3,0,0,8,7,0,18,0,2,0,0,1,0,3,2,0,3,1,0,1,0,6,0,0,0,0,0,0,0,1,4,2,0,0,33,12,5,0,0,0,0,2,8,0,0,0,0,2,0,1,0,0,0,1,0,0,0,0,0,0,0,0,0,3,13,0,0,70,0,0,5,0,0,1,0,0,0,0,1,1,0,0,0,0,0,0,0,0,0,0,0,0,0,2,9,0,0,0,1,2,2,0,0,0,0,5,1,0,0,6,0,1,43,8,0,0,0,0,0,0,0,0,0,0,0,0,0,0,0,0,1,1,0,1,0,0,4,0,0
seatunnel-829261e1a655bf3fb1867d842323e5b3374e1178,0,0,10,11,57,17,4,0,6,53,0,1,34,84,0,123,2,4,0,0,0,0,6,5,1,112,8,5,4,6,20,0,0,2,2,0,12,1,6,3,26,2,6,90,120,47,0,0,1,0,10,2,0,6,1,1,10,15,27,23,0,11,26,1,23,42,1,0,14,3,0,0,3,32,19,0,152,3,2,61,0,10,1,0,8,5,0,5,0,0,3,0,3,0,0,1,11,3,2,0,0,0,4,7,0,0,0,2,29,12,0,1,0,1,9,2,0,5,9,0,0,64,39,6,0,1,0,1,4,0,4,1,1,0,0,0,0,0,0,10,12,1,0,0,35,86,1,0
seatunnel-82a5c852d8a4f4b27ea4a3afea901076543487ec,0,0,6,11,50,17,4,0,6,53,0,0,27,83,0,120,2,4,0,0,0,0,6,5,1,106,8,5,4,6,18,0,0,2,3,0,12,1,6,3,24,4,6,88,113,50,0,0,1,0,10,3,0,3,1,1,10,15,27,21,0,12,26,1,22,42,1,0,14,3,0,0,3,31,19,0,103,3,2,61,0,10,1,0,8,5,0,5,0,0,4,0,3,0,0,1,14,3,2,0,0,0,4,7,0,0,0,2,29,10,0,1,0,1,9,2,0,5,9,0,0,70,38,6,0,1,0,1,4,0,4,1,1,0,0,0,0,0,0,10,11,1,0,0,35,86,1,0
seatunnel-82a93ba87c26887b479054eac052b7746c64cce3,0,0,12,6,46,12,2,0,0,24,1,1,14,48,0,281,0,3,0,0,0,0,4,3,0,73,1,1,3,8,15,0,0,1,0,1,5,2,4,2,9,4,6,91,95,12,0,2,0,0,4,2,0,2,0,2,0,1,22,19,0,6,7,0,8,3,0,0,5,0,2,0,2,21,7,0,80,0,0,35,0,3,1,1,6,3,0,15,0,1,2,1,0,0,0,0,7,4,1,1,0,0,2,18,0,0,0,0,11,9,0,0,0,0,5,0,0,3,20,0,0,42,18,0,0,0,0,0,4,0,1,1,0,1,0,2,0,0,0,6,2,0,1,0,12,31,0,0
seatunnel-82c784a3eff4a7bc1766ad243b107561ec47f27a,0,0,10,14,53,25,4,0,6,53,0,0,39,97,0,150,2,9,0,0,2,0,8,10,2,161,9,5,4,10,21,0,0,2,3,0,17,1,5,3,24,3,6,100,148,65,0,0,8,0,8,4,0,3,1,1,13,15,29,23,0,13,29,1,27,42,1,0,15,3,0,0,5,34,26,0,122,5,2,77,0,10,1,0,16,5,0,5,0,0,5,0,3,0,3,1,16,5,4,0,3,0,7,9,0,0,0,3,31,8,0,1,0,1,15,2,0,5,13,0,1,76,48,6,0,1,0,1,4,0,2,1,1,0,0,0,0,0,1,13,11,1,0,2,38,102,1,2
seatunnel-82efe6b9feededbdc163862c448e7d4f76f354b4,0,0,21,5,0,0,0,0,4,0,0,6,13,21,0,6,0,4,186,0,6,0,1,8,1,4,0,0,4,9,2,1,1,0,0,0,1,0,2,2,6,0,0,16,11,10,0,0,0,0,14,13,1,0,0,0,10,0,1,0,0,0,6,0,0,4,0,0,0,0,0,0,4,5,2,3,8,0,0,26,1,0,1,0,0,0,0,0,1,6,1,0,0,0,0,0,146,0,0,0,0,0,2,0,1,0,3,0,2,5,1,0,0,0,5,1,4,0,1,0,8,64,43,0,0,0,1,1,0,1,0,0,7,0,0,0,0,0,0,1,2,0,0,0,0,4,0,2
seatunnel-8340222dbc68c71d50f8a8538f66c584f250afa6,0,0,1,0,1,0,0,0,0,3,0,0,8,7,0,18,0,2,0,0,1,0,3,2,0,3,1,0,1,0,6,0,0,0,0,0,0,0,1,4,2,0,0,33,12,5,0,0,0,0,2,8,0,0,0,0,2,0,1,0,0,0,1,0,0,0,0,0,0,0,0,0,3,13,0,0,70,0,0,5,0,0,1,0,0,0,0,1,1,0,0,0,0,0,0,0,0,0,0,0,0,0,2,9,0,0,0,1,2,2,0,0,0,0,5,1,0,0,6,0,1,43,8,0,0,0,0,0,0,0,0,0,0,0,0,0,0,0,0,1,1,0,1,0,0,4,0,0
seatunnel-8343f22edb9525a23d267c7bd4ff92d06ece2e7a,0,0,1,0,1,0,0,0,0,3,0,0,8,7,0,18,0,2,0,0,1,0,3,2,0,3,1,0,1,0,5,0,0,0,0,0,0,0,1,4,2,0,0,33,12,5,0,0,0,0,2,8,0,0,0,0,2,0,1,0,0,0,2,0,0,0,0,0,0,0,0,0,3,13,1,0,68,0,0,5,0,0,1,0,0,0,0,1,1,0,0,0,0,0,0,0,0,0,0,0,0,0,2,9,0,0,0,1,2,2,0,0,0,0,5,1,0,0,6,0,1,46,8,0,0,0,0,0,0,0,0,0,0,0,0,0,0,0,0,2,1,0,1,0,0,4,0,0
seatunnel-8348f1a10895460cba2d65489be4905c5099289b,0,0,8,11,55,23,4,0,6,53,0,0,36,92,0,151,2,4,0,0,0,0,7,5,1,159,8,5,4,10,20,0,0,2,3,0,16,1,6,3,23,3,6,99,148,61,0,0,5,0,7,4,0,3,1,1,12,15,27,27,0,15,28,1,25,42,1,0,16,3,0,0,4,34,26,0,119,3,2,72,0,10,1,0,14,5,0,5,0,0,5,0,3,0,3,1,15,5,2,0,3,0,5,9,0,0,0,2,31,8,0,1,0,1,9,2,0,6,11,0,1,74,42,6,0,1,0,1,4,0,2,1,1,0,0,0,0,0,1,13,14,1,0,1,39,102,1,0
seatunnel-835e65fb922ec1989ff3c2527b067f052b67746a,0,0,17,0,0,0,0,0,0,0,0,0,7,9,0,4,0,0,25,0,0,1,1,0,0,3,0,0,0,0,1,1,0,0,0,0,0,0,2,2,5,0,0,17,11,5,0,0,0,0,1,0,1,0,0,0,0,0,1,0,0,0,0,0,0,0,0,0,0,0,0,0,2,1,0,0,7,0,0,3,0,0,0,0,0,0,0,0,1,1,0,0,0,0,0,0,0,0,0,0,0,0,0,0,0,0,0,0,0,2,0,0,0,0,4,1,0,0,0,0,0,37,2,0,0,0,0,0,0,0,0,0,0,0,0,0,0,0,0,1,1,0,0,0,0,3,0,0
seatunnel-8379aaf8763bb9b3a47eaa8273edcfaa0622ffe9,0,0,10,11,58,17,4,0,6,54,0,1,32,88,0,128,2,4,0,0,0,0,6,5,1,114,8,5,4,6,19,0,0,2,2,0,12,1,7,3,24,2,6,88,120,48,0,0,1,0,9,2,0,6,1,1,10,16,28,21,0,8,26,1,23,42,1,0,14,3,0,0,4,36,16,0,125,3,2,61,0,10,1,0,8,5,0,5,0,0,3,0,3,0,0,1,11,3,2,0,0,0,4,7,0,0,0,2,28,10,0,1,0,1,9,2,0,5,9,0,0,64,37,6,0,1,0,1,4,0,4,1,1,0,0,0,0,0,0,8,12,1,0,0,37,86,1,0
seatunnel-83b147c106d1f0809a9c8e76a6db1e7d6f3c9653,0,0,8,11,55,23,4,0,6,53,0,0,36,92,0,151,2,4,0,0,0,0,7,5,1,159,8,5,4,10,20,0,0,2,3,0,16,1,6,3,23,3,6,99,148,61,0,0,5,0,7,4,0,3,1,1,12,15,27,27,0,15,28,1,25,42,1,0,16,3,0,0,4,34,26,0,119,3,2,72,0,10,1,0,14,5,0,5,0,0,5,0,3,0,3,1,15,5,2,0,3,0,5,9,0,0,0,2,31,8,0,1,0,1,9,2,0,6,11,0,1,74,42,6,0,1,0,1,4,0,2,1,1,0,0,0,0,0,1,13,14,1,0,1,39,102,1,0
seatunnel-83ceb8a1c2f04d6a9dcc4be4deee844ee47387bd,0,0,10,14,57,23,4,0,6,54,0,0,34,96,0,147,2,10,0,0,2,0,8,11,1,125,8,5,4,10,21,0,0,2,3,0,16,1,6,3,23,2,6,98,144,55,0,0,1,0,7,4,0,3,1,1,13,15,29,22,0,13,28,1,26,42,1,0,16,3,0,0,4,38,21,0,119,3,2,76,0,10,1,0,12,5,0,5,0,0,5,0,3,0,3,1,16,4,4,0,3,0,6,8,0,0,0,2,31,8,0,1,0,1,14,2,0,5,10,0,0,72,46,6,0,1,0,1,4,0,4,1,1,0,0,0,0,0,1,13,11,1,0,1,38,96,1,2
seatunnel-83fa97bc4afd61db8647602064138bcc700a00b3,0,0,8,16,64,26,4,2,6,55,0,1,44,117,2,148,2,20,0,1,3,0,5,21,2,142,9,4,4,10,27,0,1,3,3,0,15,1,7,3,25,2,6,106,140,65,2,0,9,1,7,16,4,4,4,3,15,17,28,24,1,11,33,1,31,43,1,3,20,3,0,1,5,25,26,0,129,4,2,77,0,10,3,0,14,4,2,18,0,0,5,0,3,1,1,1,24,7,3,0,1,1,8,9,0,0,0,4,35,8,0,1,0,1,15,6,0,6,9,0,2,79,85,7,0,1,0,1,4,0,2,2,1,0,1,6,0,0,1,11,13,0,1,2,42,106,1,0
seatunnel-840c3e5eb47d222c82dfe054182790b47c4fca30,0,0,8,11,54,23,4,0,6,53,0,0,35,93,0,150,2,4,0,0,0,0,7,5,1,127,8,5,4,10,20,0,0,2,3,0,15,1,6,3,23,2,6,96,146,55,0,0,1,0,7,4,0,3,1,1,12,15,27,24,0,12,28,1,24,42,1,0,16,3,0,0,4,34,20,0,119,3,2,72,0,10,1,0,12,5,0,5,0,0,5,0,3,0,3,1,15,4,2,0,3,0,5,8,0,0,0,2,31,8,0,1,0,1,9,2,0,5,11,0,0,72,42,6,0,1,0,1,4,0,4,1,1,0,0,0,0,0,1,13,11,1,0,1,38,96,1,0
seatunnel-84508fcb659cee36f0061c10e1bfb9151209ee60,0,0,9,11,50,17,4,0,6,53,0,0,27,83,0,120,2,4,0,0,0,0,6,5,1,107,8,5,4,6,18,0,0,2,2,0,12,1,6,3,24,3,6,88,113,49,0,0,1,0,10,3,0,6,1,1,10,15,27,21,0,11,26,1,22,42,1,0,14,3,0,0,3,31,19,0,103,3,2,61,0,10,1,0,8,5,0,5,0,0,4,0,3,0,0,1,14,3,2,0,0,0,4,7,0,0,0,2,29,10,0,1,0,1,9,2,0,5,9,0,0,70,39,6,0,1,0,1,4,0,4,1,1,0,0,0,0,0,0,10,11,1,0,0,35,86,1,0
seatunnel-84b7e3e7281cf4297cd8cb614fa58b0f95b0d560,0,0,12,5,42,9,2,0,0,25,1,1,21,55,0,259,0,3,0,0,0,0,3,3,0,72,1,1,3,8,15,0,0,1,0,1,5,2,13,2,10,4,6,88,93,11,0,2,0,0,4,2,0,1,0,2,0,3,17,19,0,7,6,2,8,3,0,0,3,0,2,0,2,21,9,0,88,0,0,39,0,3,1,0,6,4,0,16,0,1,1,1,0,0,0,0,7,4,1,1,0,0,0,16,0,1,0,0,14,9,0,0,0,0,5,0,0,3,17,1,0,57,19,0,0,0,0,0,0,0,1,1,1,1,0,2,0,0,0,6,2,0,1,0,14,37,0,0
seatunnel-84be0f9fd057b1680d001de38802ce1c28d79f04,0,0,8,16,64,26,4,5,6,55,0,2,44,117,2,150,2,20,0,1,3,0,7,21,2,142,9,4,4,10,27,0,1,3,3,0,15,1,7,3,25,2,6,106,140,66,2,0,9,1,7,16,4,4,4,3,16,17,28,24,1,11,33,1,31,43,1,3,18,3,0,1,5,25,26,0,129,4,2,77,0,10,3,0,14,4,2,18,0,0,5,0,3,1,1,1,24,7,3,0,1,1,8,9,0,0,0,4,35,8,0,1,0,1,15,6,0,6,9,0,2,79,88,7,0,1,0,1,4,0,2,2,1,0,1,6,0,0,1,11,13,0,1,2,42,106,1,0
seatunnel-84e066788b47fee327e5dd2a6ee5f94cc22495b0,0,0,1,0,1,0,0,0,0,3,0,0,8,7,0,18,0,2,0,0,1,0,3,2,0,3,1,0,1,0,6,0,0,0,0,0,0,0,1,4,2,0,0,33,12,5,0,0,0,0,2,8,0,0,0,0,2,0,1,0,0,0,1,0,0,0,0,0,0,0,0,0,3,13,0,0,70,0,0,5,0,0,1,0,0,0,0,1,1,0,0,0,0,0,0,0,0,0,0,0,0,0,2,9,0,0,0,1,2,2,0,0,0,0,5,1,0,0,6,0,1,43,8,0,0,0,0,0,0,0,0,0,0,0,0,0,0,0,0,1,1,0,1,0,0,4,0,0
seatunnel-84f10f20163caadcd23d61f1bb1263acdc03f82c,0,0,10,16,56,25,4,0,6,53,0,0,42,107,2,152,2,14,0,0,3,0,5,15,2,161,8,4,4,10,25,0,1,2,3,0,15,1,5,3,24,3,6,101,148,65,0,0,8,1,8,16,3,4,4,1,15,15,26,22,1,13,32,1,28,43,1,0,14,3,0,1,5,32,25,0,123,4,2,82,0,10,2,0,16,4,0,18,0,0,5,0,3,0,1,1,24,5,4,0,1,1,7,9,0,0,0,3,34,8,0,1,0,1,15,5,0,5,10,0,2,78,71,6,0,1,0,1,4,0,2,1,1,0,0,0,0,0,1,13,10,1,1,2,38,102,1,2
seatunnel-84f6b17c15ac3f82c010322ce2b74ee74b501ac9,0,0,8,6,44,11,1,0,0,24,1,1,14,45,0,277,0,3,0,0,0,0,4,3,0,72,1,1,3,8,14,0,0,1,0,1,5,2,3,2,9,4,6,90,95,10,0,2,0,0,4,2,0,2,0,2,0,1,17,19,0,5,6,0,8,3,0,0,4,0,0,0,2,18,5,0,80,0,0,32,0,1,1,1,6,3,0,15,0,0,2,1,0,0,0,0,5,4,1,1,0,0,2,16,0,0,0,0,6,9,0,0,0,0,5,0,0,3,17,0,0,39,14,0,0,0,0,0,4,0,1,1,0,0,0,0,0,0,0,6,2,0,1,0,12,31,0,0
seatunnel-850f483816c0c8255bdd834dea5864a8a1040260,0,0,14,8,59,14,3,0,6,44,0,1,31,75,0,293,0,4,0,0,0,2,4,4,0,110,2,3,6,8,20,0,0,5,2,1,8,1,6,5,20,5,12,121,124,28,0,2,0,0,4,2,0,3,0,2,5,10,18,25,0,9,24,1,29,44,1,0,11,3,0,0,4,36,16,0,105,2,2,65,0,5,2,0,11,4,0,5,0,0,3,1,3,0,0,1,12,4,2,0,0,0,3,4,0,1,0,2,16,10,0,1,0,1,8,2,0,5,7,0,1,62,33,6,0,0,0,0,4,0,2,1,1,1,0,0,0,0,0,11,7,1,1,0,33,62,1,0
seatunnel-851a066d83fd7676fe126b5fbc3c8948a41a1a23,0,0,1,0,1,0,0,0,0,3,0,0,8,7,0,18,0,2,0,0,1,0,3,2,0,3,1,0,1,0,6,0,0,0,0,0,0,0,1,4,2,0,0,33,12,5,0,0,0,0,2,8,0,0,0,0,2,0,1,0,0,0,2,0,0,0,0,0,0,0,0,0,3,13,1,0,70,0,0,5,0,0,1,0,0,0,0,1,1,0,0,0,0,0,0,0,0,0,0,0,0,0,2,9,0,0,0,1,2,2,0,0,0,0,5,1,0,0,6,0,1,46,8,0,0,0,0,0,0,0,0,0,0,0,0,0,0,0,0,1,1,0,1,0,0,4,0,0
seatunnel-8524796090d88b7f9fb2374ede9a4a592412bf1b,0,0,8,11,55,23,4,0,6,53,0,0,32,93,0,147,2,4,0,0,0,0,8,5,1,119,8,5,4,10,20,0,0,2,3,0,15,1,6,3,22,2,6,96,144,53,0,0,1,0,7,4,0,3,1,1,12,15,27,22,0,13,28,1,22,42,1,0,16,3,0,0,3,34,21,0,119,3,2,70,0,10,1,0,12,5,0,5,0,0,5,0,3,0,3,1,15,4,2,0,3,0,5,8,0,0,0,2,31,8,0,1,0,1,9,2,0,5,10,0,0,72,42,6,0,1,0,1,4,0,4,1,1,0,0,0,0,0,1,13,11,1,0,1,38,96,1,0
seatunnel-852c5ef7f85b2ab5853aafd4aeeef9ef23d0b7b5,0,0,10,11,57,17,4,0,6,53,0,1,34,84,0,125,2,4,0,0,0,0,6,5,1,112,8,5,4,6,20,0,0,2,2,0,12,1,6,3,26,2,6,90,120,47,0,0,1,0,10,2,0,6,1,1,10,15,27,23,0,11,26,1,23,42,1,0,14,3,0,0,3,32,19,0,152,3,2,61,0,10,1,0,8,5,0,5,0,0,3,0,3,0,0,1,11,3,2,0,0,0,4,7,0,0,0,2,29,12,0,1,0,1,9,2,0,5,9,0,0,64,39,6,0,1,0,1,4,0,4,1,1,0,0,0,0,0,0,10,12,1,0,0,35,86,1,0
seatunnel-853d914922ee335515bd562dd605f13bb407234d,0,0,12,5,42,9,2,0,0,25,1,1,21,55,0,259,0,3,0,0,0,0,3,3,0,72,1,1,3,8,15,0,0,1,0,1,5,2,13,2,10,4,6,88,93,11,0,2,0,0,4,2,0,1,0,2,0,3,17,19,0,7,6,2,8,3,0,0,3,0,2,0,2,21,9,0,88,0,0,39,0,3,1,0,6,4,0,16,0,1,1,1,0,0,0,0,7,4,1,1,0,0,0,16,0,1,0,0,14,9,0,0,0,0,5,0,0,3,17,1,0,57,19,0,0,0,0,0,0,0,1,1,1,1,0,2,0,0,0,6,2,0,1,0,14,37,0,0
seatunnel-8540c7f9f33415b88d0878aee57b952934febd1f,0,0,10,15,57,25,4,1,6,55,0,0,45,112,2,152,2,21,0,1,3,0,6,22,2,161,9,4,4,10,28,0,1,2,3,0,15,1,5,3,25,2,6,101,150,65,0,0,9,1,8,16,3,4,4,3,16,17,27,26,1,13,33,1,27,43,1,3,14,3,0,1,5,33,28,0,131,4,2,81,0,10,2,0,17,4,2,18,0,0,5,0,3,0,1,1,26,5,4,0,1,1,7,9,0,0,0,3,36,8,0,1,0,1,15,5,0,4,10,0,3,75,73,6,0,1,0,1,4,0,2,1,1,0,0,6,0,0,1,13,11,1,1,2,43,106,1,2
seatunnel-857358b958d22897ecaa39581909c5bd039f6e3d,0,0,12,7,38,7,1,0,0,25,1,1,19,57,0,240,0,4,0,0,0,0,3,4,0,73,1,1,3,8,12,0,0,1,1,1,5,2,14,2,10,5,6,89,94,14,0,2,0,0,4,2,0,2,0,2,0,5,12,19,0,6,9,2,8,3,0,0,1,0,0,0,2,21,7,0,88,0,0,39,0,3,1,0,6,4,0,16,0,0,1,1,0,0,0,0,7,4,1,1,0,0,3,14,0,1,0,0,13,9,0,0,0,1,5,0,0,3,14,1,0,58,21,0,0,0,0,0,0,0,1,1,1,1,0,0,0,0,0,6,2,0,1,0,13,36,0,0
seatunnel-857f6199222673928c72dc8564f3a924700dd4c8,0,0,12,7,58,11,3,0,6,31,1,1,27,58,0,272,1,4,0,1,0,0,2,4,0,103,2,2,4,8,16,0,0,3,2,0,6,0,15,2,13,5,10,108,109,18,0,2,0,0,4,2,0,4,0,2,2,5,14,23,0,8,8,2,20,44,0,0,13,3,0,0,2,22,9,0,106,0,2,45,0,5,2,0,10,4,0,5,0,0,1,1,0,0,0,0,8,4,2,1,0,0,3,0,0,1,0,0,13,9,0,1,0,1,5,2,0,3,5,0,1,60,24,5,0,0,0,0,1,0,2,1,1,1,0,0,0,0,0,6,5,1,1,0,21,41,0,0
seatunnel-858c5a85366f86abd477732ce59e329021b1c0b2,0,0,5,1,3,1,0,0,0,5,0,0,5,9,0,76,0,3,0,0,0,0,1,3,0,8,1,1,1,4,5,0,0,1,0,0,0,0,1,2,4,0,0,38,12,5,0,2,0,0,3,0,0,1,0,1,0,1,3,3,0,1,0,0,1,2,0,0,0,3,0,0,2,13,1,0,71,0,0,9,0,0,1,0,0,0,0,2,0,0,0,1,0,0,0,0,0,1,1,0,0,0,0,7,0,0,0,0,5,3,0,0,0,0,1,0,0,0,5,0,0,17,6,0,0,0,0,0,0,0,0,0,0,0,0,0,0,0,0,4,0,0,1,0,0,5,0,0
seatunnel-859a4bc20ec01736e3154c5d898870a8bb0579e4,0,0,10,16,56,25,4,0,6,53,0,0,42,107,2,152,2,14,0,0,3,0,5,15,2,161,8,4,4,10,25,0,1,2,3,0,15,1,5,3,24,3,6,101,148,65,0,0,8,1,8,16,3,4,4,1,15,15,26,22,1,13,32,1,28,43,1,0,14,3,0,1,5,32,25,0,123,4,2,82,0,10,2,0,16,4,0,18,0,0,5,0,3,0,1,1,24,5,4,0,1,1,7,9,0,0,0,3,34,8,0,1,0,1,15,5,0,5,10,0,2,78,71,6,0,1,0,1,4,0,2,1,1,0,0,0,0,0,1,13,10,1,1,2,38,102,1,2
seatunnel-85a984a64fc1d529098b6c356207869b4edcbd25,0,0,9,11,50,17,4,0,6,53,0,0,27,83,0,120,2,4,0,0,0,0,6,5,1,106,8,5,4,6,18,0,0,2,3,0,12,1,6,3,24,4,6,88,113,50,0,0,1,0,10,3,0,3,1,1,10,15,27,21,0,12,26,1,22,42,1,0,14,3,0,0,3,31,19,0,103,3,2,61,0,10,1,0,8,5,0,5,0,0,4,0,3,0,0,1,14,3,2,0,0,0,4,7,0,0,0,2,29,10,0,1,0,1,9,2,0,5,9,0,0,70,38,6,0,1,0,1,4,0,4,1,1,0,0,0,0,0,0,10,11,1,0,0,35,86,1,0
seatunnel-85d90580a6476b0cd926507e59b6e30f0d4850fd,0,0,8,16,57,25,4,2,6,55,0,1,44,114,2,149,2,20,0,1,3,0,6,21,2,142,9,4,4,10,29,0,1,3,3,0,15,1,8,3,25,2,6,101,140,64,2,0,9,1,7,16,3,4,4,3,15,17,26,24,1,11,33,1,31,43,1,3,17,3,0,1,5,33,26,0,127,4,2,72,0,10,3,0,14,4,2,18,0,0,5,0,3,0,1,1,24,7,3,0,1,1,8,9,0,0,0,3,35,8,0,1,0,1,15,5,0,6,9,0,2,79,79,7,0,1,0,1,4,0,2,2,1,0,0,6,0,0,1,11,11,1,1,2,42,107,1,0
seatunnel-86082f952d9d7a62c6e89a9472ccad96da4fa625,0,0,8,16,64,26,4,4,6,55,0,2,44,117,2,150,2,20,0,1,3,0,7,21,2,142,9,4,4,10,27,0,1,3,3,0,15,1,7,3,25,2,6,106,140,66,2,0,9,1,7,16,4,4,4,3,16,17,28,24,1,11,33,1,31,43,1,3,18,3,0,1,5,25,26,0,129,4,2,77,0,10,3,0,14,4,2,18,0,0,5,0,3,1,1,1,24,7,3,0,1,1,8,9,0,0,0,4,35,8,0,1,0,1,15,6,0,6,9,0,2,79,86,7,0,1,0,1,4,0,2,2,1,0,1,6,0,0,1,11,13,0,1,2,42,106,1,0
seatunnel-861004d309cb99023cfd1f1ea49a8adbb96d4949,0,0,10,10,58,16,4,0,6,46,0,1,32,83,0,127,2,4,0,0,0,0,6,4,1,111,7,4,4,4,19,0,0,4,2,0,12,1,7,3,24,2,6,90,120,47,0,0,1,0,4,2,0,3,1,1,8,8,28,21,0,8,25,1,30,42,1,0,16,3,0,0,4,36,16,0,125,4,2,60,0,10,1,0,8,5,0,5,0,0,3,0,3,0,0,1,10,2,2,0,0,0,4,7,0,0,0,2,20,10,0,1,0,1,9,2,0,5,9,0,1,62,35,6,0,1,0,1,4,0,4,1,1,0,0,0,0,0,0,8,14,1,0,0,37,85,1,0
seatunnel-86104125ac1237ddb01a66796b351f890861367c,0,0,1,0,0,0,0,0,0,3,0,0,8,18,0,16,0,0,0,0,1,0,2,0,0,4,1,0,1,0,4,0,0,0,0,0,0,0,1,3,3,0,0,26,11,5,0,0,0,0,2,8,0,0,0,0,2,0,1,0,0,0,2,0,0,0,0,0,0,0,0,0,3,11,1,0,6,0,0,2,0,0,1,0,0,0,0,1,1,0,0,0,0,0,0,0,0,0,0,0,0,0,2,7,0,0,0,1,2,2,0,0,0,0,5,1,0,1,5,0,0,45,8,0,0,0,0,0,0,0,0,0,0,0,0,0,0,0,0,2,1,0,1,0,0,4,0,0
seatunnel-862c31e4cb8841465610bae29439fa31da1baf24,0,0,4,1,9,1,0,0,0,4,0,0,10,10,0,82,0,3,0,0,0,0,0,3,0,47,0,0,1,4,6,0,0,2,0,0,2,0,2,2,5,1,3,60,98,8,0,2,0,0,4,0,0,1,0,3,0,0,4,7,0,3,0,0,1,4,0,0,0,0,0,0,3,13,3,0,68,0,0,13,0,0,1,2,0,0,0,1,1,0,1,1,0,0,0,0,1,4,0,0,0,0,0,7,0,0,0,0,2,3,0,0,0,0,6,0,0,1,4,0,0,18,5,0,0,0,0,0,0,0,0,0,0,0,0,0,0,0,0,4,0,0,1,0,2,10,0,0
seatunnel-865ca2bba9060a7e847385c597abb7c50057ff2d,0,0,8,9,62,15,3,0,6,47,0,1,27,77,0,125,2,4,0,0,0,1,5,4,1,107,3,4,4,4,18,0,0,4,2,0,9,1,7,3,20,2,6,88,120,38,0,0,1,0,4,2,0,3,1,1,7,9,25,21,0,6,24,1,32,42,1,0,14,3,0,0,4,32,14,0,121,3,2,59,0,4,1,0,8,4,0,5,0,0,3,0,3,0,0,1,11,2,1,0,0,0,4,7,0,0,0,2,19,10,0,1,0,1,8,2,0,5,5,0,1,61,32,6,0,0,0,1,4,0,5,1,1,0,0,3,0,0,0,7,8,1,0,0,35,70,1,0
seatunnel-8664bb53a53272efd75ea4f5d2e5f242e879c5c3,0,0,12,7,51,12,3,0,6,31,1,1,29,60,0,270,0,3,0,0,0,0,2,3,0,105,2,3,6,8,18,0,0,5,2,0,6,0,17,2,15,5,11,112,109,22,0,2,0,0,4,2,0,3,0,2,2,5,17,24,0,11,18,1,23,44,0,0,12,3,0,0,2,26,12,0,104,2,2,50,0,5,2,0,11,4,0,5,0,0,1,1,3,0,0,0,12,4,2,0,0,0,3,1,0,1,0,1,13,9,0,1,0,1,8,2,0,5,6,0,1,61,30,6,0,0,0,0,4,0,2,1,1,1,0,0,0,0,0,9,4,1,1,0,23,41,0,0
seatunnel-8696b245a03cf6193f0b05f56f56c77c1e791694,0,0,8,5,38,11,1,0,0,18,1,1,14,38,0,224,0,3,0,0,0,0,4,3,0,67,1,1,1,8,14,0,0,1,0,1,5,1,3,2,8,4,6,77,95,10,0,2,0,0,4,2,0,2,0,2,0,1,16,19,0,5,6,0,7,3,0,0,4,0,0,0,2,15,5,0,78,0,0,25,0,1,1,1,6,2,0,6,0,0,2,1,0,0,0,0,4,4,1,0,0,0,2,16,0,0,0,0,6,9,0,0,0,0,4,0,0,3,15,0,0,42,9,0,0,0,0,0,4,0,1,0,0,0,0,0,0,0,0,6,2,0,1,0,12,26,0,0
seatunnel-869ea184a212fe2e96e7aea61844ea0b7198630f,0,0,12,7,51,12,3,0,6,31,1,1,28,61,0,268,0,3,0,0,0,0,2,3,0,103,2,3,6,8,18,0,0,5,2,0,6,0,17,2,15,5,10,112,109,21,0,2,0,0,4,2,0,3,0,2,2,5,14,23,0,11,18,1,23,44,0,0,12,3,0,0,2,26,12,0,104,2,2,50,0,5,2,0,10,4,0,5,0,0,1,1,3,0,0,0,12,4,2,0,0,0,3,1,0,1,0,0,13,9,0,1,0,1,8,2,0,4,6,0,1,57,27,6,0,0,0,0,4,0,2,1,1,1,0,0,0,0,0,9,4,1,1,0,21,41,0,0
seatunnel-86d46503d30da3fc32558dfc65016458bb4ec217,0,0,1,0,0,0,0,0,0,3,0,0,8,18,0,16,0,2,0,0,1,0,2,2,0,3,1,0,1,0,5,0,0,0,0,0,0,0,1,3,2,0,0,26,11,5,0,0,0,0,2,8,0,0,0,0,2,0,1,0,0,0,2,0,0,0,0,0,0,0,0,0,3,12,1,0,8,0,0,2,0,0,1,0,0,0,0,1,1,0,0,0,0,0,0,0,0,0,0,0,0,0,2,7,0,0,0,1,2,2,0,0,0,0,5,1,0,0,5,0,1,46,8,0,0,0,0,0,0,0,0,0,0,0,0,0,0,0,0,2,1,0,1,0,0,4,0,0
seatunnel-86df925b82f7a7db00d764412bd32427f3de6e46,0,0,12,7,54,10,2,0,0,25,1,1,15,50,0,286,0,3,0,0,0,0,4,3,0,73,1,1,3,8,17,0,0,1,0,1,5,2,12,2,11,4,6,93,95,13,0,2,0,0,4,2,0,2,0,2,0,2,26,19,0,8,7,0,8,3,0,0,3,0,2,0,2,21,11,0,92,0,0,39,0,3,1,1,6,4,0,15,0,1,1,1,0,0,0,0,8,4,1,1,0,0,0,18,0,1,0,0,12,9,0,0,0,0,8,0,0,3,19,1,0,46,18,0,0,0,0,0,0,0,1,1,0,1,0,2,0,0,0,6,2,0,1,0,13,33,0,0
seatunnel-87001dfd16200c745557fb3be02a75939585a641,0,0,8,16,57,25,4,1,6,55,0,1,44,114,2,149,2,20,0,1,3,0,6,21,2,142,9,4,4,10,29,0,1,3,3,0,15,1,8,3,25,2,6,101,140,64,2,0,9,1,7,16,3,4,4,3,15,17,26,24,1,11,33,1,31,43,1,3,17,3,0,1,5,33,26,0,127,4,2,72,0,10,3,0,14,4,2,18,0,0,5,0,3,0,1,1,24,7,3,0,1,1,8,9,0,0,0,3,35,8,0,1,0,1,15,5,0,6,9,0,2,79,78,7,0,1,0,1,4,0,2,2,1,0,0,6,0,0,1,11,11,1,1,2,42,107,1,0
seatunnel-8714052e3249bd07b9461bbb0649298d8d3815fa,0,0,1,0,1,0,0,0,0,3,0,0,8,7,0,25,0,3,0,0,1,0,1,3,0,3,1,0,1,0,4,0,0,6,0,0,0,0,1,3,2,0,0,26,8,2,0,2,2,0,2,8,0,0,0,0,2,0,4,2,0,0,1,0,0,0,0,0,0,0,0,0,2,14,0,0,72,0,0,6,0,0,1,0,0,0,0,1,1,0,0,1,0,0,0,0,0,0,0,0,0,0,2,4,0,0,0,1,2,2,0,0,0,0,5,0,0,0,3,0,1,12,12,0,0,0,0,0,0,0,0,0,0,0,0,0,0,0,0,1,0,0,1,0,0,4,0,0
seatunnel-8722880bdaafe4a52a38b0146add513ee8cae3e0,0,0,5,5,0,0,0,0,4,0,0,0,13,23,0,6,0,4,0,0,1,0,2,8,1,4,1,0,4,0,2,1,0,0,0,0,1,0,2,2,5,0,0,17,11,10,0,0,0,0,13,13,0,0,0,0,10,0,1,1,0,0,5,0,0,4,0,0,0,0,0,0,4,5,3,4,8,0,0,3,1,0,1,0,0,0,0,0,1,6,1,0,0,0,0,0,147,0,0,0,0,0,2,6,0,0,0,0,6,5,1,0,0,0,5,1,4,0,1,0,2,48,38,0,0,0,0,1,0,1,0,0,7,0,0,0,0,0,0,1,2,0,0,0,0,4,0,2
seatunnel-8737474a5d02747afc05b797e886893176bb0d0e,0,0,5,1,3,1,0,0,0,5,0,0,5,9,0,76,0,3,0,0,0,0,1,3,0,8,1,1,1,4,5,0,0,1,0,0,0,0,1,2,4,0,0,38,12,5,0,2,0,0,3,0,0,1,0,1,0,1,3,3,0,1,0,0,1,2,0,0,0,3,0,0,2,13,1,0,71,0,0,9,0,0,1,0,0,0,0,2,0,0,0,1,0,0,0,0,0,1,1,0,0,0,0,7,0,0,0,0,5,3,0,0,0,0,1,0,0,0,5,0,0,17,6,0,0,0,0,0,0,0,0,0,0,0,0,0,0,0,0,4,0,0,1,0,0,5,0,0
seatunnel-87505e66af999eb3921203b8b10f03a16b8c9751,0,0,10,15,57,25,4,1,6,53,0,0,44,112,2,152,2,21,0,0,3,0,6,22,2,160,9,4,4,10,28,0,1,2,3,0,15,1,5,3,25,2,6,101,150,65,0,0,9,1,8,16,3,4,4,3,16,15,27,26,1,13,33,1,27,43,1,3,14,3,0,1,5,33,28,0,131,4,2,81,0,10,2,0,17,4,2,18,0,0,5,0,3,0,1,1,24,5,4,0,1,1,7,9,0,0,0,3,34,8,0,1,0,1,15,5,0,4,10,0,3,75,73,6,0,1,0,1,4,0,2,1,1,0,0,6,0,0,1,13,11,1,1,2,42,106,1,2
seatunnel-875d8f851c6a2d1f7a39889bb7eb6e99adea24ae,0,0,1,0,0,0,0,0,0,3,0,0,8,18,0,15,0,0,0,0,1,0,2,0,0,4,1,0,1,0,4,0,0,0,0,0,0,0,1,3,3,0,0,24,11,5,0,0,0,0,2,8,0,0,0,0,2,0,1,0,0,0,2,0,0,0,0,0,0,0,0,0,3,7,1,0,6,0,0,1,0,0,1,0,0,0,0,1,1,0,0,0,0,0,0,0,0,0,0,0,0,0,2,7,0,0,0,1,2,2,0,0,0,0,5,1,0,1,5,0,0,45,8,0,0,0,0,0,0,0,0,0,0,0,0,0,0,0,0,2,1,0,1,0,0,4,0,0
seatunnel-87d0624c5b2f8884b9cb84bac9399a6426aa30e9,0,0,8,6,44,11,1,0,0,24,1,1,14,45,0,275,0,3,0,0,0,0,4,3,0,72,1,1,2,8,14,0,0,1,0,1,5,2,3,2,9,4,6,90,95,10,0,2,0,0,4,2,0,2,0,2,0,1,17,19,0,5,6,0,8,3,0,0,4,0,0,0,2,16,5,0,80,0,0,32,0,1,1,1,6,3,0,15,0,0,2,1,0,0,0,0,5,4,1,0,0,0,2,16,0,0,0,0,6,9,0,0,0,0,5,0,0,3,17,0,0,39,14,0,0,0,0,0,4,0,1,1,0,0,0,0,0,0,0,6,2,0,1,0,12,28,0,0
seatunnel-8801c6091bde5fc3d44bea6aa6f192f45b054755,0,0,2,10,48,10,2,0,0,24,0,2,10,38,0,218,0,6,0,0,0,0,6,6,0,52,0,2,0,0,18,0,0,0,0,0,4,0,0,0,8,2,4,72,84,8,0,0,0,0,2,4,0,0,0,2,0,0,26,18,0,4,6,0,4,0,0,0,12,0,0,0,0,2,4,0,106,0,0,22,0,2,0,2,0,4,0,8,0,0,0,0,0,0,0,0,4,0,0,0,0,0,4,20,0,0,0,0,4,16,0,0,0,0,0,0,0,6,22,0,0,12,8,0,0,0,0,0,8,0,2,0,0,0,0,0,0,0,0,4,0,0,0,0,8,18,0,0
